generation,map_index,token_ratio,explore_dist,min_fitness,max_fitness,mean_fitness,median_fitness,sd,se,var,n,ancestors
0,0,0.000000,0.000000,0,0,0.000000,0,0.000000,0.000000,0.000000,0,0
0,1,0.000000,0.100000,0,0,0.000000,0,0.000000,0.000000,0.000000,0,0
0,2,0.000000,0.200000,0,0,0.000000,0,0.000000,0.000000,0.000000,0,0
0,3,0.000000,0.300000,0,0,0.000000,0,0.000000,0.000000,0.000000,0,0
0,4,0.000000,0.400000,0,0,0.000000,0,0.000000,0.000000,0.000000,0,0
0,5,0.000000,0.500000,0,0,0.000000,0,0.000000,0.000000,0.000000,0,0
0,6,0.000000,0.600000,0,0,0.000000,0,0.000000,0.000000,0.000000,0,0
0,7,0.000000,0.700000,0,0,0.000000,0,0.000000,0.000000,0.000000,0,0
0,8,0.000000,0.800000,0,0,0.000000,0,0.000000,0.000000,0.000000,0,0
0,9,0.000000,0.900000,0,0,0.000000,0,0.000000,0.000000,0.000000,0,0
0,10,0.100000,0.000000,0,0,0.000000,0,0.000000,0.000000,0.000000,0,0
0,11,0.100000,0.100000,0,0,0.000000,0,0.000000,0.000000,0.000000,0,0
0,12,0.100000,0.200000,0,0,0.000000,0,0.000000,0.000000,0.000000,0,0
0,13,0.100000,0.300000,0,0,0.000000,0,0.000000,0.000000,0.000000,0,0
0,14,0.100000,0.400000,0,0,0.000000,0,0.000000,0.000000,0.000000,0,0
0,15,0.100000,0.500000,0,0,0.000000,0,0.000000,0.000000,0.000000,0,0
0,16,0.100000,0.600000,0,0,0.000000,0,0.000000,0.000000,0.000000,0,0
0,17,0.100000,0.700000,0,0,0.000000,0,0.000000,0.000000,0.000000,0,0
0,18,0.100000,0.800000,0,0,0.000000,0,0.000000,0.000000,0.000000,0,0
0,19,0.100000,0.900000,0,0,0.000000,0,0.000000,0.000000,0.000000,0,0
0,20,0.200000,0.000000,0,0,0.000000,0,0.000000,0.000000,0.000000,0,0
0,21,0.200000,0.100000,0,0,0.000000,0,0.000000,0.000000,0.000000,0,0
0,22,0.200000,0.200000,0,0,0.000000,0,0.000000,0.000000,0.000000,0,0
0,23,0.200000,0.300000,0,0,0.000000,0,0.000000,0.000000,0.000000,0,0
0,24,0.200000,0.400000,0,0,0.000000,0,0.000000,0.000000,0.000000,0,0
0,25,0.200000,0.500000,0,0,0.000000,0,0.000000,0.000000,0.000000,0,0
0,26,0.200000,0.600000,0,0,0.000000,0,0.000000,0.000000,0.000000,0,0
0,27,0.200000,0.700000,0,0,0.000000,0,0.000000,0.000000,0.000000,0,0
0,28,0.200000,0.800000,0,0,0.000000,0,0.000000,0.000000,0.000000,0,0
0,29,0.200000,0.900000,0,0,0.000000,0,0.000000,0.000000,0.000000,0,0
0,30,0.300000,0.000000,0,0,0.000000,0,0.000000,0.000000,0.000000,0,0
0,31,0.300000,0.100000,0,0,0.000000,0,0.000000,0.000000,0.000000,0,0
0,32,0.300000,0.200000,0,0,0.000000,0,0.000000,0.000000,0.000000,0,0
0,33,0.300000,0.300000,0,0,0.000000,0,0.000000,0.000000,0.000000,0,0
0,34,0.300000,0.400000,0,0,0.000000,0,0.000000,0.000000,0.000000,0,0
0,35,0.300000,0.500000,0,0,0.000000,0,0.000000,0.000000,0.000000,0,0
0,36,0.300000,0.600000,0,0,0.000000,0,0.000000,0.000000,0.000000,0,0
0,37,0.300000,0.700000,0,0,0.000000,0,0.000000,0.000000,0.000000,0,0
0,38,0.300000,0.800000,0,0,0.000000,0,0.000000,0.000000,0.000000,0,0
0,39,0.300000,0.900000,0,0,0.000000,0,0.000000,0.000000,0.000000,0,0
0,40,0.400000,0.000000,0,0,0.000000,0,0.000000,0.000000,0.000000,0,0
0,41,0.400000,0.100000,0,0,0.000000,0,0.000000,0.000000,0.000000,0,0
0,42,0.400000,0.200000,0,0,0.000000,0,0.000000,0.000000,0.000000,0,0
0,43,0.400000,0.300000,0,0,0.000000,0,0.000000,0.000000,0.000000,0,0
0,44,0.400000,0.400000,0,0,0.000000,0,0.000000,0.000000,0.000000,0,0
0,45,0.400000,0.500000,0,0,0.000000,0,0.000000,0.000000,0.000000,0,0
0,46,0.400000,0.600000,0,0,0.000000,0,0.000000,0.000000,0.000000,0,0
0,47,0.400000,0.700000,0,0,0.000000,0,0.000000,0.000000,0.000000,0,0
0,48,0.400000,0.800000,0,0,0.000000,0,0.000000,0.000000,0.000000,0,0
0,49,0.400000,0.900000,0,0,0.000000,0,0.000000,0.000000,0.000000,0,0
0,50,0.500000,0.000000,0,0,0.000000,0,0.000000,0.000000,0.000000,0,0
0,51,0.500000,0.100000,0,0,0.000000,0,0.000000,0.000000,0.000000,0,0
0,52,0.500000,0.200000,0,0,0.000000,0,0.000000,0.000000,0.000000,0,0
0,53,0.500000,0.300000,0,0,0.000000,0,0.000000,0.000000,0.000000,0,0
0,54,0.500000,0.400000,0,0,0.000000,0,0.000000,0.000000,0.000000,0,0
0,55,0.500000,0.500000,0,0,0.000000,0,0.000000,0.000000,0.000000,0,0
0,56,0.500000,0.600000,0,0,0.000000,0,0.000000,0.000000,0.000000,0,0
0,57,0.500000,0.700000,0,0,0.000000,0,0.000000,0.000000,0.000000,0,0
0,58,0.500000,0.800000,0,0,0.000000,0,0.000000,0.000000,0.000000,0,0
0,59,0.500000,0.900000,0,0,0.000000,0,0.000000,0.000000,0.000000,0,0
0,60,0.600000,0.000000,0,0,0.000000,0,0.000000,0.000000,0.000000,0,0
0,61,0.600000,0.100000,0,0,0.000000,0,0.000000,0.000000,0.000000,0,0
0,62,0.600000,0.200000,0,0,0.000000,0,0.000000,0.000000,0.000000,0,0
0,63,0.600000,0.300000,0,0,0.000000,0,0.000000,0.000000,0.000000,0,0
0,64,0.600000,0.400000,0,0,0.000000,0,0.000000,0.000000,0.000000,0,0
0,65,0.600000,0.500000,0,0,0.000000,0,0.000000,0.000000,0.000000,0,0
0,66,0.600000,0.600000,0,0,0.000000,0,0.000000,0.000000,0.000000,0,0
0,67,0.600000,0.700000,0,0,0.000000,0,0.000000,0.000000,0.000000,0,0
0,68,0.600000,0.800000,0,0,0.000000,0,0.000000,0.000000,0.000000,0,0
0,69,0.600000,0.900000,0,0,0.000000,0,0.000000,0.000000,0.000000,0,0
0,70,0.700000,0.000000,0,0,0.000000,0,0.000000,0.000000,0.000000,0,0
0,71,0.700000,0.100000,0,0,0.000000,0,0.000000,0.000000,0.000000,0,0
0,72,0.700000,0.200000,0,0,0.000000,0,0.000000,0.000000,0.000000,0,0
0,73,0.700000,0.300000,0,0,0.000000,0,0.000000,0.000000,0.000000,0,0
0,74,0.700000,0.400000,0,0,0.000000,0,0.000000,0.000000,0.000000,0,0
0,75,0.700000,0.500000,0,0,0.000000,0,0.000000,0.000000,0.000000,0,0
0,76,0.700000,0.600000,0,0,0.000000,0,0.000000,0.000000,0.000000,0,0
0,77,0.700000,0.700000,0,0,0.000000,0,0.000000,0.000000,0.000000,0,0
0,78,0.700000,0.800000,0,0,0.000000,0,0.000000,0.000000,0.000000,0,0
0,79,0.700000,0.900000,0,0,0.000000,0,0.000000,0.000000,0.000000,0,0
0,80,0.800000,0.000000,0,0,0.000000,0,0.000000,0.000000,0.000000,0,0
0,81,0.800000,0.100000,0,0,0.000000,0,0.000000,0.000000,0.000000,0,0
0,82,0.800000,0.200000,0,0,0.000000,0,0.000000,0.000000,0.000000,0,0
0,83,0.800000,0.300000,0,0,0.000000,0,0.000000,0.000000,0.000000,0,0
0,84,0.800000,0.400000,0,0,0.000000,0,0.000000,0.000000,0.000000,0,0
0,85,0.800000,0.500000,0,0,0.000000,0,0.000000,0.000000,0.000000,0,0
0,86,0.800000,0.600000,0,0,0.000000,0,0.000000,0.000000,0.000000,0,0
0,87,0.800000,0.700000,0,0,0.000000,0,0.000000,0.000000,0.000000,0,0
0,88,0.800000,0.800000,0,0,0.000000,0,0.000000,0.000000,0.000000,0,0
0,89,0.800000,0.900000,0,0,0.000000,0,0.000000,0.000000,0.000000,0,0
0,90,0.900000,0.000000,0,0,0.000000,0,0.000000,0.000000,0.000000,0,0
0,91,0.900000,0.100000,0,0,0.000000,0,0.000000,0.000000,0.000000,0,0
0,92,0.900000,0.200000,0,0,0.000000,0,0.000000,0.000000,0.000000,0,0
0,93,0.900000,0.300000,0,0,0.000000,0,0.000000,0.000000,0.000000,0,0
0,94,0.900000,0.400000,0,0,0.000000,0,0.000000,0.000000,0.000000,0,0
0,95,0.900000,0.500000,0,0,0.000000,0,0.000000,0.000000,0.000000,0,0
0,96,0.900000,0.600000,0,0,0.000000,0,0.000000,0.000000,0.000000,0,0
0,97,0.900000,0.700000,0,0,0.000000,0,0.000000,0.000000,0.000000,0,0
0,98,0.900000,0.800000,0,0,0.000000,0,0.000000,0.000000,0.000000,0,0
0,99,0.900000,0.900000,0,0,0.000000,0,0.000000,0.000000,0.000000,0,0
1,0,0.000000,0.000000,0,7,0.000000,7,7.814393,2.167323,61.064738,13,1
1,1,0.000000,0.100000,0,0,0.000000,0,0.000000,0.000000,0.000000,0,0
1,2,0.000000,0.200000,0,0,0.000000,0,0.000000,0.000000,0.000000,0,0
1,3,0.000000,0.300000,0,0,0.000000,0,0.000000,0.000000,0.000000,0,0
1,4,0.000000,0.400000,0,0,0.000000,0,0.000000,0.000000,0.000000,0,0
1,5,0.000000,0.500000,0,0,0.000000,0,0.000000,0.000000,0.000000,0,0
1,6,0.000000,0.600000,0,0,0.000000,0,0.000000,0.000000,0.000000,0,0
1,7,0.000000,0.700000,0,0,0.000000,0,0.000000,0.000000,0.000000,0,0
1,8,0.000000,0.800000,0,0,0.000000,0,0.000000,0.000000,0.000000,0,0
1,9,0.000000,0.900000,0,60,0.000000,60,57.424669,5.742467,3297.592620,100,4
1,10,0.100000,0.000000,0,0,0.000000,0,0.000000,0.000000,0.000000,0,0
1,11,0.100000,0.100000,0,0,0.000000,0,0.000000,0.000000,0.000000,0,0
1,12,0.100000,0.200000,0,0,0.000000,0,0.000000,0.000000,0.000000,0,0
1,13,0.100000,0.300000,0,0,0.000000,0,0.000000,0.000000,0.000000,0,0
1,14,0.100000,0.400000,0,0,0.000000,0,0.000000,0.000000,0.000000,0,0
1,15,0.100000,0.500000,0,0,0.000000,0,0.000000,0.000000,0.000000,0,0
1,16,0.100000,0.600000,0,0,0.000000,0,0.000000,0.000000,0.000000,0,0
1,17,0.100000,0.700000,0,0,0.000000,0,0.000000,0.000000,0.000000,0,0
1,18,0.100000,0.800000,0,0,0.000000,0,0.000000,0.000000,0.000000,0,0
1,19,0.100000,0.900000,0,0,0.000000,0,0.000000,0.000000,0.000000,0,0
1,20,0.200000,0.000000,0,0,0.000000,0,0.000000,0.000000,0.000000,0,0
1,21,0.200000,0.100000,0,0,0.000000,0,0.000000,0.000000,0.000000,0,0
1,22,0.200000,0.200000,0,0,0.000000,0,0.000000,0.000000,0.000000,0,0
1,23,0.200000,0.300000,0,0,0.000000,0,0.000000,0.000000,0.000000,0,0
1,24,0.200000,0.400000,0,0,0.000000,0,0.000000,0.000000,0.000000,0,0
1,25,0.200000,0.500000,0,0,0.000000,0,0.000000,0.000000,0.000000,0,0
1,26,0.200000,0.600000,0,0,0.000000,0,0.000000,0.000000,0.000000,0,0
1,27,0.200000,0.700000,0,0,0.000000,0,0.000000,0.000000,0.000000,0,0
1,28,0.200000,0.800000,0,0,0.000000,0,0.000000,0.000000,0.000000,0,0
1,29,0.200000,0.900000,0,0,0.000000,0,0.000000,0.000000,0.000000,0,0
1,30,0.300000,0.000000,0,0,0.000000,0,0.000000,0.000000,0.000000,0,0
1,31,0.300000,0.100000,0,0,0.000000,0,0.000000,0.000000,0.000000,0,0
1,32,0.300000,0.200000,0,0,0.000000,0,0.000000,0.000000,0.000000,0,0
1,33,0.300000,0.300000,0,0,0.000000,0,0.000000,0.000000,0.000000,0,0
1,34,0.300000,0.400000,0,0,0.000000,0,0.000000,0.000000,0.000000,0,0
1,35,0.300000,0.500000,0,0,0.000000,0,0.000000,0.000000,0.000000,0,0
1,36,0.300000,0.600000,0,0,0.000000,0,0.000000,0.000000,0.000000,0,0
1,37,0.300000,0.700000,0,0,0.000000,0,0.000000,0.000000,0.000000,0,0
1,38,0.300000,0.800000,0,0,0.000000,0,0.000000,0.000000,0.000000,0,0
1,39,0.300000,0.900000,0,0,0.000000,0,0.000000,0.000000,0.000000,0,0
1,40,0.400000,0.000000,0,0,0.000000,0,0.000000,0.000000,0.000000,0,0
1,41,0.400000,0.100000,0,0,0.000000,0,0.000000,0.000000,0.000000,0,0
1,42,0.400000,0.200000,0,0,0.000000,0,0.000000,0.000000,0.000000,0,0
1,43,0.400000,0.300000,0,0,0.000000,0,0.000000,0.000000,0.000000,0,0
1,44,0.400000,0.400000,0,0,0.000000,0,0.000000,0.000000,0.000000,0,0
1,45,0.400000,0.500000,0,0,0.000000,0,0.000000,0.000000,0.000000,0,0
1,46,0.400000,0.600000,0,0,0.000000,0,0.000000,0.000000,0.000000,0,0
1,47,0.400000,0.700000,0,0,0.000000,0,0.000000,0.000000,0.000000,0,0
1,48,0.400000,0.800000,0,0,0.000000,0,0.000000,0.000000,0.000000,0,0
1,49,0.400000,0.900000,0,0,0.000000,0,0.000000,0.000000,0.000000,99,71
1,50,0.500000,0.000000,0,0,0.000000,0,0.000000,0.000000,0.000000,0,0
1,51,0.500000,0.100000,0,0,0.000000,0,0.000000,0.000000,0.000000,0,0
1,52,0.500000,0.200000,0,0,0.000000,0,0.000000,0.000000,0.000000,0,0
1,53,0.500000,0.300000,0,0,0.000000,0,0.000000,0.000000,0.000000,0,0
1,54,0.500000,0.400000,0,0,0.000000,0,0.000000,0.000000,0.000000,0,0
1,55,0.500000,0.500000,0,0,0.000000,0,0.000000,0.000000,0.000000,0,0
1,56,0.500000,0.600000,0,0,0.000000,0,0.000000,0.000000,0.000000,0,0
1,57,0.500000,0.700000,0,0,0.000000,0,0.000000,0.000000,0.000000,0,0
1,58,0.500000,0.800000,0,0,0.000000,0,0.000000,0.000000,0.000000,0,0
1,59,0.500000,0.900000,0,0,0.000000,0,0.000000,0.000000,0.000000,0,0
1,60,0.600000,0.000000,0,0,0.000000,0,0.000000,0.000000,0.000000,0,0
1,61,0.600000,0.100000,0,0,0.000000,0,0.000000,0.000000,0.000000,0,0
1,62,0.600000,0.200000,0,0,0.000000,0,0.000000,0.000000,0.000000,0,0
1,63,0.600000,0.300000,0,0,0.000000,0,0.000000,0.000000,0.000000,0,0
1,64,0.600000,0.400000,0,0,0.000000,0,0.000000,0.000000,0.000000,0,0
1,65,0.600000,0.500000,0,0,0.000000,0,0.000000,0.000000,0.000000,0,0
1,66,0.600000,0.600000,0,0,0.000000,0,0.000000,0.000000,0.000000,0,0
1,67,0.600000,0.700000,0,0,0.000000,0,0.000000,0.000000,0.000000,0,0
1,68,0.600000,0.800000,0,0,0.000000,0,0.000000,0.000000,0.000000,0,0
1,69,0.600000,0.900000,0,0,0.000000,0,0.000000,0.000000,0.000000,0,0
1,70,0.700000,0.000000,0,0,0.000000,0,0.000000,0.000000,0.000000,0,0
1,71,0.700000,0.100000,0,0,0.000000,0,0.000000,0.000000,0.000000,0,0
1,72,0.700000,0.200000,0,0,0.000000,0,0.000000,0.000000,0.000000,0,0
1,73,0.700000,0.300000,0,0,0.000000,0,0.000000,0.000000,0.000000,0,0
1,74,0.700000,0.400000,0,0,0.000000,0,0.000000,0.000000,0.000000,0,0
1,75,0.700000,0.500000,0,0,0.000000,0,0.000000,0.000000,0.000000,0,0
1,76,0.700000,0.600000,0,0,0.000000,0,0.000000,0.000000,0.000000,0,0
1,77,0.700000,0.700000,0,0,0.000000,0,0.000000,0.000000,0.000000,0,0
1,78,0.700000,0.800000,0,0,0.000000,0,0.000000,0.000000,0.000000,0,0
1,79,0.700000,0.900000,0,0,0.000000,0,0.000000,0.000000,0.000000,0,0
1,80,0.800000,0.000000,0,0,0.000000,0,0.000000,0.000000,0.000000,0,0
1,81,0.800000,0.100000,0,0,0.000000,0,0.000000,0.000000,0.000000,0,0
1,82,0.800000,0.200000,0,0,0.000000,0,0.000000,0.000000,0.000000,0,0
1,83,0.800000,0.300000,0,0,0.000000,0,0.000000,0.000000,0.000000,0,0
1,84,0.800000,0.400000,0,0,0.000000,0,0.000000,0.000000,0.000000,0,0
1,85,0.800000,0.500000,0,0,0.000000,0,0.000000,0.000000,0.000000,0,0
1,86,0.800000,0.600000,0,0,0.000000,0,0.000000,0.000000,0.000000,0,0
1,87,0.800000,0.700000,0,0,0.000000,0,0.000000,0.000000,0.000000,0,0
1,88,0.800000,0.800000,0,0,0.000000,0,0.000000,0.000000,0.000000,0,0
1,89,0.800000,0.900000,0,0,0.000000,0,0.000000,0.000000,0.000000,0,0
1,90,0.900000,0.000000,0,0,0.000000,0,0.000000,0.000000,0.000000,0,0
1,91,0.900000,0.100000,0,0,0.000000,0,0.000000,0.000000,0.000000,0,0
1,92,0.900000,0.200000,0,0,0.000000,0,0.000000,0.000000,0.000000,0,0
1,93,0.900000,0.300000,0,0,0.000000,0,0.000000,0.000000,0.000000,0,0
1,94,0.900000,0.400000,0,0,0.000000,0,0.000000,0.000000,0.000000,0,0
1,95,0.900000,0.500000,0,0,0.000000,0,0.000000,0.000000,0.000000,0,0
1,96,0.900000,0.600000,0,0,0.000000,0,0.000000,0.000000,0.000000,0,0
1,97,0.900000,0.700000,0,0,0.000000,0,0.000000,0.000000,0.000000,0,0
1,98,0.900000,0.800000,0,0,0.000000,0,0.000000,0.000000,0.000000,0,0
1,99,0.900000,0.900000,0,23,0.000000,23,19.184432,1.978723,368.042423,94,2
2,0,0.000000,0.000000,0,68,0.000000,54,59.189266,5.918927,3503.369255,100,7
2,1,0.000000,0.100000,0,0,0.000000,0,0.000000,0.000000,0.000000,0,0
2,2,0.000000,0.200000,0,0,0.000000,0,0.000000,0.000000,0.000000,0,0
2,3,0.000000,0.300000,0,0,0.000000,0,0.000000,0.000000,0.000000,0,0
2,4,0.000000,0.400000,0,0,0.000000,0,0.000000,0.000000,0.000000,0,0
2,5,0.000000,0.500000,0,0,0.000000,0,0.000000,0.000000,0.000000,0,0
2,6,0.000000,0.600000,0,0,0.000000,0,0.000000,0.000000,0.000000,0,0
2,7,0.000000,0.700000,0,0,0.000000,0,0.000000,0.000000,0.000000,0,0
2,8,0.000000,0.800000,0,0,0.000000,0,0.000000,0.000000,0.000000,0,0
2,9,0.000000,0.900000,0,60,0.000000,60,60.279786,6.027979,3633.652642,100,1
2,10,0.100000,0.000000,0,0,0.000000,0,0.000000,0.000000,0.000000,0,0
2,11,0.100000,0.100000,0,0,0.000000,0,0.000000,0.000000,0.000000,0,0
2,12,0.100000,0.200000,0,0,0.000000,0,0.000000,0.000000,0.000000,0,0
2,13,0.100000,0.300000,0,0,0.000000,0,0.000000,0.000000,0.000000,0,0
2,14,0.100000,0.400000,0,0,0.000000,0,0.000000,0.000000,0.000000,0,0
2,15,0.100000,0.500000,0,0,0.000000,0,0.000000,0.000000,0.000000,0,0
2,16,0.100000,0.600000,0,0,0.000000,0,0.000000,0.000000,0.000000,0,0
2,17,0.100000,0.700000,0,0,0.000000,0,0.000000,0.000000,0.000000,0,0
2,18,0.100000,0.800000,0,0,0.000000,0,0.000000,0.000000,0.000000,0,0
2,19,0.100000,0.900000,0,0,0.000000,0,0.000000,0.000000,0.000000,0,0
2,20,0.200000,0.000000,0,0,0.000000,0,0.000000,0.000000,0.000000,0,0
2,21,0.200000,0.100000,0,0,0.000000,0,0.000000,0.000000,0.000000,0,0
2,22,0.200000,0.200000,0,0,0.000000,0,0.000000,0.000000,0.000000,0,0
2,23,0.200000,0.300000,0,0,0.000000,0,0.000000,0.000000,0.000000,0,0
2,24,0.200000,0.400000,0,0,0.000000,0,0.000000,0.000000,0.000000,0,0
2,25,0.200000,0.500000,0,0,0.000000,0,0.000000,0.000000,0.000000,0,0
2,26,0.200000,0.600000,0,0,0.000000,0,0.000000,0.000000,0.000000,0,0
2,27,0.200000,0.700000,0,0,0.000000,0,0.000000,0.000000,0.000000,0,0
2,28,0.200000,0.800000,0,0,0.000000,0,0.000000,0.000000,0.000000,0,0
2,29,0.200000,0.900000,0,0,0.000000,0,0.000000,0.000000,0.000000,0,0
2,30,0.300000,0.000000,0,0,0.000000,0,0.000000,0.000000,0.000000,0,0
2,31,0.300000,0.100000,0,0,0.000000,0,0.000000,0.000000,0.000000,0,0
2,32,0.300000,0.200000,0,0,0.000000,0,0.000000,0.000000,0.000000,0,0
2,33,0.300000,0.300000,0,0,0.000000,0,0.000000,0.000000,0.000000,0,0
2,34,0.300000,0.400000,0,0,0.000000,0,0.000000,0.000000,0.000000,0,0
2,35,0.300000,0.500000,0,0,0.000000,0,0.000000,0.000000,0.000000,0,0
2,36,0.300000,0.600000,0,0,0.000000,0,0.000000,0.000000,0.000000,0,0
2,37,0.300000,0.700000,0,0,0.000000,0,0.000000,0.000000,0.000000,0,0
2,38,0.300000,0.800000,0,0,0.000000,0,0.000000,0.000000,0.000000,0,0
2,39,0.300000,0.900000,0,0,0.000000,0,0.000000,0.000000,0.000000,0,0
2,40,0.400000,0.000000,0,0,0.000000,0,0.000000,0.000000,0.000000,97,45
2,41,0.400000,0.100000,0,0,0.000000,0,0.000000,0.000000,0.000000,0,0
2,42,0.400000,0.200000,0,0,0.000000,0,0.000000,0.000000,0.000000,0,0
2,43,0.400000,0.300000,0,0,0.000000,0,0.000000,0.000000,0.000000,0,0
2,44,0.400000,0.400000,0,0,0.000000,0,0.000000,0.000000,0.000000,0,0
2,45,0.400000,0.500000,0,0,0.000000,0,0.000000,0.000000,0.000000,0,0
2,46,0.400000,0.600000,0,0,0.000000,0,0.000000,0.000000,0.000000,0,0
2,47,0.400000,0.700000,0,0,0.000000,0,0.000000,0.000000,0.000000,0,0
2,48,0.400000,0.800000,0,0,0.000000,0,0.000000,0.000000,0.000000,0,0
2,49,0.400000,0.900000,0,0,0.000000,0,0.000000,0.000000,0.000000,100,71
2,50,0.500000,0.000000,0,0,0.000000,0,0.000000,0.000000,0.000000,0,0
2,51,0.500000,0.100000,0,0,0.000000,0,0.000000,0.000000,0.000000,0,0
2,52,0.500000,0.200000,0,0,0.000000,0,0.000000,0.000000,0.000000,0,0
2,53,0.500000,0.300000,0,0,0.000000,0,0.000000,0.000000,0.000000,0,0
2,54,0.500000,0.400000,0,0,0.000000,0,0.000000,0.000000,0.000000,0,0
2,55,0.500000,0.500000,0,0,0.000000,0,0.000000,0.000000,0.000000,0,0
2,56,0.500000,0.600000,0,0,0.000000,0,0.000000,0.000000,0.000000,0,0
2,57,0.500000,0.700000,0,0,0.000000,0,0.000000,0.000000,0.000000,0,0
2,58,0.500000,0.800000,0,0,0.000000,0,0.000000,0.000000,0.000000,0,0
2,59,0.500000,0.900000,0,0,0.000000,0,0.000000,0.000000,0.000000,0,0
2,60,0.600000,0.000000,0,0,0.000000,0,0.000000,0.000000,0.000000,0,0
2,61,0.600000,0.100000,0,0,0.000000,0,0.000000,0.000000,0.000000,0,0
2,62,0.600000,0.200000,0,0,0.000000,0,0.000000,0.000000,0.000000,0,0
2,63,0.600000,0.300000,0,0,0.000000,0,0.000000,0.000000,0.000000,0,0
2,64,0.600000,0.400000,0,0,0.000000,0,0.000000,0.000000,0.000000,0,0
2,65,0.600000,0.500000,0,0,0.000000,0,0.000000,0.000000,0.000000,0,0
2,66,0.600000,0.600000,0,0,0.000000,0,0.000000,0.000000,0.000000,0,0
2,67,0.600000,0.700000,0,0,0.000000,0,0.000000,0.000000,0.000000,0,0
2,68,0.600000,0.800000,0,0,0.000000,0,0.000000,0.000000,0.000000,0,0
2,69,0.600000,0.900000,0,0,0.000000,0,0.000000,0.000000,0.000000,0,0
2,70,0.700000,0.000000,0,0,0.000000,0,0.000000,0.000000,0.000000,0,0
2,71,0.700000,0.100000,0,0,0.000000,0,0.000000,0.000000,0.000000,0,0
2,72,0.700000,0.200000,0,0,0.000000,0,0.000000,0.000000,0.000000,0,0
2,73,0.700000,0.300000,0,0,0.000000,0,0.000000,0.000000,0.000000,0,0
2,74,0.700000,0.400000,0,0,0.000000,0,0.000000,0.000000,0.000000,0,0
2,75,0.700000,0.500000,0,0,0.000000,0,0.000000,0.000000,0.000000,0,0
2,76,0.700000,0.600000,0,0,0.000000,0,0.000000,0.000000,0.000000,0,0
2,77,0.700000,0.700000,0,0,0.000000,0,0.000000,0.000000,0.000000,0,0
2,78,0.700000,0.800000,0,0,0.000000,0,0.000000,0.000000,0.000000,0,0
2,79,0.700000,0.900000,0,0,0.000000,0,0.000000,0.000000,0.000000,0,0
2,80,0.800000,0.000000,0,0,0.000000,0,0.000000,0.000000,0.000000,0,0
2,81,0.800000,0.100000,0,0,0.000000,0,0.000000,0.000000,0.000000,0,0
2,82,0.800000,0.200000,0,0,0.000000,0,0.000000,0.000000,0.000000,0,0
2,83,0.800000,0.300000,0,0,0.000000,0,0.000000,0.000000,0.000000,0,0
2,84,0.800000,0.400000,0,0,0.000000,0,0.000000,0.000000,0.000000,0,0
2,85,0.800000,0.500000,0,0,0.000000,0,0.000000,0.000000,0.000000,0,0
2,86,0.800000,0.600000,0,0,0.000000,0,0.000000,0.000000,0.000000,0,0
2,87,0.800000,0.700000,0,0,0.000000,0,0.000000,0.000000,0.000000,0,0
2,88,0.800000,0.800000,0,0,0.000000,0,0.000000,0.000000,0.000000,0,0
2,89,0.800000,0.900000,0,0,0.000000,0,0.000000,0.000000,0.000000,0,0
2,90,0.900000,0.000000,0,0,0.000000,0,0.000000,0.000000,0.000000,0,0
2,91,0.900000,0.100000,0,0,0.000000,0,0.000000,0.000000,0.000000,0,0
2,92,0.900000,0.200000,0,0,0.000000,0,0.000000,0.000000,0.000000,0,0
2,93,0.900000,0.300000,0,0,0.000000,0,0.000000,0.000000,0.000000,0,0
2,94,0.900000,0.400000,0,0,0.000000,0,0.000000,0.000000,0.000000,0,0
2,95,0.900000,0.500000,0,0,0.000000,0,0.000000,0.000000,0.000000,0,0
2,96,0.900000,0.600000,0,0,0.000000,0,0.000000,0.000000,0.000000,0,0
2,97,0.900000,0.700000,0,0,0.000000,0,0.000000,0.000000,0.000000,0,0
2,98,0.900000,0.800000,0,0,0.000000,0,0.000000,0.000000,0.000000,0,0
2,99,0.900000,0.900000,0,34,0.000000,34,31.198238,3.119824,973.330024,100,2
3,0,0.000000,0.000000,0,68,0.000000,68,68.562922,6.856292,4700.874207,100,1
3,1,0.000000,0.100000,0,0,0.000000,0,0.000000,0.000000,0.000000,0,0
3,2,0.000000,0.200000,0,0,0.000000,0,0.000000,0.000000,0.000000,0,0
3,3,0.000000,0.300000,0,0,0.000000,0,0.000000,0.000000,0.000000,0,0
3,4,0.000000,0.400000,0,0,0.000000,0,0.000000,0.000000,0.000000,0,0
3,5,0.000000,0.500000,0,0,0.000000,0,0.000000,0.000000,0.000000,0,0
3,6,0.000000,0.600000,0,0,0.000000,0,0.000000,0.000000,0.000000,0,0
3,7,0.000000,0.700000,0,0,0.000000,0,0.000000,0.000000,0.000000,0,0
3,8,0.000000,0.800000,0,0,0.000000,0,0.000000,0.000000,0.000000,0,0
3,9,0.000000,0.900000,0,60,0.000000,60,60.279786,6.027979,3633.652642,100,1
3,10,0.100000,0.000000,0,0,0.000000,0,0.000000,0.000000,0.000000,0,0
3,11,0.100000,0.100000,0,0,0.000000,0,0.000000,0.000000,0.000000,0,0
3,12,0.100000,0.200000,0,0,0.000000,0,0.000000,0.000000,0.000000,0,0
3,13,0.100000,0.300000,0,0,0.000000,0,0.000000,0.000000,0.000000,0,0
3,14,0.100000,0.400000,0,0,0.000000,0,0.000000,0.000000,0.000000,0,0
3,15,0.100000,0.500000,0,0,0.000000,0,0.000000,0.000000,0.000000,0,0
3,16,0.100000,0.600000,0,0,0.000000,0,0.000000,0.000000,0.000000,0,0
3,17,0.100000,0.700000,0,0,0.000000,0,0.000000,0.000000,0.000000,0,0
3,18,0.100000,0.800000,0,0,0.000000,0,0.000000,0.000000,0.000000,0,0
3,19,0.100000,0.900000,0,0,0.000000,0,0.000000,0.000000,0.000000,0,0
3,20,0.200000,0.000000,0,0,0.000000,0,0.000000,0.000000,0.000000,0,0
3,21,0.200000,0.100000,0,0,0.000000,0,0.000000,0.000000,0.000000,0,0
3,22,0.200000,0.200000,0,0,0.000000,0,0.000000,0.000000,0.000000,0,0
3,23,0.200000,0.300000,0,0,0.000000,0,0.000000,0.000000,0.000000,0,0
3,24,0.200000,0.400000,0,0,0.000000,0,0.000000,0.000000,0.000000,0,0
3,25,0.200000,0.500000,0,0,0.000000,0,0.000000,0.000000,0.000000,0,0
3,26,0.200000,0.600000,0,0,0.000000,0,0.000000,0.000000,0.000000,0,0
3,27,0.200000,0.700000,0,0,0.000000,0,0.000000,0.000000,0.000000,0,0
3,28,0.200000,0.800000,0,0,0.000000,0,0.000000,0.000000,0.000000,0,0
3,29,0.200000,0.900000,0,0,0.000000,0,0.000000,0.000000,0.000000,0,0
3,30,0.300000,0.000000,0,0,0.000000,0,0.000000,0.000000,0.000000,0,0
3,31,0.300000,0.100000,0,0,0.000000,0,0.000000,0.000000,0.000000,0,0
3,32,0.300000,0.200000,0,0,0.000000,0,0.000000,0.000000,0.000000,0,0
3,33,0.300000,0.300000,0,0,0.000000,0,0.000000,0.000000,0.000000,0,0
3,34,0.300000,0.400000,0,0,0.000000,0,0.000000,0.000000,0.000000,0,0
3,35,0.300000,0.500000,0,0,0.000000,0,0.000000,0.000000,0.000000,0,0
3,36,0.300000,0.600000,0,0,0.000000,0,0.000000,0.000000,0.000000,0,0
3,37,0.300000,0.700000,0,0,0.000000,0,0.000000,0.000000,0.000000,0,0
3,38,0.300000,0.800000,0,0,0.000000,0,0.000000,0.000000,0.000000,0,0
3,39,0.300000,0.900000,0,0,0.000000,0,0.000000,0.000000,0.000000,0,0
3,40,0.400000,0.000000,0,0,0.000000,0,0.000000,0.000000,0.000000,100,45
3,41,0.400000,0.100000,0,0,0.000000,0,0.000000,0.000000,0.000000,0,0
3,42,0.400000,0.200000,0,0,0.000000,0,0.000000,0.000000,0.000000,0,0
3,43,0.400000,0.300000,0,0,0.000000,0,0.000000,0.000000,0.000000,0,0
3,44,0.400000,0.400000,0,0,0.000000,0,0.000000,0.000000,0.000000,0,0
3,45,0.400000,0.500000,0,0,0.000000,0,0.000000,0.000000,0.000000,0,0
3,46,0.400000,0.600000,0,0,0.000000,0,0.000000,0.000000,0.000000,0,0
3,47,0.400000,0.700000,0,0,0.000000,0,0.000000,0.000000,0.000000,0,0
3,48,0.400000,0.800000,0,0,0.000000,0,0.000000,0.000000,0.000000,0,0
3,49,0.400000,0.900000,0,0,0.000000,0,0.000000,0.000000,0.000000,100,71
3,50,0.500000,0.000000,0,0,0.000000,0,0.000000,0.000000,0.000000,0,0
3,51,0.500000,0.100000,0,0,0.000000,0,0.000000,0.000000,0.000000,0,0
3,52,0.500000,0.200000,0,0,0.000000,0,0.000000,0.000000,0.000000,0,0
3,53,0.500000,0.300000,0,0,0.000000,0,0.000000,0.000000,0.000000,0,0
3,54,0.500000,0.400000,0,0,0.000000,0,0.000000,0.000000,0.000000,0,0
3,55,0.500000,0.500000,0,0,0.000000,0,0.000000,0.000000,0.000000,0,0
3,56,0.500000,0.600000,0,0,0.000000,0,0.000000,0.000000,0.000000,0,0
3,57,0.500000,0.700000,0,0,0.000000,0,0.000000,0.000000,0.000000,0,0
3,58,0.500000,0.800000,0,0,0.000000,0,0.000000,0.000000,0.000000,0,0
3,59,0.500000,0.900000,0,0,0.000000,0,0.000000,0.000000,0.000000,0,0
3,60,0.600000,0.000000,0,0,0.000000,0,0.000000,0.000000,0.000000,0,0
3,61,0.600000,0.100000,0,0,0.000000,0,0.000000,0.000000,0.000000,0,0
3,62,0.600000,0.200000,0,0,0.000000,0,0.000000,0.000000,0.000000,0,0
3,63,0.600000,0.300000,0,0,0.000000,0,0.000000,0.000000,0.000000,0,0
3,64,0.600000,0.400000,0,0,0.000000,0,0.000000,0.000000,0.000000,0,0
3,65,0.600000,0.500000,0,0,0.000000,0,0.000000,0.000000,0.000000,0,0
3,66,0.600000,0.600000,0,0,0.000000,0,0.000000,0.000000,0.000000,0,0
3,67,0.600000,0.700000,0,0,0.000000,0,0.000000,0.000000,0.000000,0,0
3,68,0.600000,0.800000,0,0,0.000000,0,0.000000,0.000000,0.000000,0,0
3,69,0.600000,0.900000,0,0,0.000000,0,0.000000,0.000000,0.000000,0,0
3,70,0.700000,0.000000,0,0,0.000000,0,0.000000,0.000000,0.000000,0,0
3,71,0.700000,0.100000,0,0,0.000000,0,0.000000,0.000000,0.000000,0,0
3,72,0.700000,0.200000,0,0,0.000000,0,0.000000,0.000000,0.000000,0,0
3,73,0.700000,0.300000,0,0,0.000000,0,0.000000,0.000000,0.000000,0,0
3,74,0.700000,0.400000,0,0,0.000000,0,0.000000,0.000000,0.000000,0,0
3,75,0.700000,0.500000,0,0,0.000000,0,0.000000,0.000000,0.000000,0,0
3,76,0.700000,0.600000,0,0,0.000000,0,0.000000,0.000000,0.000000,0,0
3,77,0.700000,0.700000,0,0,0.000000,0,0.000000,0.000000,0.000000,0,0
3,78,0.700000,0.800000,0,0,0.000000,0,0.000000,0.000000,0.000000,0,0
3,79,0.700000,0.900000,0,0,0.000000,0,0.000000,0.000000,0.000000,0,0
3,80,0.800000,0.000000,0,0,0.000000,0,0.000000,0.000000,0.000000,0,0
3,81,0.800000,0.100000,0,0,0.000000,0,0.000000,0.000000,0.000000,0,0
3,82,0.800000,0.200000,0,0,0.000000,0,0.000000,0.000000,0.000000,0,0
3,83,0.800000,0.300000,0,0,0.000000,0,0.000000,0.000000,0.000000,0,0
3,84,0.800000,0.400000,0,0,0.000000,0,0.000000,0.000000,0.000000,0,0
3,85,0.800000,0.500000,0,0,0.000000,0,0.000000,0.000000,0.000000,0,0
3,86,0.800000,0.600000,0,0,0.000000,0,0.000000,0.000000,0.000000,0,0
3,87,0.800000,0.700000,0,0,0.000000,0,0.000000,0.000000,0.000000,0,0
3,88,0.800000,0.800000,0,0,0.000000,0,0.000000,0.000000,0.000000,0,0
3,89,0.800000,0.900000,0,0,0.000000,0,0.000000,0.000000,0.000000,0,0
3,90,0.900000,0.000000,0,0,0.000000,0,0.000000,0.000000,0.000000,0,0
3,91,0.900000,0.100000,0,0,0.000000,0,0.000000,0.000000,0.000000,0,0
3,92,0.900000,0.200000,0,0,0.000000,0,0.000000,0.000000,0.000000,0,0
3,93,0.900000,0.300000,0,0,0.000000,0,0.000000,0.000000,0.000000,0,0
3,94,0.900000,0.400000,0,0,0.000000,0,0.000000,0.000000,0.000000,0,0
3,95,0.900000,0.500000,0,0,0.000000,0,0.000000,0.000000,0.000000,0,0
3,96,0.900000,0.600000,0,0,0.000000,0,0.000000,0.000000,0.000000,0,0
3,97,0.900000,0.700000,0,0,0.000000,0,0.000000,0.000000,0.000000,0,0
3,98,0.900000,0.800000,0,0,0.000000,0,0.000000,0.000000,0.000000,0,0
3,99,0.900000,0.900000,0,34,0.000000,34,34.210526,3.421053,1170.360111,100,2
4,0,0.000000,0.000000,0,68,0.000000,68,68.562922,6.856292,4700.874207,100,1
4,1,0.000000,0.100000,0,0,0.000000,0,0.000000,0.000000,0.000000,0,0
4,2,0.000000,0.200000,0,0,0.000000,0,0.000000,0.000000,0.000000,0,0
4,3,0.000000,0.300000,0,0,0.000000,0,0.000000,0.000000,0.000000,0,0
4,4,0.000000,0.400000,0,0,0.000000,0,0.000000,0.000000,0.000000,0,0
4,5,0.000000,0.500000,0,0,0.000000,0,0.000000,0.000000,0.000000,0,0
4,6,0.000000,0.600000,0,0,0.000000,0,0.000000,0.000000,0.000000,0,0
4,7,0.000000,0.700000,0,0,0.000000,0,0.000000,0.000000,0.000000,0,0
4,8,0.000000,0.800000,0,0,0.000000,0,0.000000,0.000000,0.000000,0,0
4,9,0.000000,0.900000,0,60,0.000000,60,60.279786,6.027979,3633.652642,100,1
4,10,0.100000,0.000000,0,0,0.000000,0,0.000000,0.000000,0.000000,0,0
4,11,0.100000,0.100000,0,0,0.000000,0,0.000000,0.000000,0.000000,0,0
4,12,0.100000,0.200000,0,0,0.000000,0,0.000000,0.000000,0.000000,0,0
4,13,0.100000,0.300000,0,0,0.000000,0,0.000000,0.000000,0.000000,0,0
4,14,0.100000,0.400000,0,0,0.000000,0,0.000000,0.000000,0.000000,0,0
4,15,0.100000,0.500000,0,0,0.000000,0,0.000000,0.000000,0.000000,0,0
4,16,0.100000,0.600000,0,0,0.000000,0,0.000000,0.000000,0.000000,0,0
4,17,0.100000,0.700000,0,0,0.000000,0,0.000000,0.000000,0.000000,0,0
4,18,0.100000,0.800000,0,0,0.000000,0,0.000000,0.000000,0.000000,0,0
4,19,0.100000,0.900000,0,0,0.000000,0,0.000000,0.000000,0.000000,0,0
4,20,0.200000,0.000000,0,0,0.000000,0,0.000000,0.000000,0.000000,0,0
4,21,0.200000,0.100000,0,0,0.000000,0,0.000000,0.000000,0.000000,0,0
4,22,0.200000,0.200000,0,0,0.000000,0,0.000000,0.000000,0.000000,0,0
4,23,0.200000,0.300000,0,0,0.000000,0,0.000000,0.000000,0.000000,0,0
4,24,0.200000,0.400000,0,0,0.000000,0,0.000000,0.000000,0.000000,0,0
4,25,0.200000,0.500000,0,0,0.000000,0,0.000000,0.000000,0.000000,0,0
4,26,0.200000,0.600000,0,0,0.000000,0,0.000000,0.000000,0.000000,0,0
4,27,0.200000,0.700000,0,0,0.000000,0,0.000000,0.000000,0.000000,0,0
4,28,0.200000,0.800000,0,0,0.000000,0,0.000000,0.000000,0.000000,0,0
4,29,0.200000,0.900000,0,0,0.000000,0,0.000000,0.000000,0.000000,0,0
4,30,0.300000,0.000000,0,0,0.000000,0,0.000000,0.000000,0.000000,0,0
4,31,0.300000,0.100000,0,0,0.000000,0,0.000000,0.000000,0.000000,0,0
4,32,0.300000,0.200000,0,0,0.000000,0,0.000000,0.000000,0.000000,0,0
4,33,0.300000,0.300000,0,0,0.000000,0,0.000000,0.000000,0.000000,0,0
4,34,0.300000,0.400000,0,0,0.000000,0,0.000000,0.000000,0.000000,0,0
4,35,0.300000,0.500000,0,0,0.000000,0,0.000000,0.000000,0.000000,0,0
4,36,0.300000,0.600000,0,0,0.000000,0,0.000000,0.000000,0.000000,0,0
4,37,0.300000,0.700000,0,0,0.000000,0,0.000000,0.000000,0.000000,0,0
4,38,0.300000,0.800000,0,0,0.000000,0,0.000000,0.000000,0.000000,0,0
4,39,0.300000,0.900000,0,0,0.000000,0,0.000000,0.000000,0.000000,0,0
4,40,0.400000,0.000000,0,0,0.000000,0,0.000000,0.000000,0.000000,100,45
4,41,0.400000,0.100000,0,0,0.000000,0,0.000000,0.000000,0.000000,0,0
4,42,0.400000,0.200000,0,0,0.000000,0,0.000000,0.000000,0.000000,0,0
4,43,0.400000,0.300000,0,0,0.000000,0,0.000000,0.000000,0.000000,0,0
4,44,0.400000,0.400000,0,0,0.000000,0,0.000000,0.000000,0.000000,0,0
4,45,0.400000,0.500000,0,0,0.000000,0,0.000000,0.000000,0.000000,0,0
4,46,0.400000,0.600000,0,0,0.000000,0,0.000000,0.000000,0.000000,0,0
4,47,0.400000,0.700000,0,0,0.000000,0,0.000000,0.000000,0.000000,0,0
4,48,0.400000,0.800000,0,0,0.000000,0,0.000000,0.000000,0.000000,0,0
4,49,0.400000,0.900000,0,0,0.000000,0,0.000000,0.000000,0.000000,100,71
4,50,0.500000,0.000000,0,0,0.000000,0,0.000000,0.000000,0.000000,0,0
4,51,0.500000,0.100000,0,0,0.000000,0,0.000000,0.000000,0.000000,0,0
4,52,0.500000,0.200000,0,0,0.000000,0,0.000000,0.000000,0.000000,0,0
4,53,0.500000,0.300000,0,0,0.000000,0,0.000000,0.000000,0.000000,0,0
4,54,0.500000,0.400000,0,0,0.000000,0,0.000000,0.000000,0.000000,0,0
4,55,0.500000,0.500000,0,0,0.000000,0,0.000000,0.000000,0.000000,0,0
4,56,0.500000,0.600000,0,0,0.000000,0,0.000000,0.000000,0.000000,0,0
4,57,0.500000,0.700000,0,0,0.000000,0,0.000000,0.000000,0.000000,0,0
4,58,0.500000,0.800000,0,0,0.000000,0,0.000000,0.000000,0.000000,0,0
4,59,0.500000,0.900000,0,0,0.000000,0,0.000000,0.000000,0.000000,0,0
4,60,0.600000,0.000000,0,0,0.000000,0,0.000000,0.000000,0.000000,0,0
4,61,0.600000,0.100000,0,0,0.000000,0,0.000000,0.000000,0.000000,0,0
4,62,0.600000,0.200000,0,0,0.000000,0,0.000000,0.000000,0.000000,0,0
4,63,0.600000,0.300000,0,0,0.000000,0,0.000000,0.000000,0.000000,0,0
4,64,0.600000,0.400000,0,0,0.000000,0,0.000000,0.000000,0.000000,0,0
4,65,0.600000,0.500000,0,0,0.000000,0,0.000000,0.000000,0.000000,0,0
4,66,0.600000,0.600000,0,0,0.000000,0,0.000000,0.000000,0.000000,0,0
4,67,0.600000,0.700000,0,0,0.000000,0,0.000000,0.000000,0.000000,0,0
4,68,0.600000,0.800000,0,0,0.000000,0,0.000000,0.000000,0.000000,0,0
4,69,0.600000,0.900000,0,0,0.000000,0,0.000000,0.000000,0.000000,0,0
4,70,0.700000,0.000000,0,0,0.000000,0,0.000000,0.000000,0.000000,0,0
4,71,0.700000,0.100000,0,0,0.000000,0,0.000000,0.000000,0.000000,0,0
4,72,0.700000,0.200000,0,0,0.000000,0,0.000000,0.000000,0.000000,0,0
4,73,0.700000,0.300000,0,0,0.000000,0,0.000000,0.000000,0.000000,0,0
4,74,0.700000,0.400000,0,0,0.000000,0,0.000000,0.000000,0.000000,0,0
4,75,0.700000,0.500000,0,0,0.000000,0,0.000000,0.000000,0.000000,0,0
4,76,0.700000,0.600000,0,0,0.000000,0,0.000000,0.000000,0.000000,0,0
4,77,0.700000,0.700000,0,0,0.000000,0,0.000000,0.000000,0.000000,0,0
4,78,0.700000,0.800000,0,0,0.000000,0,0.000000,0.000000,0.000000,0,0
4,79,0.700000,0.900000,0,0,0.000000,0,0.000000,0.000000,0.000000,0,0
4,80,0.800000,0.000000,0,0,0.000000,0,0.000000,0.000000,0.000000,0,0
4,81,0.800000,0.100000,0,0,0.000000,0,0.000000,0.000000,0.000000,0,0
4,82,0.800000,0.200000,0,0,0.000000,0,0.000000,0.000000,0.000000,0,0
4,83,0.800000,0.300000,0,0,0.000000,0,0.000000,0.000000,0.000000,0,0
4,84,0.800000,0.400000,0,0,0.000000,0,0.000000,0.000000,0.000000,0,0
4,85,0.800000,0.500000,0,0,0.000000,0,0.000000,0.000000,0.000000,0,0
4,86,0.800000,0.600000,0,0,0.000000,0,0.000000,0.000000,0.000000,0,0
4,87,0.800000,0.700000,0,0,0.000000,0,0.000000,0.000000,0.000000,0,0
4,88,0.800000,0.800000,0,0,0.000000,0,0.000000,0.000000,0.000000,0,0
4,89,0.800000,0.900000,0,0,0.000000,0,0.000000,0.000000,0.000000,0,0
4,90,0.900000,0.000000,0,0,0.000000,0,0.000000,0.000000,0.000000,0,0
4,91,0.900000,0.100000,0,0,0.000000,0,0.000000,0.000000,0.000000,0,0
4,92,0.900000,0.200000,0,0,0.000000,0,0.000000,0.000000,0.000000,0,0
4,93,0.900000,0.300000,0,0,0.000000,0,0.000000,0.000000,0.000000,0,0
4,94,0.900000,0.400000,0,0,0.000000,0,0.000000,0.000000,0.000000,0,0
4,95,0.900000,0.500000,0,0,0.000000,0,0.000000,0.000000,0.000000,0,0
4,96,0.900000,0.600000,0,0,0.000000,0,0.000000,0.000000,0.000000,0,0
4,97,0.900000,0.700000,0,0,0.000000,0,0.000000,0.000000,0.000000,0,0
4,98,0.900000,0.800000,0,0,0.000000,0,0.000000,0.000000,0.000000,0,0
4,99,0.900000,0.900000,0,34,0.000000,34,34.210526,3.421053,1170.360111,100,2
5,0,0.000000,0.000000,0,70,0.000000,70,69.543812,6.954381,4836.341761,100,2
5,1,0.000000,0.100000,0,0,0.000000,0,0.000000,0.000000,0.000000,0,0
5,2,0.000000,0.200000,0,0,0.000000,0,0.000000,0.000000,0.000000,0,0
5,3,0.000000,0.300000,0,0,0.000000,0,0.000000,0.000000,0.000000,0,0
5,4,0.000000,0.400000,0,0,0.000000,0,0.000000,0.000000,0.000000,0,0
5,5,0.000000,0.500000,0,0,0.000000,0,0.000000,0.000000,0.000000,0,0
5,6,0.000000,0.600000,0,0,0.000000,0,0.000000,0.000000,0.000000,0,0
5,7,0.000000,0.700000,0,0,0.000000,0,0.000000,0.000000,0.000000,0,0
5,8,0.000000,0.800000,0,0,0.000000,0,0.000000,0.000000,0.000000,0,0
5,9,0.000000,0.900000,0,60,0.000000,60,60.279786,6.027979,3633.652642,100,1
5,10,0.100000,0.000000,0,0,0.000000,0,0.000000,0.000000,0.000000,0,0
5,11,0.100000,0.100000,0,0,0.000000,0,0.000000,0.000000,0.000000,0,0
5,12,0.100000,0.200000,0,0,0.000000,0,0.000000,0.000000,0.000000,0,0
5,13,0.100000,0.300000,0,0,0.000000,0,0.000000,0.000000,0.000000,0,0
5,14,0.100000,0.400000,0,0,0.000000,0,0.000000,0.000000,0.000000,0,0
5,15,0.100000,0.500000,0,0,0.000000,0,0.000000,0.000000,0.000000,0,0
5,16,0.100000,0.600000,0,0,0.000000,0,0.000000,0.000000,0.000000,0,0
5,17,0.100000,0.700000,0,0,0.000000,0,0.000000,0.000000,0.000000,0,0
5,18,0.100000,0.800000,0,0,0.000000,0,0.000000,0.000000,0.000000,0,0
5,19,0.100000,0.900000,0,0,0.000000,0,0.000000,0.000000,0.000000,0,0
5,20,0.200000,0.000000,0,0,0.000000,0,0.000000,0.000000,0.000000,0,0
5,21,0.200000,0.100000,0,0,0.000000,0,0.000000,0.000000,0.000000,0,0
5,22,0.200000,0.200000,0,0,0.000000,0,0.000000,0.000000,0.000000,0,0
5,23,0.200000,0.300000,0,0,0.000000,0,0.000000,0.000000,0.000000,0,0
5,24,0.200000,0.400000,0,0,0.000000,0,0.000000,0.000000,0.000000,0,0
5,25,0.200000,0.500000,0,0,0.000000,0,0.000000,0.000000,0.000000,0,0
5,26,0.200000,0.600000,0,0,0.000000,0,0.000000,0.000000,0.000000,0,0
5,27,0.200000,0.700000,0,0,0.000000,0,0.000000,0.000000,0.000000,0,0
5,28,0.200000,0.800000,0,0,0.000000,0,0.000000,0.000000,0.000000,0,0
5,29,0.200000,0.900000,0,0,0.000000,0,0.000000,0.000000,0.000000,0,0
5,30,0.300000,0.000000,0,0,0.000000,0,0.000000,0.000000,0.000000,0,0
5,31,0.300000,0.100000,0,0,0.000000,0,0.000000,0.000000,0.000000,0,0
5,32,0.300000,0.200000,0,0,0.000000,0,0.000000,0.000000,0.000000,0,0
5,33,0.300000,0.300000,0,0,0.000000,0,0.000000,0.000000,0.000000,0,0
5,34,0.300000,0.400000,0,0,0.000000,0,0.000000,0.000000,0.000000,0,0
5,35,0.300000,0.500000,0,0,0.000000,0,0.000000,0.000000,0.000000,0,0
5,36,0.300000,0.600000,0,0,0.000000,0,0.000000,0.000000,0.000000,0,0
5,37,0.300000,0.700000,0,0,0.000000,0,0.000000,0.000000,0.000000,0,0
5,38,0.300000,0.800000,0,0,0.000000,0,0.000000,0.000000,0.000000,0,0
5,39,0.300000,0.900000,0,0,0.000000,0,0.000000,0.000000,0.000000,0,0
5,40,0.400000,0.000000,0,0,0.000000,0,0.000000,0.000000,0.000000,100,45
5,41,0.400000,0.100000,0,0,0.000000,0,0.000000,0.000000,0.000000,0,0
5,42,0.400000,0.200000,0,0,0.000000,0,0.000000,0.000000,0.000000,0,0
5,43,0.400000,0.300000,0,0,0.000000,0,0.000000,0.000000,0.000000,0,0
5,44,0.400000,0.400000,0,0,0.000000,0,0.000000,0.000000,0.000000,0,0
5,45,0.400000,0.500000,0,0,0.000000,0,0.000000,0.000000,0.000000,0,0
5,46,0.400000,0.600000,0,0,0.000000,0,0.000000,0.000000,0.000000,0,0
5,47,0.400000,0.700000,0,0,0.000000,0,0.000000,0.000000,0.000000,0,0
5,48,0.400000,0.800000,0,0,0.000000,0,0.000000,0.000000,0.000000,0,0
5,49,0.400000,0.900000,0,0,0.000000,0,0.000000,0.000000,0.000000,100,71
5,50,0.500000,0.000000,0,0,0.000000,0,0.000000,0.000000,0.000000,0,0
5,51,0.500000,0.100000,0,0,0.000000,0,0.000000,0.000000,0.000000,0,0
5,52,0.500000,0.200000,0,0,0.000000,0,0.000000,0.000000,0.000000,0,0
5,53,0.500000,0.300000,0,0,0.000000,0,0.000000,0.000000,0.000000,0,0
5,54,0.500000,0.400000,0,0,0.000000,0,0.000000,0.000000,0.000000,0,0
5,55,0.500000,0.500000,0,0,0.000000,0,0.000000,0.000000,0.000000,0,0
5,56,0.500000,0.600000,0,0,0.000000,0,0.000000,0.000000,0.000000,0,0
5,57,0.500000,0.700000,0,0,0.000000,0,0.000000,0.000000,0.000000,0,0
5,58,0.500000,0.800000,0,0,0.000000,0,0.000000,0.000000,0.000000,0,0
5,59,0.500000,0.900000,0,0,0.000000,0,0.000000,0.000000,0.000000,0,0
5,60,0.600000,0.000000,0,0,0.000000,0,0.000000,0.000000,0.000000,0,0
5,61,0.600000,0.100000,0,0,0.000000,0,0.000000,0.000000,0.000000,0,0
5,62,0.600000,0.200000,0,0,0.000000,0,0.000000,0.000000,0.000000,0,0
5,63,0.600000,0.300000,0,0,0.000000,0,0.000000,0.000000,0.000000,0,0
5,64,0.600000,0.400000,0,0,0.000000,0,0.000000,0.000000,0.000000,0,0
5,65,0.600000,0.500000,0,0,0.000000,0,0.000000,0.000000,0.000000,0,0
5,66,0.600000,0.600000,0,0,0.000000,0,0.000000,0.000000,0.000000,0,0
5,67,0.600000,0.700000,0,0,0.000000,0,0.000000,0.000000,0.000000,0,0
5,68,0.600000,0.800000,0,0,0.000000,0,0.000000,0.000000,0.000000,0,0
5,69,0.600000,0.900000,0,0,0.000000,0,0.000000,0.000000,0.000000,0,0
5,70,0.700000,0.000000,0,0,0.000000,0,0.000000,0.000000,0.000000,0,0
5,71,0.700000,0.100000,0,0,0.000000,0,0.000000,0.000000,0.000000,0,0
5,72,0.700000,0.200000,0,0,0.000000,0,0.000000,0.000000,0.000000,0,0
5,73,0.700000,0.300000,0,0,0.000000,0,0.000000,0.000000,0.000000,0,0
5,74,0.700000,0.400000,0,0,0.000000,0,0.000000,0.000000,0.000000,0,0
5,75,0.700000,0.500000,0,0,0.000000,0,0.000000,0.000000,0.000000,0,0
5,76,0.700000,0.600000,0,0,0.000000,0,0.000000,0.000000,0.000000,0,0
5,77,0.700000,0.700000,0,0,0.000000,0,0.000000,0.000000,0.000000,0,0
5,78,0.700000,0.800000,0,0,0.000000,0,0.000000,0.000000,0.000000,0,0
5,79,0.700000,0.900000,0,0,0.000000,0,0.000000,0.000000,0.000000,0,0
5,80,0.800000,0.000000,0,0,0.000000,0,0.000000,0.000000,0.000000,0,0
5,81,0.800000,0.100000,0,0,0.000000,0,0.000000,0.000000,0.000000,0,0
5,82,0.800000,0.200000,0,0,0.000000,0,0.000000,0.000000,0.000000,0,0
5,83,0.800000,0.300000,0,0,0.000000,0,0.000000,0.000000,0.000000,0,0
5,84,0.800000,0.400000,0,0,0.000000,0,0.000000,0.000000,0.000000,0,0
5,85,0.800000,0.500000,0,0,0.000000,0,0.000000,0.000000,0.000000,0,0
5,86,0.800000,0.600000,0,0,0.000000,0,0.000000,0.000000,0.000000,0,0
5,87,0.800000,0.700000,0,0,0.000000,0,0.000000,0.000000,0.000000,0,0
5,88,0.800000,0.800000,0,0,0.000000,0,0.000000,0.000000,0.000000,0,0
5,89,0.800000,0.900000,0,0,0.000000,0,0.000000,0.000000,0.000000,0,0
5,90,0.900000,0.000000,0,0,0.000000,0,0.000000,0.000000,0.000000,0,0
5,91,0.900000,0.100000,0,0,0.000000,0,0.000000,0.000000,0.000000,0,0
5,92,0.900000,0.200000,0,0,0.000000,0,0.000000,0.000000,0.000000,0,0
5,93,0.900000,0.300000,0,0,0.000000,0,0.000000,0.000000,0.000000,0,0
5,94,0.900000,0.400000,0,0,0.000000,0,0.000000,0.000000,0.000000,0,0
5,95,0.900000,0.500000,0,0,0.000000,0,0.000000,0.000000,0.000000,0,0
5,96,0.900000,0.600000,0,0,0.000000,0,0.000000,0.000000,0.000000,0,0
5,97,0.900000,0.700000,0,0,0.000000,0,0.000000,0.000000,0.000000,0,0
5,98,0.900000,0.800000,0,0,0.000000,0,0.000000,0.000000,0.000000,0,0
5,99,0.900000,0.900000,0,34,0.000000,34,34.210526,3.421053,1170.360111,100,2
6,0,0.000000,0.000000,0,71,0.000000,70,70.542643,7.054264,4976.264484,100,2
6,1,0.000000,0.100000,0,0,0.000000,0,0.000000,0.000000,0.000000,0,0
6,2,0.000000,0.200000,0,0,0.000000,0,0.000000,0.000000,0.000000,0,0
6,3,0.000000,0.300000,0,0,0.000000,0,0.000000,0.000000,0.000000,0,0
6,4,0.000000,0.400000,0,0,0.000000,0,0.000000,0.000000,0.000000,0,0
6,5,0.000000,0.500000,0,0,0.000000,0,0.000000,0.000000,0.000000,0,0
6,6,0.000000,0.600000,0,0,0.000000,0,0.000000,0.000000,0.000000,0,0
6,7,0.000000,0.700000,0,0,0.000000,0,0.000000,0.000000,0.000000,0,0
6,8,0.000000,0.800000,0,0,0.000000,0,0.000000,0.000000,0.000000,0,0
6,9,0.000000,0.900000,0,60,0.000000,60,60.279786,6.027979,3633.652642,100,1
6,10,0.100000,0.000000,0,0,0.000000,0,0.000000,0.000000,0.000000,0,0
6,11,0.100000,0.100000,0,0,0.000000,0,0.000000,0.000000,0.000000,0,0
6,12,0.100000,0.200000,0,0,0.000000,0,0.000000,0.000000,0.000000,0,0
6,13,0.100000,0.300000,0,0,0.000000,0,0.000000,0.000000,0.000000,0,0
6,14,0.100000,0.400000,0,0,0.000000,0,0.000000,0.000000,0.000000,0,0
6,15,0.100000,0.500000,0,0,0.000000,0,0.000000,0.000000,0.000000,0,0
6,16,0.100000,0.600000,0,0,0.000000,0,0.000000,0.000000,0.000000,0,0
6,17,0.100000,0.700000,0,0,0.000000,0,0.000000,0.000000,0.000000,0,0
6,18,0.100000,0.800000,0,0,0.000000,0,0.000000,0.000000,0.000000,0,0
6,19,0.100000,0.900000,0,0,0.000000,0,0.000000,0.000000,0.000000,0,0
6,20,0.200000,0.000000,0,0,0.000000,0,0.000000,0.000000,0.000000,0,0
6,21,0.200000,0.100000,0,0,0.000000,0,0.000000,0.000000,0.000000,0,0
6,22,0.200000,0.200000,0,0,0.000000,0,0.000000,0.000000,0.000000,0,0
6,23,0.200000,0.300000,0,0,0.000000,0,0.000000,0.000000,0.000000,0,0
6,24,0.200000,0.400000,0,0,0.000000,0,0.000000,0.000000,0.000000,0,0
6,25,0.200000,0.500000,0,0,0.000000,0,0.000000,0.000000,0.000000,0,0
6,26,0.200000,0.600000,0,0,0.000000,0,0.000000,0.000000,0.000000,0,0
6,27,0.200000,0.700000,0,0,0.000000,0,0.000000,0.000000,0.000000,0,0
6,28,0.200000,0.800000,0,0,0.000000,0,0.000000,0.000000,0.000000,0,0
6,29,0.200000,0.900000,0,0,0.000000,0,0.000000,0.000000,0.000000,0,0
6,30,0.300000,0.000000,0,0,0.000000,0,0.000000,0.000000,0.000000,0,0
6,31,0.300000,0.100000,0,0,0.000000,0,0.000000,0.000000,0.000000,0,0
6,32,0.300000,0.200000,0,0,0.000000,0,0.000000,0.000000,0.000000,0,0
6,33,0.300000,0.300000,0,0,0.000000,0,0.000000,0.000000,0.000000,0,0
6,34,0.300000,0.400000,0,0,0.000000,0,0.000000,0.000000,0.000000,0,0
6,35,0.300000,0.500000,0,0,0.000000,0,0.000000,0.000000,0.000000,0,0
6,36,0.300000,0.600000,0,0,0.000000,0,0.000000,0.000000,0.000000,0,0
6,37,0.300000,0.700000,0,0,0.000000,0,0.000000,0.000000,0.000000,0,0
6,38,0.300000,0.800000,0,0,0.000000,0,0.000000,0.000000,0.000000,0,0
6,39,0.300000,0.900000,0,0,0.000000,0,0.000000,0.000000,0.000000,0,0
6,40,0.400000,0.000000,0,0,0.000000,0,0.000000,0.000000,0.000000,100,45
6,41,0.400000,0.100000,0,0,0.000000,0,0.000000,0.000000,0.000000,0,0
6,42,0.400000,0.200000,0,0,0.000000,0,0.000000,0.000000,0.000000,0,0
6,43,0.400000,0.300000,0,0,0.000000,0,0.000000,0.000000,0.000000,0,0
6,44,0.400000,0.400000,0,0,0.000000,0,0.000000,0.000000,0.000000,0,0
6,45,0.400000,0.500000,0,0,0.000000,0,0.000000,0.000000,0.000000,0,0
6,46,0.400000,0.600000,0,0,0.000000,0,0.000000,0.000000,0.000000,0,0
6,47,0.400000,0.700000,0,0,0.000000,0,0.000000,0.000000,0.000000,0,0
6,48,0.400000,0.800000,0,0,0.000000,0,0.000000,0.000000,0.000000,0,0
6,49,0.400000,0.900000,0,0,0.000000,0,0.000000,0.000000,0.000000,100,71
6,50,0.500000,0.000000,0,0,0.000000,0,0.000000,0.000000,0.000000,0,0
6,51,0.500000,0.100000,0,0,0.000000,0,0.000000,0.000000,0.000000,0,0
6,52,0.500000,0.200000,0,0,0.000000,0,0.000000,0.000000,0.000000,0,0
6,53,0.500000,0.300000,0,0,0.000000,0,0.000000,0.000000,0.000000,0,0
6,54,0.500000,0.400000,0,0,0.000000,0,0.000000,0.000000,0.000000,0,0
6,55,0.500000,0.500000,0,0,0.000000,0,0.000000,0.000000,0.000000,0,0
6,56,0.500000,0.600000,0,0,0.000000,0,0.000000,0.000000,0.000000,0,0
6,57,0.500000,0.700000,0,0,0.000000,0,0.000000,0.000000,0.000000,0,0
6,58,0.500000,0.800000,0,0,0.000000,0,0.000000,0.000000,0.000000,0,0
6,59,0.500000,0.900000,0,0,0.000000,0,0.000000,0.000000,0.000000,0,0
6,60,0.600000,0.000000,0,0,0.000000,0,0.000000,0.000000,0.000000,0,0
6,61,0.600000,0.100000,0,0,0.000000,0,0.000000,0.000000,0.000000,0,0
6,62,0.600000,0.200000,0,0,0.000000,0,0.000000,0.000000,0.000000,0,0
6,63,0.600000,0.300000,0,0,0.000000,0,0.000000,0.000000,0.000000,0,0
6,64,0.600000,0.400000,0,0,0.000000,0,0.000000,0.000000,0.000000,0,0
6,65,0.600000,0.500000,0,0,0.000000,0,0.000000,0.000000,0.000000,0,0
6,66,0.600000,0.600000,0,0,0.000000,0,0.000000,0.000000,0.000000,0,0
6,67,0.600000,0.700000,0,0,0.000000,0,0.000000,0.000000,0.000000,0,0
6,68,0.600000,0.800000,0,0,0.000000,0,0.000000,0.000000,0.000000,0,0
6,69,0.600000,0.900000,0,0,0.000000,0,0.000000,0.000000,0.000000,0,0
6,70,0.700000,0.000000,0,0,0.000000,0,0.000000,0.000000,0.000000,0,0
6,71,0.700000,0.100000,0,0,0.000000,0,0.000000,0.000000,0.000000,0,0
6,72,0.700000,0.200000,0,0,0.000000,0,0.000000,0.000000,0.000000,0,0
6,73,0.700000,0.300000,0,0,0.000000,0,0.000000,0.000000,0.000000,0,0
6,74,0.700000,0.400000,0,0,0.000000,0,0.000000,0.000000,0.000000,0,0
6,75,0.700000,0.500000,0,0,0.000000,0,0.000000,0.000000,0.000000,0,0
6,76,0.700000,0.600000,0,0,0.000000,0,0.000000,0.000000,0.000000,0,0
6,77,0.700000,0.700000,0,0,0.000000,0,0.000000,0.000000,0.000000,0,0
6,78,0.700000,0.800000,0,0,0.000000,0,0.000000,0.000000,0.000000,0,0
6,79,0.700000,0.900000,0,0,0.000000,0,0.000000,0.000000,0.000000,0,0
6,80,0.800000,0.000000,0,0,0.000000,0,0.000000,0.000000,0.000000,0,0
6,81,0.800000,0.100000,0,0,0.000000,0,0.000000,0.000000,0.000000,0,0
6,82,0.800000,0.200000,0,0,0.000000,0,0.000000,0.000000,0.000000,0,0
6,83,0.800000,0.300000,0,0,0.000000,0,0.000000,0.000000,0.000000,0,0
6,84,0.800000,0.400000,0,0,0.000000,0,0.000000,0.000000,0.000000,0,0
6,85,0.800000,0.500000,0,0,0.000000,0,0.000000,0.000000,0.000000,0,0
6,86,0.800000,0.600000,0,0,0.000000,0,0.000000,0.000000,0.000000,0,0
6,87,0.800000,0.700000,0,0,0.000000,0,0.000000,0.000000,0.000000,0,0
6,88,0.800000,0.800000,0,0,0.000000,0,0.000000,0.000000,0.000000,0,0
6,89,0.800000,0.900000,0,0,0.000000,0,0.000000,0.000000,0.000000,0,0
6,90,0.900000,0.000000,0,0,0.000000,0,0.000000,0.000000,0.000000,0,0
6,91,0.900000,0.100000,0,0,0.000000,0,0.000000,0.000000,0.000000,0,0
6,92,0.900000,0.200000,0,0,0.000000,0,0.000000,0.000000,0.000000,0,0
6,93,0.900000,0.300000,0,0,0.000000,0,0.000000,0.000000,0.000000,0,0
6,94,0.900000,0.400000,0,0,0.000000,0,0.000000,0.000000,0.000000,0,0
6,95,0.900000,0.500000,0,0,0.000000,0,0.000000,0.000000,0.000000,0,0
6,96,0.900000,0.600000,0,0,0.000000,0,0.000000,0.000000,0.000000,0,0
6,97,0.900000,0.700000,0,0,0.000000,0,0.000000,0.000000,0.000000,0,0
6,98,0.900000,0.800000,0,0,0.000000,0,0.000000,0.000000,0.000000,0,0
6,99,0.900000,0.900000,0,34,0.000000,34,34.210526,3.421053,1170.360111,100,2
7,0,0.000000,0.000000,0,72,0.000000,71,71.580776,7.158078,5123.807527,100,2
7,1,0.000000,0.100000,0,0,0.000000,0,0.000000,0.000000,0.000000,0,0
7,2,0.000000,0.200000,0,0,0.000000,0,0.000000,0.000000,0.000000,0,0
7,3,0.000000,0.300000,0,0,0.000000,0,0.000000,0.000000,0.000000,0,0
7,4,0.000000,0.400000,0,0,0.000000,0,0.000000,0.000000,0.000000,0,0
7,5,0.000000,0.500000,0,0,0.000000,0,0.000000,0.000000,0.000000,0,0
7,6,0.000000,0.600000,0,0,0.000000,0,0.000000,0.000000,0.000000,0,0
7,7,0.000000,0.700000,0,0,0.000000,0,0.000000,0.000000,0.000000,0,0
7,8,0.000000,0.800000,0,0,0.000000,0,0.000000,0.000000,0.000000,0,0
7,9,0.000000,0.900000,0,60,0.000000,60,60.279786,6.027979,3633.652642,100,1
7,10,0.100000,0.000000,0,0,0.000000,0,0.000000,0.000000,0.000000,0,0
7,11,0.100000,0.100000,0,0,0.000000,0,0.000000,0.000000,0.000000,0,0
7,12,0.100000,0.200000,0,0,0.000000,0,0.000000,0.000000,0.000000,0,0
7,13,0.100000,0.300000,0,0,0.000000,0,0.000000,0.000000,0.000000,0,0
7,14,0.100000,0.400000,0,0,0.000000,0,0.000000,0.000000,0.000000,0,0
7,15,0.100000,0.500000,0,0,0.000000,0,0.000000,0.000000,0.000000,0,0
7,16,0.100000,0.600000,0,0,0.000000,0,0.000000,0.000000,0.000000,0,0
7,17,0.100000,0.700000,0,0,0.000000,0,0.000000,0.000000,0.000000,0,0
7,18,0.100000,0.800000,0,0,0.000000,0,0.000000,0.000000,0.000000,0,0
7,19,0.100000,0.900000,0,0,0.000000,0,0.000000,0.000000,0.000000,0,0
7,20,0.200000,0.000000,0,0,0.000000,0,0.000000,0.000000,0.000000,0,0
7,21,0.200000,0.100000,0,0,0.000000,0,0.000000,0.000000,0.000000,0,0
7,22,0.200000,0.200000,0,0,0.000000,0,0.000000,0.000000,0.000000,0,0
7,23,0.200000,0.300000,0,0,0.000000,0,0.000000,0.000000,0.000000,0,0
7,24,0.200000,0.400000,0,0,0.000000,0,0.000000,0.000000,0.000000,0,0
7,25,0.200000,0.500000,0,0,0.000000,0,0.000000,0.000000,0.000000,0,0
7,26,0.200000,0.600000,0,0,0.000000,0,0.000000,0.000000,0.000000,0,0
7,27,0.200000,0.700000,0,0,0.000000,0,0.000000,0.000000,0.000000,0,0
7,28,0.200000,0.800000,0,0,0.000000,0,0.000000,0.000000,0.000000,0,0
7,29,0.200000,0.900000,0,0,0.000000,0,0.000000,0.000000,0.000000,0,0
7,30,0.300000,0.000000,0,0,0.000000,0,0.000000,0.000000,0.000000,0,0
7,31,0.300000,0.100000,0,0,0.000000,0,0.000000,0.000000,0.000000,0,0
7,32,0.300000,0.200000,0,0,0.000000,0,0.000000,0.000000,0.000000,0,0
7,33,0.300000,0.300000,0,0,0.000000,0,0.000000,0.000000,0.000000,0,0
7,34,0.300000,0.400000,0,0,0.000000,0,0.000000,0.000000,0.000000,0,0
7,35,0.300000,0.500000,0,0,0.000000,0,0.000000,0.000000,0.000000,0,0
7,36,0.300000,0.600000,0,0,0.000000,0,0.000000,0.000000,0.000000,0,0
7,37,0.300000,0.700000,0,0,0.000000,0,0.000000,0.000000,0.000000,0,0
7,38,0.300000,0.800000,0,0,0.000000,0,0.000000,0.000000,0.000000,0,0
7,39,0.300000,0.900000,0,0,0.000000,0,0.000000,0.000000,0.000000,0,0
7,40,0.400000,0.000000,0,0,0.000000,0,0.000000,0.000000,0.000000,100,45
7,41,0.400000,0.100000,0,0,0.000000,0,0.000000,0.000000,0.000000,0,0
7,42,0.400000,0.200000,0,0,0.000000,0,0.000000,0.000000,0.000000,0,0
7,43,0.400000,0.300000,0,0,0.000000,0,0.000000,0.000000,0.000000,0,0
7,44,0.400000,0.400000,0,0,0.000000,0,0.000000,0.000000,0.000000,0,0
7,45,0.400000,0.500000,0,0,0.000000,0,0.000000,0.000000,0.000000,0,0
7,46,0.400000,0.600000,0,0,0.000000,0,0.000000,0.000000,0.000000,0,0
7,47,0.400000,0.700000,0,0,0.000000,0,0.000000,0.000000,0.000000,0,0
7,48,0.400000,0.800000,0,0,0.000000,0,0.000000,0.000000,0.000000,0,0
7,49,0.400000,0.900000,0,0,0.000000,0,0.000000,0.000000,0.000000,100,71
7,50,0.500000,0.000000,0,0,0.000000,0,0.000000,0.000000,0.000000,0,0
7,51,0.500000,0.100000,0,0,0.000000,0,0.000000,0.000000,0.000000,0,0
7,52,0.500000,0.200000,0,0,0.000000,0,0.000000,0.000000,0.000000,0,0
7,53,0.500000,0.300000,0,0,0.000000,0,0.000000,0.000000,0.000000,0,0
7,54,0.500000,0.400000,0,0,0.000000,0,0.000000,0.000000,0.000000,0,0
7,55,0.500000,0.500000,0,0,0.000000,0,0.000000,0.000000,0.000000,0,0
7,56,0.500000,0.600000,0,0,0.000000,0,0.000000,0.000000,0.000000,0,0
7,57,0.500000,0.700000,0,0,0.000000,0,0.000000,0.000000,0.000000,0,0
7,58,0.500000,0.800000,0,0,0.000000,0,0.000000,0.000000,0.000000,0,0
7,59,0.500000,0.900000,0,0,0.000000,0,0.000000,0.000000,0.000000,0,0
7,60,0.600000,0.000000,0,0,0.000000,0,0.000000,0.000000,0.000000,0,0
7,61,0.600000,0.100000,0,0,0.000000,0,0.000000,0.000000,0.000000,0,0
7,62,0.600000,0.200000,0,0,0.000000,0,0.000000,0.000000,0.000000,0,0
7,63,0.600000,0.300000,0,0,0.000000,0,0.000000,0.000000,0.000000,0,0
7,64,0.600000,0.400000,0,0,0.000000,0,0.000000,0.000000,0.000000,0,0
7,65,0.600000,0.500000,0,0,0.000000,0,0.000000,0.000000,0.000000,0,0
7,66,0.600000,0.600000,0,0,0.000000,0,0.000000,0.000000,0.000000,0,0
7,67,0.600000,0.700000,0,0,0.000000,0,0.000000,0.000000,0.000000,0,0
7,68,0.600000,0.800000,0,0,0.000000,0,0.000000,0.000000,0.000000,0,0
7,69,0.600000,0.900000,0,0,0.000000,0,0.000000,0.000000,0.000000,0,0
7,70,0.700000,0.000000,0,0,0.000000,0,0.000000,0.000000,0.000000,0,0
7,71,0.700000,0.100000,0,0,0.000000,0,0.000000,0.000000,0.000000,0,0
7,72,0.700000,0.200000,0,0,0.000000,0,0.000000,0.000000,0.000000,0,0
7,73,0.700000,0.300000,0,0,0.000000,0,0.000000,0.000000,0.000000,0,0
7,74,0.700000,0.400000,0,0,0.000000,0,0.000000,0.000000,0.000000,0,0
7,75,0.700000,0.500000,0,0,0.000000,0,0.000000,0.000000,0.000000,0,0
7,76,0.700000,0.600000,0,0,0.000000,0,0.000000,0.000000,0.000000,0,0
7,77,0.700000,0.700000,0,0,0.000000,0,0.000000,0.000000,0.000000,0,0
7,78,0.700000,0.800000,0,0,0.000000,0,0.000000,0.000000,0.000000,0,0
7,79,0.700000,0.900000,0,0,0.000000,0,0.000000,0.000000,0.000000,0,0
7,80,0.800000,0.000000,0,0,0.000000,0,0.000000,0.000000,0.000000,0,0
7,81,0.800000,0.100000,0,0,0.000000,0,0.000000,0.000000,0.000000,0,0
7,82,0.800000,0.200000,0,0,0.000000,0,0.000000,0.000000,0.000000,0,0
7,83,0.800000,0.300000,0,0,0.000000,0,0.000000,0.000000,0.000000,0,0
7,84,0.800000,0.400000,0,0,0.000000,0,0.000000,0.000000,0.000000,0,0
7,85,0.800000,0.500000,0,0,0.000000,0,0.000000,0.000000,0.000000,0,0
7,86,0.800000,0.600000,0,0,0.000000,0,0.000000,0.000000,0.000000,0,0
7,87,0.800000,0.700000,0,0,0.000000,0,0.000000,0.000000,0.000000,0,0
7,88,0.800000,0.800000,0,0,0.000000,0,0.000000,0.000000,0.000000,0,0
7,89,0.800000,0.900000,0,0,0.000000,0,0.000000,0.000000,0.000000,0,0
7,90,0.900000,0.000000,0,0,0.000000,0,0.000000,0.000000,0.000000,0,0
7,91,0.900000,0.100000,0,0,0.000000,0,0.000000,0.000000,0.000000,0,0
7,92,0.900000,0.200000,0,0,0.000000,0,0.000000,0.000000,0.000000,0,0
7,93,0.900000,0.300000,0,0,0.000000,0,0.000000,0.000000,0.000000,0,0
7,94,0.900000,0.400000,0,0,0.000000,0,0.000000,0.000000,0.000000,0,0
7,95,0.900000,0.500000,0,0,0.000000,0,0.000000,0.000000,0.000000,0,0
7,96,0.900000,0.600000,0,0,0.000000,0,0.000000,0.000000,0.000000,0,0
7,97,0.900000,0.700000,0,0,0.000000,0,0.000000,0.000000,0.000000,0,0
7,98,0.900000,0.800000,0,0,0.000000,0,0.000000,0.000000,0.000000,0,0
7,99,0.900000,0.900000,0,34,0.000000,34,34.210526,3.421053,1170.360111,100,2
8,0,0.000000,0.000000,0,72,0.000000,72,72.129839,7.212984,5202.713611,100,1
8,1,0.000000,0.100000,0,0,0.000000,0,0.000000,0.000000,0.000000,0,0
8,2,0.000000,0.200000,0,0,0.000000,0,0.000000,0.000000,0.000000,0,0
8,3,0.000000,0.300000,0,0,0.000000,0,0.000000,0.000000,0.000000,0,0
8,4,0.000000,0.400000,0,0,0.000000,0,0.000000,0.000000,0.000000,0,0
8,5,0.000000,0.500000,0,0,0.000000,0,0.000000,0.000000,0.000000,0,0
8,6,0.000000,0.600000,0,0,0.000000,0,0.000000,0.000000,0.000000,0,0
8,7,0.000000,0.700000,0,0,0.000000,0,0.000000,0.000000,0.000000,0,0
8,8,0.000000,0.800000,0,0,0.000000,0,0.000000,0.000000,0.000000,0,0
8,9,0.000000,0.900000,0,60,0.000000,60,60.279786,6.027979,3633.652642,100,1
8,10,0.100000,0.000000,0,0,0.000000,0,0.000000,0.000000,0.000000,0,0
8,11,0.100000,0.100000,0,0,0.000000,0,0.000000,0.000000,0.000000,0,0
8,12,0.100000,0.200000,0,0,0.000000,0,0.000000,0.000000,0.000000,0,0
8,13,0.100000,0.300000,0,0,0.000000,0,0.000000,0.000000,0.000000,0,0
8,14,0.100000,0.400000,0,0,0.000000,0,0.000000,0.000000,0.000000,0,0
8,15,0.100000,0.500000,0,0,0.000000,0,0.000000,0.000000,0.000000,0,0
8,16,0.100000,0.600000,0,0,0.000000,0,0.000000,0.000000,0.000000,0,0
8,17,0.100000,0.700000,0,0,0.000000,0,0.000000,0.000000,0.000000,0,0
8,18,0.100000,0.800000,0,0,0.000000,0,0.000000,0.000000,0.000000,0,0
8,19,0.100000,0.900000,0,0,0.000000,0,0.000000,0.000000,0.000000,0,0
8,20,0.200000,0.000000,0,0,0.000000,0,0.000000,0.000000,0.000000,0,0
8,21,0.200000,0.100000,0,0,0.000000,0,0.000000,0.000000,0.000000,0,0
8,22,0.200000,0.200000,0,0,0.000000,0,0.000000,0.000000,0.000000,0,0
8,23,0.200000,0.300000,0,0,0.000000,0,0.000000,0.000000,0.000000,0,0
8,24,0.200000,0.400000,0,0,0.000000,0,0.000000,0.000000,0.000000,0,0
8,25,0.200000,0.500000,0,0,0.000000,0,0.000000,0.000000,0.000000,0,0
8,26,0.200000,0.600000,0,0,0.000000,0,0.000000,0.000000,0.000000,0,0
8,27,0.200000,0.700000,0,0,0.000000,0,0.000000,0.000000,0.000000,0,0
8,28,0.200000,0.800000,0,0,0.000000,0,0.000000,0.000000,0.000000,0,0
8,29,0.200000,0.900000,0,0,0.000000,0,0.000000,0.000000,0.000000,0,0
8,30,0.300000,0.000000,0,0,0.000000,0,0.000000,0.000000,0.000000,0,0
8,31,0.300000,0.100000,0,0,0.000000,0,0.000000,0.000000,0.000000,0,0
8,32,0.300000,0.200000,0,0,0.000000,0,0.000000,0.000000,0.000000,0,0
8,33,0.300000,0.300000,0,0,0.000000,0,0.000000,0.000000,0.000000,0,0
8,34,0.300000,0.400000,0,0,0.000000,0,0.000000,0.000000,0.000000,0,0
8,35,0.300000,0.500000,0,0,0.000000,0,0.000000,0.000000,0.000000,0,0
8,36,0.300000,0.600000,0,0,0.000000,0,0.000000,0.000000,0.000000,0,0
8,37,0.300000,0.700000,0,0,0.000000,0,0.000000,0.000000,0.000000,0,0
8,38,0.300000,0.800000,0,0,0.000000,0,0.000000,0.000000,0.000000,0,0
8,39,0.300000,0.900000,0,0,0.000000,0,0.000000,0.000000,0.000000,0,0
8,40,0.400000,0.000000,0,0,0.000000,0,0.000000,0.000000,0.000000,100,45
8,41,0.400000,0.100000,0,0,0.000000,0,0.000000,0.000000,0.000000,0,0
8,42,0.400000,0.200000,0,0,0.000000,0,0.000000,0.000000,0.000000,0,0
8,43,0.400000,0.300000,0,0,0.000000,0,0.000000,0.000000,0.000000,0,0
8,44,0.400000,0.400000,0,0,0.000000,0,0.000000,0.000000,0.000000,0,0
8,45,0.400000,0.500000,0,0,0.000000,0,0.000000,0.000000,0.000000,0,0
8,46,0.400000,0.600000,0,0,0.000000,0,0.000000,0.000000,0.000000,0,0
8,47,0.400000,0.700000,0,0,0.000000,0,0.000000,0.000000,0.000000,0,0
8,48,0.400000,0.800000,0,0,0.000000,0,0.000000,0.000000,0.000000,0,0
8,49,0.400000,0.900000,0,0,0.000000,0,0.000000,0.000000,0.000000,100,71
8,50,0.500000,0.000000,0,0,0.000000,0,0.000000,0.000000,0.000000,0,0
8,51,0.500000,0.100000,0,0,0.000000,0,0.000000,0.000000,0.000000,0,0
8,52,0.500000,0.200000,0,0,0.000000,0,0.000000,0.000000,0.000000,0,0
8,53,0.500000,0.300000,0,0,0.000000,0,0.000000,0.000000,0.000000,0,0
8,54,0.500000,0.400000,0,0,0.000000,0,0.000000,0.000000,0.000000,0,0
8,55,0.500000,0.500000,0,0,0.000000,0,0.000000,0.000000,0.000000,0,0
8,56,0.500000,0.600000,0,0,0.000000,0,0.000000,0.000000,0.000000,0,0
8,57,0.500000,0.700000,0,0,0.000000,0,0.000000,0.000000,0.000000,0,0
8,58,0.500000,0.800000,0,0,0.000000,0,0.000000,0.000000,0.000000,0,0
8,59,0.500000,0.900000,0,0,0.000000,0,0.000000,0.000000,0.000000,0,0
8,60,0.600000,0.000000,0,0,0.000000,0,0.000000,0.000000,0.000000,0,0
8,61,0.600000,0.100000,0,0,0.000000,0,0.000000,0.000000,0.000000,0,0
8,62,0.600000,0.200000,0,0,0.000000,0,0.000000,0.000000,0.000000,0,0
8,63,0.600000,0.300000,0,0,0.000000,0,0.000000,0.000000,0.000000,0,0
8,64,0.600000,0.400000,0,0,0.000000,0,0.000000,0.000000,0.000000,0,0
8,65,0.600000,0.500000,0,0,0.000000,0,0.000000,0.000000,0.000000,0,0
8,66,0.600000,0.600000,0,0,0.000000,0,0.000000,0.000000,0.000000,0,0
8,67,0.600000,0.700000,0,0,0.000000,0,0.000000,0.000000,0.000000,0,0
8,68,0.600000,0.800000,0,0,0.000000,0,0.000000,0.000000,0.000000,0,0
8,69,0.600000,0.900000,0,0,0.000000,0,0.000000,0.000000,0.000000,0,0
8,70,0.700000,0.000000,0,0,0.000000,0,0.000000,0.000000,0.000000,0,0
8,71,0.700000,0.100000,0,0,0.000000,0,0.000000,0.000000,0.000000,0,0
8,72,0.700000,0.200000,0,0,0.000000,0,0.000000,0.000000,0.000000,0,0
8,73,0.700000,0.300000,0,0,0.000000,0,0.000000,0.000000,0.000000,0,0
8,74,0.700000,0.400000,0,0,0.000000,0,0.000000,0.000000,0.000000,0,0
8,75,0.700000,0.500000,0,0,0.000000,0,0.000000,0.000000,0.000000,0,0
8,76,0.700000,0.600000,0,0,0.000000,0,0.000000,0.000000,0.000000,0,0
8,77,0.700000,0.700000,0,0,0.000000,0,0.000000,0.000000,0.000000,0,0
8,78,0.700000,0.800000,0,0,0.000000,0,0.000000,0.000000,0.000000,0,0
8,79,0.700000,0.900000,0,0,0.000000,0,0.000000,0.000000,0.000000,0,0
8,80,0.800000,0.000000,0,0,0.000000,0,0.000000,0.000000,0.000000,0,0
8,81,0.800000,0.100000,0,0,0.000000,0,0.000000,0.000000,0.000000,0,0
8,82,0.800000,0.200000,0,0,0.000000,0,0.000000,0.000000,0.000000,0,0
8,83,0.800000,0.300000,0,0,0.000000,0,0.000000,0.000000,0.000000,0,0
8,84,0.800000,0.400000,0,0,0.000000,0,0.000000,0.000000,0.000000,0,0
8,85,0.800000,0.500000,0,0,0.000000,0,0.000000,0.000000,0.000000,0,0
8,86,0.800000,0.600000,0,0,0.000000,0,0.000000,0.000000,0.000000,0,0
8,87,0.800000,0.700000,0,0,0.000000,0,0.000000,0.000000,0.000000,0,0
8,88,0.800000,0.800000,0,0,0.000000,0,0.000000,0.000000,0.000000,0,0
8,89,0.800000,0.900000,0,0,0.000000,0,0.000000,0.000000,0.000000,0,0
8,90,0.900000,0.000000,0,0,0.000000,0,0.000000,0.000000,0.000000,0,0
8,91,0.900000,0.100000,0,0,0.000000,0,0.000000,0.000000,0.000000,0,0
8,92,0.900000,0.200000,0,0,0.000000,0,0.000000,0.000000,0.000000,0,0
8,93,0.900000,0.300000,0,0,0.000000,0,0.000000,0.000000,0.000000,0,0
8,94,0.900000,0.400000,0,0,0.000000,0,0.000000,0.000000,0.000000,0,0
8,95,0.900000,0.500000,0,0,0.000000,0,0.000000,0.000000,0.000000,0,0
8,96,0.900000,0.600000,0,0,0.000000,0,0.000000,0.000000,0.000000,0,0
8,97,0.900000,0.700000,0,0,0.000000,0,0.000000,0.000000,0.000000,0,0
8,98,0.900000,0.800000,0,0,0.000000,0,0.000000,0.000000,0.000000,0,0
8,99,0.900000,0.900000,0,34,0.000000,34,34.210526,3.421053,1170.360111,100,2
9,0,0.000000,0.000000,0,72,0.000000,72,72.129839,7.212984,5202.713611,100,1
9,1,0.000000,0.100000,0,0,0.000000,0,0.000000,0.000000,0.000000,0,0
9,2,0.000000,0.200000,0,0,0.000000,0,0.000000,0.000000,0.000000,0,0
9,3,0.000000,0.300000,0,0,0.000000,0,0.000000,0.000000,0.000000,0,0
9,4,0.000000,0.400000,0,0,0.000000,0,0.000000,0.000000,0.000000,0,0
9,5,0.000000,0.500000,0,0,0.000000,0,0.000000,0.000000,0.000000,0,0
9,6,0.000000,0.600000,0,0,0.000000,0,0.000000,0.000000,0.000000,0,0
9,7,0.000000,0.700000,0,0,0.000000,0,0.000000,0.000000,0.000000,0,0
9,8,0.000000,0.800000,0,0,0.000000,0,0.000000,0.000000,0.000000,0,0
9,9,0.000000,0.900000,0,60,0.000000,60,60.279786,6.027979,3633.652642,100,1
9,10,0.100000,0.000000,0,0,0.000000,0,0.000000,0.000000,0.000000,0,0
9,11,0.100000,0.100000,0,0,0.000000,0,0.000000,0.000000,0.000000,0,0
9,12,0.100000,0.200000,0,0,0.000000,0,0.000000,0.000000,0.000000,0,0
9,13,0.100000,0.300000,0,0,0.000000,0,0.000000,0.000000,0.000000,0,0
9,14,0.100000,0.400000,0,0,0.000000,0,0.000000,0.000000,0.000000,0,0
9,15,0.100000,0.500000,0,0,0.000000,0,0.000000,0.000000,0.000000,0,0
9,16,0.100000,0.600000,0,0,0.000000,0,0.000000,0.000000,0.000000,0,0
9,17,0.100000,0.700000,0,0,0.000000,0,0.000000,0.000000,0.000000,0,0
9,18,0.100000,0.800000,0,0,0.000000,0,0.000000,0.000000,0.000000,0,0
9,19,0.100000,0.900000,0,0,0.000000,0,0.000000,0.000000,0.000000,0,0
9,20,0.200000,0.000000,0,0,0.000000,0,0.000000,0.000000,0.000000,0,0
9,21,0.200000,0.100000,0,0,0.000000,0,0.000000,0.000000,0.000000,0,0
9,22,0.200000,0.200000,0,0,0.000000,0,0.000000,0.000000,0.000000,0,0
9,23,0.200000,0.300000,0,0,0.000000,0,0.000000,0.000000,0.000000,0,0
9,24,0.200000,0.400000,0,0,0.000000,0,0.000000,0.000000,0.000000,0,0
9,25,0.200000,0.500000,0,0,0.000000,0,0.000000,0.000000,0.000000,0,0
9,26,0.200000,0.600000,0,0,0.000000,0,0.000000,0.000000,0.000000,0,0
9,27,0.200000,0.700000,0,0,0.000000,0,0.000000,0.000000,0.000000,0,0
9,28,0.200000,0.800000,0,0,0.000000,0,0.000000,0.000000,0.000000,0,0
9,29,0.200000,0.900000,0,0,0.000000,0,0.000000,0.000000,0.000000,0,0
9,30,0.300000,0.000000,0,0,0.000000,0,0.000000,0.000000,0.000000,0,0
9,31,0.300000,0.100000,0,0,0.000000,0,0.000000,0.000000,0.000000,0,0
9,32,0.300000,0.200000,0,0,0.000000,0,0.000000,0.000000,0.000000,0,0
9,33,0.300000,0.300000,0,0,0.000000,0,0.000000,0.000000,0.000000,0,0
9,34,0.300000,0.400000,0,0,0.000000,0,0.000000,0.000000,0.000000,0,0
9,35,0.300000,0.500000,0,0,0.000000,0,0.000000,0.000000,0.000000,0,0
9,36,0.300000,0.600000,0,0,0.000000,0,0.000000,0.000000,0.000000,0,0
9,37,0.300000,0.700000,0,0,0.000000,0,0.000000,0.000000,0.000000,0,0
9,38,0.300000,0.800000,0,0,0.000000,0,0.000000,0.000000,0.000000,0,0
9,39,0.300000,0.900000,0,0,0.000000,0,0.000000,0.000000,0.000000,0,0
9,40,0.400000,0.000000,0,0,0.000000,0,0.000000,0.000000,0.000000,100,45
9,41,0.400000,0.100000,0,0,0.000000,0,0.000000,0.000000,0.000000,0,0
9,42,0.400000,0.200000,0,0,0.000000,0,0.000000,0.000000,0.000000,0,0
9,43,0.400000,0.300000,0,0,0.000000,0,0.000000,0.000000,0.000000,0,0
9,44,0.400000,0.400000,0,0,0.000000,0,0.000000,0.000000,0.000000,0,0
9,45,0.400000,0.500000,0,0,0.000000,0,0.000000,0.000000,0.000000,0,0
9,46,0.400000,0.600000,0,0,0.000000,0,0.000000,0.000000,0.000000,0,0
9,47,0.400000,0.700000,0,0,0.000000,0,0.000000,0.000000,0.000000,0,0
9,48,0.400000,0.800000,0,0,0.000000,0,0.000000,0.000000,0.000000,0,0
9,49,0.400000,0.900000,0,0,0.000000,0,0.000000,0.000000,0.000000,100,71
9,50,0.500000,0.000000,0,0,0.000000,0,0.000000,0.000000,0.000000,0,0
9,51,0.500000,0.100000,0,0,0.000000,0,0.000000,0.000000,0.000000,0,0
9,52,0.500000,0.200000,0,0,0.000000,0,0.000000,0.000000,0.000000,0,0
9,53,0.500000,0.300000,0,0,0.000000,0,0.000000,0.000000,0.000000,0,0
9,54,0.500000,0.400000,0,0,0.000000,0,0.000000,0.000000,0.000000,0,0
9,55,0.500000,0.500000,0,0,0.000000,0,0.000000,0.000000,0.000000,0,0
9,56,0.500000,0.600000,0,0,0.000000,0,0.000000,0.000000,0.000000,0,0
9,57,0.500000,0.700000,0,0,0.000000,0,0.000000,0.000000,0.000000,0,0
9,58,0.500000,0.800000,0,0,0.000000,0,0.000000,0.000000,0.000000,0,0
9,59,0.500000,0.900000,0,0,0.000000,0,0.000000,0.000000,0.000000,0,0
9,60,0.600000,0.000000,0,0,0.000000,0,0.000000,0.000000,0.000000,0,0
9,61,0.600000,0.100000,0,0,0.000000,0,0.000000,0.000000,0.000000,0,0
9,62,0.600000,0.200000,0,0,0.000000,0,0.000000,0.000000,0.000000,0,0
9,63,0.600000,0.300000,0,0,0.000000,0,0.000000,0.000000,0.000000,0,0
9,64,0.600000,0.400000,0,0,0.000000,0,0.000000,0.000000,0.000000,0,0
9,65,0.600000,0.500000,0,0,0.000000,0,0.000000,0.000000,0.000000,0,0
9,66,0.600000,0.600000,0,0,0.000000,0,0.000000,0.000000,0.000000,0,0
9,67,0.600000,0.700000,0,0,0.000000,0,0.000000,0.000000,0.000000,0,0
9,68,0.600000,0.800000,0,0,0.000000,0,0.000000,0.000000,0.000000,0,0
9,69,0.600000,0.900000,0,0,0.000000,0,0.000000,0.000000,0.000000,0,0
9,70,0.700000,0.000000,0,0,0.000000,0,0.000000,0.000000,0.000000,0,0
9,71,0.700000,0.100000,0,0,0.000000,0,0.000000,0.000000,0.000000,0,0
9,72,0.700000,0.200000,0,0,0.000000,0,0.000000,0.000000,0.000000,0,0
9,73,0.700000,0.300000,0,0,0.000000,0,0.000000,0.000000,0.000000,0,0
9,74,0.700000,0.400000,0,0,0.000000,0,0.000000,0.000000,0.000000,0,0
9,75,0.700000,0.500000,0,0,0.000000,0,0.000000,0.000000,0.000000,0,0
9,76,0.700000,0.600000,0,0,0.000000,0,0.000000,0.000000,0.000000,0,0
9,77,0.700000,0.700000,0,0,0.000000,0,0.000000,0.000000,0.000000,0,0
9,78,0.700000,0.800000,0,0,0.000000,0,0.000000,0.000000,0.000000,0,0
9,79,0.700000,0.900000,0,0,0.000000,0,0.000000,0.000000,0.000000,0,0
9,80,0.800000,0.000000,0,0,0.000000,0,0.000000,0.000000,0.000000,0,0
9,81,0.800000,0.100000,0,0,0.000000,0,0.000000,0.000000,0.000000,0,0
9,82,0.800000,0.200000,0,0,0.000000,0,0.000000,0.000000,0.000000,0,0
9,83,0.800000,0.300000,0,0,0.000000,0,0.000000,0.000000,0.000000,0,0
9,84,0.800000,0.400000,0,0,0.000000,0,0.000000,0.000000,0.000000,0,0
9,85,0.800000,0.500000,0,0,0.000000,0,0.000000,0.000000,0.000000,0,0
9,86,0.800000,0.600000,0,0,0.000000,0,0.000000,0.000000,0.000000,0,0
9,87,0.800000,0.700000,0,0,0.000000,0,0.000000,0.000000,0.000000,0,0
9,88,0.800000,0.800000,0,0,0.000000,0,0.000000,0.000000,0.000000,0,0
9,89,0.800000,0.900000,0,0,0.000000,0,0.000000,0.000000,0.000000,0,0
9,90,0.900000,0.000000,0,0,0.000000,0,0.000000,0.000000,0.000000,0,0
9,91,0.900000,0.100000,0,0,0.000000,0,0.000000,0.000000,0.000000,0,0
9,92,0.900000,0.200000,0,0,0.000000,0,0.000000,0.000000,0.000000,0,0
9,93,0.900000,0.300000,0,0,0.000000,0,0.000000,0.000000,0.000000,0,0
9,94,0.900000,0.400000,0,0,0.000000,0,0.000000,0.000000,0.000000,0,0
9,95,0.900000,0.500000,0,0,0.000000,0,0.000000,0.000000,0.000000,0,0
9,96,0.900000,0.600000,0,0,0.000000,0,0.000000,0.000000,0.000000,0,0
9,97,0.900000,0.700000,0,0,0.000000,0,0.000000,0.000000,0.000000,0,0
9,98,0.900000,0.800000,0,0,0.000000,0,0.000000,0.000000,0.000000,0,0
9,99,0.900000,0.900000,0,34,0.000000,34,34.210526,3.421053,1170.360111,100,2
10,0,0.000000,0.000000,0,72,0.000000,72,72.129839,7.212984,5202.713611,100,1
10,1,0.000000,0.100000,0,0,0.000000,0,0.000000,0.000000,0.000000,0,0
10,2,0.000000,0.200000,0,0,0.000000,0,0.000000,0.000000,0.000000,0,0
10,3,0.000000,0.300000,0,0,0.000000,0,0.000000,0.000000,0.000000,0,0
10,4,0.000000,0.400000,0,0,0.000000,0,0.000000,0.000000,0.000000,0,0
10,5,0.000000,0.500000,0,0,0.000000,0,0.000000,0.000000,0.000000,0,0
10,6,0.000000,0.600000,0,0,0.000000,0,0.000000,0.000000,0.000000,0,0
10,7,0.000000,0.700000,0,0,0.000000,0,0.000000,0.000000,0.000000,0,0
10,8,0.000000,0.800000,0,0,0.000000,0,0.000000,0.000000,0.000000,0,0
10,9,0.000000,0.900000,0,60,0.000000,60,60.279786,6.027979,3633.652642,100,1
10,10,0.100000,0.000000,0,0,0.000000,0,0.000000,0.000000,0.000000,0,0
10,11,0.100000,0.100000,0,0,0.000000,0,0.000000,0.000000,0.000000,0,0
10,12,0.100000,0.200000,0,0,0.000000,0,0.000000,0.000000,0.000000,0,0
10,13,0.100000,0.300000,0,0,0.000000,0,0.000000,0.000000,0.000000,0,0
10,14,0.100000,0.400000,0,0,0.000000,0,0.000000,0.000000,0.000000,0,0
10,15,0.100000,0.500000,0,0,0.000000,0,0.000000,0.000000,0.000000,0,0
10,16,0.100000,0.600000,0,0,0.000000,0,0.000000,0.000000,0.000000,0,0
10,17,0.100000,0.700000,0,0,0.000000,0,0.000000,0.000000,0.000000,0,0
10,18,0.100000,0.800000,0,0,0.000000,0,0.000000,0.000000,0.000000,0,0
10,19,0.100000,0.900000,0,0,0.000000,0,0.000000,0.000000,0.000000,0,0
10,20,0.200000,0.000000,0,0,0.000000,0,0.000000,0.000000,0.000000,0,0
10,21,0.200000,0.100000,0,0,0.000000,0,0.000000,0.000000,0.000000,0,0
10,22,0.200000,0.200000,0,0,0.000000,0,0.000000,0.000000,0.000000,0,0
10,23,0.200000,0.300000,0,0,0.000000,0,0.000000,0.000000,0.000000,0,0
10,24,0.200000,0.400000,0,0,0.000000,0,0.000000,0.000000,0.000000,0,0
10,25,0.200000,0.500000,0,0,0.000000,0,0.000000,0.000000,0.000000,0,0
10,26,0.200000,0.600000,0,0,0.000000,0,0.000000,0.000000,0.000000,0,0
10,27,0.200000,0.700000,0,0,0.000000,0,0.000000,0.000000,0.000000,0,0
10,28,0.200000,0.800000,0,0,0.000000,0,0.000000,0.000000,0.000000,0,0
10,29,0.200000,0.900000,0,0,0.000000,0,0.000000,0.000000,0.000000,0,0
10,30,0.300000,0.000000,0,0,0.000000,0,0.000000,0.000000,0.000000,0,0
10,31,0.300000,0.100000,0,0,0.000000,0,0.000000,0.000000,0.000000,0,0
10,32,0.300000,0.200000,0,0,0.000000,0,0.000000,0.000000,0.000000,0,0
10,33,0.300000,0.300000,0,0,0.000000,0,0.000000,0.000000,0.000000,0,0
10,34,0.300000,0.400000,0,0,0.000000,0,0.000000,0.000000,0.000000,0,0
10,35,0.300000,0.500000,0,0,0.000000,0,0.000000,0.000000,0.000000,0,0
10,36,0.300000,0.600000,0,0,0.000000,0,0.000000,0.000000,0.000000,0,0
10,37,0.300000,0.700000,0,0,0.000000,0,0.000000,0.000000,0.000000,0,0
10,38,0.300000,0.800000,0,0,0.000000,0,0.000000,0.000000,0.000000,0,0
10,39,0.300000,0.900000,0,0,0.000000,0,0.000000,0.000000,0.000000,0,0
10,40,0.400000,0.000000,0,0,0.000000,0,0.000000,0.000000,0.000000,100,45
10,41,0.400000,0.100000,0,0,0.000000,0,0.000000,0.000000,0.000000,0,0
10,42,0.400000,0.200000,0,0,0.000000,0,0.000000,0.000000,0.000000,0,0
10,43,0.400000,0.300000,0,0,0.000000,0,0.000000,0.000000,0.000000,0,0
10,44,0.400000,0.400000,0,0,0.000000,0,0.000000,0.000000,0.000000,0,0
10,45,0.400000,0.500000,0,0,0.000000,0,0.000000,0.000000,0.000000,0,0
10,46,0.400000,0.600000,0,0,0.000000,0,0.000000,0.000000,0.000000,0,0
10,47,0.400000,0.700000,0,0,0.000000,0,0.000000,0.000000,0.000000,0,0
10,48,0.400000,0.800000,0,0,0.000000,0,0.000000,0.000000,0.000000,0,0
10,49,0.400000,0.900000,0,0,0.000000,0,0.000000,0.000000,0.000000,100,71
10,50,0.500000,0.000000,0,0,0.000000,0,0.000000,0.000000,0.000000,0,0
10,51,0.500000,0.100000,0,0,0.000000,0,0.000000,0.000000,0.000000,0,0
10,52,0.500000,0.200000,0,0,0.000000,0,0.000000,0.000000,0.000000,0,0
10,53,0.500000,0.300000,0,0,0.000000,0,0.000000,0.000000,0.000000,0,0
10,54,0.500000,0.400000,0,0,0.000000,0,0.000000,0.000000,0.000000,0,0
10,55,0.500000,0.500000,0,0,0.000000,0,0.000000,0.000000,0.000000,0,0
10,56,0.500000,0.600000,0,0,0.000000,0,0.000000,0.000000,0.000000,0,0
10,57,0.500000,0.700000,0,0,0.000000,0,0.000000,0.000000,0.000000,0,0
10,58,0.500000,0.800000,0,0,0.000000,0,0.000000,0.000000,0.000000,0,0
10,59,0.500000,0.900000,0,0,0.000000,0,0.000000,0.000000,0.000000,0,0
10,60,0.600000,0.000000,0,0,0.000000,0,0.000000,0.000000,0.000000,0,0
10,61,0.600000,0.100000,0,0,0.000000,0,0.000000,0.000000,0.000000,0,0
10,62,0.600000,0.200000,0,0,0.000000,0,0.000000,0.000000,0.000000,0,0
10,63,0.600000,0.300000,0,0,0.000000,0,0.000000,0.000000,0.000000,0,0
10,64,0.600000,0.400000,0,0,0.000000,0,0.000000,0.000000,0.000000,0,0
10,65,0.600000,0.500000,0,0,0.000000,0,0.000000,0.000000,0.000000,0,0
10,66,0.600000,0.600000,0,0,0.000000,0,0.000000,0.000000,0.000000,0,0
10,67,0.600000,0.700000,0,0,0.000000,0,0.000000,0.000000,0.000000,0,0
10,68,0.600000,0.800000,0,0,0.000000,0,0.000000,0.000000,0.000000,0,0
10,69,0.600000,0.900000,0,0,0.000000,0,0.000000,0.000000,0.000000,0,0
10,70,0.700000,0.000000,0,0,0.000000,0,0.000000,0.000000,0.000000,0,0
10,71,0.700000,0.100000,0,0,0.000000,0,0.000000,0.000000,0.000000,0,0
10,72,0.700000,0.200000,0,0,0.000000,0,0.000000,0.000000,0.000000,0,0
10,73,0.700000,0.300000,0,0,0.000000,0,0.000000,0.000000,0.000000,0,0
10,74,0.700000,0.400000,0,0,0.000000,0,0.000000,0.000000,0.000000,0,0
10,75,0.700000,0.500000,0,0,0.000000,0,0.000000,0.000000,0.000000,0,0
10,76,0.700000,0.600000,0,0,0.000000,0,0.000000,0.000000,0.000000,0,0
10,77,0.700000,0.700000,0,0,0.000000,0,0.000000,0.000000,0.000000,0,0
10,78,0.700000,0.800000,0,0,0.000000,0,0.000000,0.000000,0.000000,0,0
10,79,0.700000,0.900000,0,0,0.000000,0,0.000000,0.000000,0.000000,0,0
10,80,0.800000,0.000000,0,0,0.000000,0,0.000000,0.000000,0.000000,0,0
10,81,0.800000,0.100000,0,0,0.000000,0,0.000000,0.000000,0.000000,0,0
10,82,0.800000,0.200000,0,0,0.000000,0,0.000000,0.000000,0.000000,0,0
10,83,0.800000,0.300000,0,0,0.000000,0,0.000000,0.000000,0.000000,0,0
10,84,0.800000,0.400000,0,0,0.000000,0,0.000000,0.000000,0.000000,0,0
10,85,0.800000,0.500000,0,0,0.000000,0,0.000000,0.000000,0.000000,0,0
10,86,0.800000,0.600000,0,0,0.000000,0,0.000000,0.000000,0.000000,0,0
10,87,0.800000,0.700000,0,0,0.000000,0,0.000000,0.000000,0.000000,0,0
10,88,0.800000,0.800000,0,0,0.000000,0,0.000000,0.000000,0.000000,0,0
10,89,0.800000,0.900000,0,0,0.000000,0,0.000000,0.000000,0.000000,0,0
10,90,0.900000,0.000000,0,0,0.000000,0,0.000000,0.000000,0.000000,0,0
10,91,0.900000,0.100000,0,0,0.000000,0,0.000000,0.000000,0.000000,0,0
10,92,0.900000,0.200000,0,0,0.000000,0,0.000000,0.000000,0.000000,0,0
10,93,0.900000,0.300000,0,0,0.000000,0,0.000000,0.000000,0.000000,0,0
10,94,0.900000,0.400000,0,0,0.000000,0,0.000000,0.000000,0.000000,0,0
10,95,0.900000,0.500000,0,0,0.000000,0,0.000000,0.000000,0.000000,0,0
10,96,0.900000,0.600000,0,0,0.000000,0,0.000000,0.000000,0.000000,0,0
10,97,0.900000,0.700000,0,0,0.000000,0,0.000000,0.000000,0.000000,0,0
10,98,0.900000,0.800000,0,0,0.000000,0,0.000000,0.000000,0.000000,0,0
10,99,0.900000,0.900000,0,34,0.000000,34,34.210526,3.421053,1170.360111,100,2
11,0,0.000000,0.000000,0,72,0.000000,72,72.129839,7.212984,5202.713611,100,1
11,1,0.000000,0.100000,0,0,0.000000,0,0.000000,0.000000,0.000000,0,0
11,2,0.000000,0.200000,0,0,0.000000,0,0.000000,0.000000,0.000000,0,0
11,3,0.000000,0.300000,0,0,0.000000,0,0.000000,0.000000,0.000000,0,0
11,4,0.000000,0.400000,0,0,0.000000,0,0.000000,0.000000,0.000000,0,0
11,5,0.000000,0.500000,0,0,0.000000,0,0.000000,0.000000,0.000000,0,0
11,6,0.000000,0.600000,0,0,0.000000,0,0.000000,0.000000,0.000000,0,0
11,7,0.000000,0.700000,0,0,0.000000,0,0.000000,0.000000,0.000000,0,0
11,8,0.000000,0.800000,0,0,0.000000,0,0.000000,0.000000,0.000000,0,0
11,9,0.000000,0.900000,0,60,0.000000,60,60.279786,6.027979,3633.652642,100,1
11,10,0.100000,0.000000,0,0,0.000000,0,0.000000,0.000000,0.000000,0,0
11,11,0.100000,0.100000,0,0,0.000000,0,0.000000,0.000000,0.000000,0,0
11,12,0.100000,0.200000,0,0,0.000000,0,0.000000,0.000000,0.000000,0,0
11,13,0.100000,0.300000,0,0,0.000000,0,0.000000,0.000000,0.000000,0,0
11,14,0.100000,0.400000,0,0,0.000000,0,0.000000,0.000000,0.000000,0,0
11,15,0.100000,0.500000,0,0,0.000000,0,0.000000,0.000000,0.000000,0,0
11,16,0.100000,0.600000,0,0,0.000000,0,0.000000,0.000000,0.000000,0,0
11,17,0.100000,0.700000,0,0,0.000000,0,0.000000,0.000000,0.000000,0,0
11,18,0.100000,0.800000,0,0,0.000000,0,0.000000,0.000000,0.000000,0,0
11,19,0.100000,0.900000,0,0,0.000000,0,0.000000,0.000000,0.000000,0,0
11,20,0.200000,0.000000,0,0,0.000000,0,0.000000,0.000000,0.000000,0,0
11,21,0.200000,0.100000,0,0,0.000000,0,0.000000,0.000000,0.000000,0,0
11,22,0.200000,0.200000,0,0,0.000000,0,0.000000,0.000000,0.000000,0,0
11,23,0.200000,0.300000,0,0,0.000000,0,0.000000,0.000000,0.000000,0,0
11,24,0.200000,0.400000,0,0,0.000000,0,0.000000,0.000000,0.000000,0,0
11,25,0.200000,0.500000,0,0,0.000000,0,0.000000,0.000000,0.000000,0,0
11,26,0.200000,0.600000,0,0,0.000000,0,0.000000,0.000000,0.000000,0,0
11,27,0.200000,0.700000,0,0,0.000000,0,0.000000,0.000000,0.000000,0,0
11,28,0.200000,0.800000,0,0,0.000000,0,0.000000,0.000000,0.000000,0,0
11,29,0.200000,0.900000,0,0,0.000000,0,0.000000,0.000000,0.000000,0,0
11,30,0.300000,0.000000,0,0,0.000000,0,0.000000,0.000000,0.000000,0,0
11,31,0.300000,0.100000,0,0,0.000000,0,0.000000,0.000000,0.000000,0,0
11,32,0.300000,0.200000,0,0,0.000000,0,0.000000,0.000000,0.000000,0,0
11,33,0.300000,0.300000,0,0,0.000000,0,0.000000,0.000000,0.000000,0,0
11,34,0.300000,0.400000,0,0,0.000000,0,0.000000,0.000000,0.000000,0,0
11,35,0.300000,0.500000,0,0,0.000000,0,0.000000,0.000000,0.000000,0,0
11,36,0.300000,0.600000,0,0,0.000000,0,0.000000,0.000000,0.000000,0,0
11,37,0.300000,0.700000,0,0,0.000000,0,0.000000,0.000000,0.000000,0,0
11,38,0.300000,0.800000,0,0,0.000000,0,0.000000,0.000000,0.000000,0,0
11,39,0.300000,0.900000,0,0,0.000000,0,0.000000,0.000000,0.000000,0,0
11,40,0.400000,0.000000,0,0,0.000000,0,0.000000,0.000000,0.000000,100,45
11,41,0.400000,0.100000,0,0,0.000000,0,0.000000,0.000000,0.000000,0,0
11,42,0.400000,0.200000,0,0,0.000000,0,0.000000,0.000000,0.000000,0,0
11,43,0.400000,0.300000,0,0,0.000000,0,0.000000,0.000000,0.000000,0,0
11,44,0.400000,0.400000,0,0,0.000000,0,0.000000,0.000000,0.000000,0,0
11,45,0.400000,0.500000,0,0,0.000000,0,0.000000,0.000000,0.000000,0,0
11,46,0.400000,0.600000,0,0,0.000000,0,0.000000,0.000000,0.000000,0,0
11,47,0.400000,0.700000,0,0,0.000000,0,0.000000,0.000000,0.000000,0,0
11,48,0.400000,0.800000,0,0,0.000000,0,0.000000,0.000000,0.000000,0,0
11,49,0.400000,0.900000,0,0,0.000000,0,0.000000,0.000000,0.000000,100,71
11,50,0.500000,0.000000,0,0,0.000000,0,0.000000,0.000000,0.000000,0,0
11,51,0.500000,0.100000,0,0,0.000000,0,0.000000,0.000000,0.000000,0,0
11,52,0.500000,0.200000,0,0,0.000000,0,0.000000,0.000000,0.000000,0,0
11,53,0.500000,0.300000,0,0,0.000000,0,0.000000,0.000000,0.000000,0,0
11,54,0.500000,0.400000,0,0,0.000000,0,0.000000,0.000000,0.000000,0,0
11,55,0.500000,0.500000,0,0,0.000000,0,0.000000,0.000000,0.000000,0,0
11,56,0.500000,0.600000,0,0,0.000000,0,0.000000,0.000000,0.000000,0,0
11,57,0.500000,0.700000,0,0,0.000000,0,0.000000,0.000000,0.000000,0,0
11,58,0.500000,0.800000,0,0,0.000000,0,0.000000,0.000000,0.000000,0,0
11,59,0.500000,0.900000,0,0,0.000000,0,0.000000,0.000000,0.000000,0,0
11,60,0.600000,0.000000,0,0,0.000000,0,0.000000,0.000000,0.000000,0,0
11,61,0.600000,0.100000,0,0,0.000000,0,0.000000,0.000000,0.000000,0,0
11,62,0.600000,0.200000,0,0,0.000000,0,0.000000,0.000000,0.000000,0,0
11,63,0.600000,0.300000,0,0,0.000000,0,0.000000,0.000000,0.000000,0,0
11,64,0.600000,0.400000,0,0,0.000000,0,0.000000,0.000000,0.000000,0,0
11,65,0.600000,0.500000,0,0,0.000000,0,0.000000,0.000000,0.000000,0,0
11,66,0.600000,0.600000,0,0,0.000000,0,0.000000,0.000000,0.000000,0,0
11,67,0.600000,0.700000,0,0,0.000000,0,0.000000,0.000000,0.000000,0,0
11,68,0.600000,0.800000,0,0,0.000000,0,0.000000,0.000000,0.000000,0,0
11,69,0.600000,0.900000,0,0,0.000000,0,0.000000,0.000000,0.000000,0,0
11,70,0.700000,0.000000,0,0,0.000000,0,0.000000,0.000000,0.000000,0,0
11,71,0.700000,0.100000,0,0,0.000000,0,0.000000,0.000000,0.000000,0,0
11,72,0.700000,0.200000,0,0,0.000000,0,0.000000,0.000000,0.000000,0,0
11,73,0.700000,0.300000,0,0,0.000000,0,0.000000,0.000000,0.000000,0,0
11,74,0.700000,0.400000,0,0,0.000000,0,0.000000,0.000000,0.000000,0,0
11,75,0.700000,0.500000,0,0,0.000000,0,0.000000,0.000000,0.000000,0,0
11,76,0.700000,0.600000,0,0,0.000000,0,0.000000,0.000000,0.000000,0,0
11,77,0.700000,0.700000,0,0,0.000000,0,0.000000,0.000000,0.000000,0,0
11,78,0.700000,0.800000,0,0,0.000000,0,0.000000,0.000000,0.000000,0,0
11,79,0.700000,0.900000,0,0,0.000000,0,0.000000,0.000000,0.000000,0,0
11,80,0.800000,0.000000,0,0,0.000000,0,0.000000,0.000000,0.000000,0,0
11,81,0.800000,0.100000,0,0,0.000000,0,0.000000,0.000000,0.000000,0,0
11,82,0.800000,0.200000,0,0,0.000000,0,0.000000,0.000000,0.000000,0,0
11,83,0.800000,0.300000,0,0,0.000000,0,0.000000,0.000000,0.000000,0,0
11,84,0.800000,0.400000,0,0,0.000000,0,0.000000,0.000000,0.000000,0,0
11,85,0.800000,0.500000,0,0,0.000000,0,0.000000,0.000000,0.000000,0,0
11,86,0.800000,0.600000,0,0,0.000000,0,0.000000,0.000000,0.000000,0,0
11,87,0.800000,0.700000,0,0,0.000000,0,0.000000,0.000000,0.000000,0,0
11,88,0.800000,0.800000,0,0,0.000000,0,0.000000,0.000000,0.000000,0,0
11,89,0.800000,0.900000,0,0,0.000000,0,0.000000,0.000000,0.000000,0,0
11,90,0.900000,0.000000,0,0,0.000000,0,0.000000,0.000000,0.000000,0,0
11,91,0.900000,0.100000,0,0,0.000000,0,0.000000,0.000000,0.000000,0,0
11,92,0.900000,0.200000,0,0,0.000000,0,0.000000,0.000000,0.000000,0,0
11,93,0.900000,0.300000,0,0,0.000000,0,0.000000,0.000000,0.000000,0,0
11,94,0.900000,0.400000,0,0,0.000000,0,0.000000,0.000000,0.000000,0,0
11,95,0.900000,0.500000,0,0,0.000000,0,0.000000,0.000000,0.000000,0,0
11,96,0.900000,0.600000,0,0,0.000000,0,0.000000,0.000000,0.000000,0,0
11,97,0.900000,0.700000,0,0,0.000000,0,0.000000,0.000000,0.000000,0,0
11,98,0.900000,0.800000,0,0,0.000000,0,0.000000,0.000000,0.000000,0,0
11,99,0.900000,0.900000,0,34,0.000000,34,34.210526,3.421053,1170.360111,100,2
12,0,0.000000,0.000000,0,72,0.000000,72,72.129839,7.212984,5202.713611,100,1
12,1,0.000000,0.100000,0,0,0.000000,0,0.000000,0.000000,0.000000,0,0
12,2,0.000000,0.200000,0,0,0.000000,0,0.000000,0.000000,0.000000,0,0
12,3,0.000000,0.300000,0,0,0.000000,0,0.000000,0.000000,0.000000,0,0
12,4,0.000000,0.400000,0,0,0.000000,0,0.000000,0.000000,0.000000,0,0
12,5,0.000000,0.500000,0,0,0.000000,0,0.000000,0.000000,0.000000,0,0
12,6,0.000000,0.600000,0,0,0.000000,0,0.000000,0.000000,0.000000,0,0
12,7,0.000000,0.700000,0,0,0.000000,0,0.000000,0.000000,0.000000,0,0
12,8,0.000000,0.800000,0,0,0.000000,0,0.000000,0.000000,0.000000,0,0
12,9,0.000000,0.900000,0,60,0.000000,60,60.279786,6.027979,3633.652642,100,1
12,10,0.100000,0.000000,0,0,0.000000,0,0.000000,0.000000,0.000000,0,0
12,11,0.100000,0.100000,0,0,0.000000,0,0.000000,0.000000,0.000000,0,0
12,12,0.100000,0.200000,0,0,0.000000,0,0.000000,0.000000,0.000000,0,0
12,13,0.100000,0.300000,0,0,0.000000,0,0.000000,0.000000,0.000000,0,0
12,14,0.100000,0.400000,0,0,0.000000,0,0.000000,0.000000,0.000000,0,0
12,15,0.100000,0.500000,0,0,0.000000,0,0.000000,0.000000,0.000000,0,0
12,16,0.100000,0.600000,0,0,0.000000,0,0.000000,0.000000,0.000000,0,0
12,17,0.100000,0.700000,0,0,0.000000,0,0.000000,0.000000,0.000000,0,0
12,18,0.100000,0.800000,0,0,0.000000,0,0.000000,0.000000,0.000000,0,0
12,19,0.100000,0.900000,0,0,0.000000,0,0.000000,0.000000,0.000000,0,0
12,20,0.200000,0.000000,0,0,0.000000,0,0.000000,0.000000,0.000000,0,0
12,21,0.200000,0.100000,0,0,0.000000,0,0.000000,0.000000,0.000000,0,0
12,22,0.200000,0.200000,0,0,0.000000,0,0.000000,0.000000,0.000000,0,0
12,23,0.200000,0.300000,0,0,0.000000,0,0.000000,0.000000,0.000000,0,0
12,24,0.200000,0.400000,0,0,0.000000,0,0.000000,0.000000,0.000000,0,0
12,25,0.200000,0.500000,0,0,0.000000,0,0.000000,0.000000,0.000000,0,0
12,26,0.200000,0.600000,0,0,0.000000,0,0.000000,0.000000,0.000000,0,0
12,27,0.200000,0.700000,0,0,0.000000,0,0.000000,0.000000,0.000000,0,0
12,28,0.200000,0.800000,0,0,0.000000,0,0.000000,0.000000,0.000000,0,0
12,29,0.200000,0.900000,0,0,0.000000,0,0.000000,0.000000,0.000000,0,0
12,30,0.300000,0.000000,0,0,0.000000,0,0.000000,0.000000,0.000000,0,0
12,31,0.300000,0.100000,0,0,0.000000,0,0.000000,0.000000,0.000000,0,0
12,32,0.300000,0.200000,0,0,0.000000,0,0.000000,0.000000,0.000000,0,0
12,33,0.300000,0.300000,0,0,0.000000,0,0.000000,0.000000,0.000000,0,0
12,34,0.300000,0.400000,0,0,0.000000,0,0.000000,0.000000,0.000000,0,0
12,35,0.300000,0.500000,0,0,0.000000,0,0.000000,0.000000,0.000000,0,0
12,36,0.300000,0.600000,0,0,0.000000,0,0.000000,0.000000,0.000000,0,0
12,37,0.300000,0.700000,0,0,0.000000,0,0.000000,0.000000,0.000000,0,0
12,38,0.300000,0.800000,0,0,0.000000,0,0.000000,0.000000,0.000000,0,0
12,39,0.300000,0.900000,0,0,0.000000,0,0.000000,0.000000,0.000000,0,0
12,40,0.400000,0.000000,0,0,0.000000,0,0.000000,0.000000,0.000000,100,45
12,41,0.400000,0.100000,0,0,0.000000,0,0.000000,0.000000,0.000000,0,0
12,42,0.400000,0.200000,0,0,0.000000,0,0.000000,0.000000,0.000000,0,0
12,43,0.400000,0.300000,0,0,0.000000,0,0.000000,0.000000,0.000000,0,0
12,44,0.400000,0.400000,0,0,0.000000,0,0.000000,0.000000,0.000000,0,0
12,45,0.400000,0.500000,0,0,0.000000,0,0.000000,0.000000,0.000000,0,0
12,46,0.400000,0.600000,0,0,0.000000,0,0.000000,0.000000,0.000000,0,0
12,47,0.400000,0.700000,0,0,0.000000,0,0.000000,0.000000,0.000000,0,0
12,48,0.400000,0.800000,0,0,0.000000,0,0.000000,0.000000,0.000000,0,0
12,49,0.400000,0.900000,0,0,0.000000,0,0.000000,0.000000,0.000000,100,71
12,50,0.500000,0.000000,0,0,0.000000,0,0.000000,0.000000,0.000000,0,0
12,51,0.500000,0.100000,0,0,0.000000,0,0.000000,0.000000,0.000000,0,0
12,52,0.500000,0.200000,0,0,0.000000,0,0.000000,0.000000,0.000000,0,0
12,53,0.500000,0.300000,0,0,0.000000,0,0.000000,0.000000,0.000000,0,0
12,54,0.500000,0.400000,0,0,0.000000,0,0.000000,0.000000,0.000000,0,0
12,55,0.500000,0.500000,0,0,0.000000,0,0.000000,0.000000,0.000000,0,0
12,56,0.500000,0.600000,0,0,0.000000,0,0.000000,0.000000,0.000000,0,0
12,57,0.500000,0.700000,0,0,0.000000,0,0.000000,0.000000,0.000000,0,0
12,58,0.500000,0.800000,0,0,0.000000,0,0.000000,0.000000,0.000000,0,0
12,59,0.500000,0.900000,0,0,0.000000,0,0.000000,0.000000,0.000000,0,0
12,60,0.600000,0.000000,0,0,0.000000,0,0.000000,0.000000,0.000000,0,0
12,61,0.600000,0.100000,0,0,0.000000,0,0.000000,0.000000,0.000000,0,0
12,62,0.600000,0.200000,0,0,0.000000,0,0.000000,0.000000,0.000000,0,0
12,63,0.600000,0.300000,0,0,0.000000,0,0.000000,0.000000,0.000000,0,0
12,64,0.600000,0.400000,0,0,0.000000,0,0.000000,0.000000,0.000000,0,0
12,65,0.600000,0.500000,0,0,0.000000,0,0.000000,0.000000,0.000000,0,0
12,66,0.600000,0.600000,0,0,0.000000,0,0.000000,0.000000,0.000000,0,0
12,67,0.600000,0.700000,0,0,0.000000,0,0.000000,0.000000,0.000000,0,0
12,68,0.600000,0.800000,0,0,0.000000,0,0.000000,0.000000,0.000000,0,0
12,69,0.600000,0.900000,0,0,0.000000,0,0.000000,0.000000,0.000000,0,0
12,70,0.700000,0.000000,0,0,0.000000,0,0.000000,0.000000,0.000000,0,0
12,71,0.700000,0.100000,0,0,0.000000,0,0.000000,0.000000,0.000000,0,0
12,72,0.700000,0.200000,0,0,0.000000,0,0.000000,0.000000,0.000000,0,0
12,73,0.700000,0.300000,0,0,0.000000,0,0.000000,0.000000,0.000000,0,0
12,74,0.700000,0.400000,0,0,0.000000,0,0.000000,0.000000,0.000000,0,0
12,75,0.700000,0.500000,0,0,0.000000,0,0.000000,0.000000,0.000000,0,0
12,76,0.700000,0.600000,0,0,0.000000,0,0.000000,0.000000,0.000000,0,0
12,77,0.700000,0.700000,0,0,0.000000,0,0.000000,0.000000,0.000000,0,0
12,78,0.700000,0.800000,0,0,0.000000,0,0.000000,0.000000,0.000000,0,0
12,79,0.700000,0.900000,0,0,0.000000,0,0.000000,0.000000,0.000000,0,0
12,80,0.800000,0.000000,0,0,0.000000,0,0.000000,0.000000,0.000000,0,0
12,81,0.800000,0.100000,0,0,0.000000,0,0.000000,0.000000,0.000000,0,0
12,82,0.800000,0.200000,0,0,0.000000,0,0.000000,0.000000,0.000000,0,0
12,83,0.800000,0.300000,0,0,0.000000,0,0.000000,0.000000,0.000000,0,0
12,84,0.800000,0.400000,0,0,0.000000,0,0.000000,0.000000,0.000000,0,0
12,85,0.800000,0.500000,0,0,0.000000,0,0.000000,0.000000,0.000000,0,0
12,86,0.800000,0.600000,0,0,0.000000,0,0.000000,0.000000,0.000000,0,0
12,87,0.800000,0.700000,0,0,0.000000,0,0.000000,0.000000,0.000000,0,0
12,88,0.800000,0.800000,0,0,0.000000,0,0.000000,0.000000,0.000000,0,0
12,89,0.800000,0.900000,0,0,0.000000,0,0.000000,0.000000,0.000000,0,0
12,90,0.900000,0.000000,0,0,0.000000,0,0.000000,0.000000,0.000000,0,0
12,91,0.900000,0.100000,0,0,0.000000,0,0.000000,0.000000,0.000000,0,0
12,92,0.900000,0.200000,0,0,0.000000,0,0.000000,0.000000,0.000000,0,0
12,93,0.900000,0.300000,0,0,0.000000,0,0.000000,0.000000,0.000000,0,0
12,94,0.900000,0.400000,0,0,0.000000,0,0.000000,0.000000,0.000000,0,0
12,95,0.900000,0.500000,0,0,0.000000,0,0.000000,0.000000,0.000000,0,0
12,96,0.900000,0.600000,0,0,0.000000,0,0.000000,0.000000,0.000000,0,0
12,97,0.900000,0.700000,0,0,0.000000,0,0.000000,0.000000,0.000000,0,0
12,98,0.900000,0.800000,0,0,0.000000,0,0.000000,0.000000,0.000000,0,0
12,99,0.900000,0.900000,0,34,0.000000,34,34.210526,3.421053,1170.360111,100,2
13,0,0.000000,0.000000,0,72,0.000000,72,72.129839,7.212984,5202.713611,100,1
13,1,0.000000,0.100000,0,0,0.000000,0,0.000000,0.000000,0.000000,0,0
13,2,0.000000,0.200000,0,0,0.000000,0,0.000000,0.000000,0.000000,0,0
13,3,0.000000,0.300000,0,0,0.000000,0,0.000000,0.000000,0.000000,0,0
13,4,0.000000,0.400000,0,0,0.000000,0,0.000000,0.000000,0.000000,0,0
13,5,0.000000,0.500000,0,0,0.000000,0,0.000000,0.000000,0.000000,0,0
13,6,0.000000,0.600000,0,0,0.000000,0,0.000000,0.000000,0.000000,0,0
13,7,0.000000,0.700000,0,0,0.000000,0,0.000000,0.000000,0.000000,0,0
13,8,0.000000,0.800000,0,0,0.000000,0,0.000000,0.000000,0.000000,0,0
13,9,0.000000,0.900000,0,60,0.000000,60,60.279786,6.027979,3633.652642,100,1
13,10,0.100000,0.000000,0,0,0.000000,0,0.000000,0.000000,0.000000,0,0
13,11,0.100000,0.100000,0,0,0.000000,0,0.000000,0.000000,0.000000,0,0
13,12,0.100000,0.200000,0,0,0.000000,0,0.000000,0.000000,0.000000,0,0
13,13,0.100000,0.300000,0,0,0.000000,0,0.000000,0.000000,0.000000,0,0
13,14,0.100000,0.400000,0,0,0.000000,0,0.000000,0.000000,0.000000,0,0
13,15,0.100000,0.500000,0,0,0.000000,0,0.000000,0.000000,0.000000,0,0
13,16,0.100000,0.600000,0,0,0.000000,0,0.000000,0.000000,0.000000,0,0
13,17,0.100000,0.700000,0,0,0.000000,0,0.000000,0.000000,0.000000,0,0
13,18,0.100000,0.800000,0,0,0.000000,0,0.000000,0.000000,0.000000,0,0
13,19,0.100000,0.900000,0,0,0.000000,0,0.000000,0.000000,0.000000,0,0
13,20,0.200000,0.000000,0,0,0.000000,0,0.000000,0.000000,0.000000,0,0
13,21,0.200000,0.100000,0,0,0.000000,0,0.000000,0.000000,0.000000,0,0
13,22,0.200000,0.200000,0,0,0.000000,0,0.000000,0.000000,0.000000,0,0
13,23,0.200000,0.300000,0,0,0.000000,0,0.000000,0.000000,0.000000,0,0
13,24,0.200000,0.400000,0,0,0.000000,0,0.000000,0.000000,0.000000,0,0
13,25,0.200000,0.500000,0,0,0.000000,0,0.000000,0.000000,0.000000,0,0
13,26,0.200000,0.600000,0,0,0.000000,0,0.000000,0.000000,0.000000,0,0
13,27,0.200000,0.700000,0,0,0.000000,0,0.000000,0.000000,0.000000,0,0
13,28,0.200000,0.800000,0,0,0.000000,0,0.000000,0.000000,0.000000,0,0
13,29,0.200000,0.900000,0,0,0.000000,0,0.000000,0.000000,0.000000,0,0
13,30,0.300000,0.000000,0,0,0.000000,0,0.000000,0.000000,0.000000,0,0
13,31,0.300000,0.100000,0,0,0.000000,0,0.000000,0.000000,0.000000,0,0
13,32,0.300000,0.200000,0,0,0.000000,0,0.000000,0.000000,0.000000,0,0
13,33,0.300000,0.300000,0,0,0.000000,0,0.000000,0.000000,0.000000,0,0
13,34,0.300000,0.400000,0,0,0.000000,0,0.000000,0.000000,0.000000,0,0
13,35,0.300000,0.500000,0,0,0.000000,0,0.000000,0.000000,0.000000,0,0
13,36,0.300000,0.600000,0,0,0.000000,0,0.000000,0.000000,0.000000,0,0
13,37,0.300000,0.700000,0,0,0.000000,0,0.000000,0.000000,0.000000,0,0
13,38,0.300000,0.800000,0,0,0.000000,0,0.000000,0.000000,0.000000,0,0
13,39,0.300000,0.900000,0,0,0.000000,0,0.000000,0.000000,0.000000,0,0
13,40,0.400000,0.000000,0,0,0.000000,0,0.000000,0.000000,0.000000,100,45
13,41,0.400000,0.100000,0,0,0.000000,0,0.000000,0.000000,0.000000,0,0
13,42,0.400000,0.200000,0,0,0.000000,0,0.000000,0.000000,0.000000,0,0
13,43,0.400000,0.300000,0,0,0.000000,0,0.000000,0.000000,0.000000,0,0
13,44,0.400000,0.400000,0,0,0.000000,0,0.000000,0.000000,0.000000,0,0
13,45,0.400000,0.500000,0,0,0.000000,0,0.000000,0.000000,0.000000,0,0
13,46,0.400000,0.600000,0,0,0.000000,0,0.000000,0.000000,0.000000,0,0
13,47,0.400000,0.700000,0,0,0.000000,0,0.000000,0.000000,0.000000,0,0
13,48,0.400000,0.800000,0,0,0.000000,0,0.000000,0.000000,0.000000,0,0
13,49,0.400000,0.900000,0,0,0.000000,0,0.000000,0.000000,0.000000,100,71
13,50,0.500000,0.000000,0,0,0.000000,0,0.000000,0.000000,0.000000,0,0
13,51,0.500000,0.100000,0,0,0.000000,0,0.000000,0.000000,0.000000,0,0
13,52,0.500000,0.200000,0,0,0.000000,0,0.000000,0.000000,0.000000,0,0
13,53,0.500000,0.300000,0,0,0.000000,0,0.000000,0.000000,0.000000,0,0
13,54,0.500000,0.400000,0,0,0.000000,0,0.000000,0.000000,0.000000,0,0
13,55,0.500000,0.500000,0,0,0.000000,0,0.000000,0.000000,0.000000,0,0
13,56,0.500000,0.600000,0,0,0.000000,0,0.000000,0.000000,0.000000,0,0
13,57,0.500000,0.700000,0,0,0.000000,0,0.000000,0.000000,0.000000,0,0
13,58,0.500000,0.800000,0,0,0.000000,0,0.000000,0.000000,0.000000,0,0
13,59,0.500000,0.900000,0,0,0.000000,0,0.000000,0.000000,0.000000,0,0
13,60,0.600000,0.000000,0,0,0.000000,0,0.000000,0.000000,0.000000,0,0
13,61,0.600000,0.100000,0,0,0.000000,0,0.000000,0.000000,0.000000,0,0
13,62,0.600000,0.200000,0,0,0.000000,0,0.000000,0.000000,0.000000,0,0
13,63,0.600000,0.300000,0,0,0.000000,0,0.000000,0.000000,0.000000,0,0
13,64,0.600000,0.400000,0,0,0.000000,0,0.000000,0.000000,0.000000,0,0
13,65,0.600000,0.500000,0,0,0.000000,0,0.000000,0.000000,0.000000,0,0
13,66,0.600000,0.600000,0,0,0.000000,0,0.000000,0.000000,0.000000,0,0
13,67,0.600000,0.700000,0,0,0.000000,0,0.000000,0.000000,0.000000,0,0
13,68,0.600000,0.800000,0,0,0.000000,0,0.000000,0.000000,0.000000,0,0
13,69,0.600000,0.900000,0,0,0.000000,0,0.000000,0.000000,0.000000,0,0
13,70,0.700000,0.000000,0,0,0.000000,0,0.000000,0.000000,0.000000,0,0
13,71,0.700000,0.100000,0,0,0.000000,0,0.000000,0.000000,0.000000,0,0
13,72,0.700000,0.200000,0,0,0.000000,0,0.000000,0.000000,0.000000,0,0
13,73,0.700000,0.300000,0,0,0.000000,0,0.000000,0.000000,0.000000,0,0
13,74,0.700000,0.400000,0,0,0.000000,0,0.000000,0.000000,0.000000,0,0
13,75,0.700000,0.500000,0,0,0.000000,0,0.000000,0.000000,0.000000,0,0
13,76,0.700000,0.600000,0,0,0.000000,0,0.000000,0.000000,0.000000,0,0
13,77,0.700000,0.700000,0,0,0.000000,0,0.000000,0.000000,0.000000,0,0
13,78,0.700000,0.800000,0,0,0.000000,0,0.000000,0.000000,0.000000,0,0
13,79,0.700000,0.900000,0,0,0.000000,0,0.000000,0.000000,0.000000,0,0
13,80,0.800000,0.000000,0,0,0.000000,0,0.000000,0.000000,0.000000,0,0
13,81,0.800000,0.100000,0,0,0.000000,0,0.000000,0.000000,0.000000,0,0
13,82,0.800000,0.200000,0,0,0.000000,0,0.000000,0.000000,0.000000,0,0
13,83,0.800000,0.300000,0,0,0.000000,0,0.000000,0.000000,0.000000,0,0
13,84,0.800000,0.400000,0,0,0.000000,0,0.000000,0.000000,0.000000,0,0
13,85,0.800000,0.500000,0,0,0.000000,0,0.000000,0.000000,0.000000,0,0
13,86,0.800000,0.600000,0,0,0.000000,0,0.000000,0.000000,0.000000,0,0
13,87,0.800000,0.700000,0,0,0.000000,0,0.000000,0.000000,0.000000,0,0
13,88,0.800000,0.800000,0,0,0.000000,0,0.000000,0.000000,0.000000,0,0
13,89,0.800000,0.900000,0,0,0.000000,0,0.000000,0.000000,0.000000,0,0
13,90,0.900000,0.000000,0,0,0.000000,0,0.000000,0.000000,0.000000,0,0
13,91,0.900000,0.100000,0,0,0.000000,0,0.000000,0.000000,0.000000,0,0
13,92,0.900000,0.200000,0,0,0.000000,0,0.000000,0.000000,0.000000,0,0
13,93,0.900000,0.300000,0,0,0.000000,0,0.000000,0.000000,0.000000,0,0
13,94,0.900000,0.400000,0,0,0.000000,0,0.000000,0.000000,0.000000,0,0
13,95,0.900000,0.500000,0,0,0.000000,0,0.000000,0.000000,0.000000,0,0
13,96,0.900000,0.600000,0,0,0.000000,0,0.000000,0.000000,0.000000,0,0
13,97,0.900000,0.700000,0,0,0.000000,0,0.000000,0.000000,0.000000,0,0
13,98,0.900000,0.800000,0,0,0.000000,0,0.000000,0.000000,0.000000,0,0
13,99,0.900000,0.900000,0,34,0.000000,34,34.210526,3.421053,1170.360111,100,2
14,0,0.000000,0.000000,0,72,0.000000,72,72.129839,7.212984,5202.713611,100,1
14,1,0.000000,0.100000,0,0,0.000000,0,0.000000,0.000000,0.000000,0,0
14,2,0.000000,0.200000,0,0,0.000000,0,0.000000,0.000000,0.000000,0,0
14,3,0.000000,0.300000,0,0,0.000000,0,0.000000,0.000000,0.000000,0,0
14,4,0.000000,0.400000,0,0,0.000000,0,0.000000,0.000000,0.000000,0,0
14,5,0.000000,0.500000,0,0,0.000000,0,0.000000,0.000000,0.000000,0,0
14,6,0.000000,0.600000,0,0,0.000000,0,0.000000,0.000000,0.000000,0,0
14,7,0.000000,0.700000,0,0,0.000000,0,0.000000,0.000000,0.000000,0,0
14,8,0.000000,0.800000,0,0,0.000000,0,0.000000,0.000000,0.000000,0,0
14,9,0.000000,0.900000,0,60,0.000000,60,60.279786,6.027979,3633.652642,100,1
14,10,0.100000,0.000000,0,0,0.000000,0,0.000000,0.000000,0.000000,0,0
14,11,0.100000,0.100000,0,0,0.000000,0,0.000000,0.000000,0.000000,0,0
14,12,0.100000,0.200000,0,0,0.000000,0,0.000000,0.000000,0.000000,0,0
14,13,0.100000,0.300000,0,0,0.000000,0,0.000000,0.000000,0.000000,0,0
14,14,0.100000,0.400000,0,0,0.000000,0,0.000000,0.000000,0.000000,0,0
14,15,0.100000,0.500000,0,0,0.000000,0,0.000000,0.000000,0.000000,0,0
14,16,0.100000,0.600000,0,0,0.000000,0,0.000000,0.000000,0.000000,0,0
14,17,0.100000,0.700000,0,0,0.000000,0,0.000000,0.000000,0.000000,0,0
14,18,0.100000,0.800000,0,0,0.000000,0,0.000000,0.000000,0.000000,0,0
14,19,0.100000,0.900000,0,0,0.000000,0,0.000000,0.000000,0.000000,0,0
14,20,0.200000,0.000000,0,0,0.000000,0,0.000000,0.000000,0.000000,0,0
14,21,0.200000,0.100000,0,0,0.000000,0,0.000000,0.000000,0.000000,0,0
14,22,0.200000,0.200000,0,0,0.000000,0,0.000000,0.000000,0.000000,0,0
14,23,0.200000,0.300000,0,0,0.000000,0,0.000000,0.000000,0.000000,0,0
14,24,0.200000,0.400000,0,0,0.000000,0,0.000000,0.000000,0.000000,0,0
14,25,0.200000,0.500000,0,0,0.000000,0,0.000000,0.000000,0.000000,0,0
14,26,0.200000,0.600000,0,0,0.000000,0,0.000000,0.000000,0.000000,0,0
14,27,0.200000,0.700000,0,0,0.000000,0,0.000000,0.000000,0.000000,0,0
14,28,0.200000,0.800000,0,0,0.000000,0,0.000000,0.000000,0.000000,0,0
14,29,0.200000,0.900000,0,0,0.000000,0,0.000000,0.000000,0.000000,0,0
14,30,0.300000,0.000000,0,0,0.000000,0,0.000000,0.000000,0.000000,0,0
14,31,0.300000,0.100000,0,0,0.000000,0,0.000000,0.000000,0.000000,0,0
14,32,0.300000,0.200000,0,0,0.000000,0,0.000000,0.000000,0.000000,0,0
14,33,0.300000,0.300000,0,0,0.000000,0,0.000000,0.000000,0.000000,0,0
14,34,0.300000,0.400000,0,0,0.000000,0,0.000000,0.000000,0.000000,0,0
14,35,0.300000,0.500000,0,0,0.000000,0,0.000000,0.000000,0.000000,0,0
14,36,0.300000,0.600000,0,0,0.000000,0,0.000000,0.000000,0.000000,0,0
14,37,0.300000,0.700000,0,0,0.000000,0,0.000000,0.000000,0.000000,0,0
14,38,0.300000,0.800000,0,0,0.000000,0,0.000000,0.000000,0.000000,0,0
14,39,0.300000,0.900000,0,0,0.000000,0,0.000000,0.000000,0.000000,0,0
14,40,0.400000,0.000000,0,0,0.000000,0,0.000000,0.000000,0.000000,100,45
14,41,0.400000,0.100000,0,0,0.000000,0,0.000000,0.000000,0.000000,0,0
14,42,0.400000,0.200000,0,0,0.000000,0,0.000000,0.000000,0.000000,0,0
14,43,0.400000,0.300000,0,0,0.000000,0,0.000000,0.000000,0.000000,0,0
14,44,0.400000,0.400000,0,0,0.000000,0,0.000000,0.000000,0.000000,0,0
14,45,0.400000,0.500000,0,0,0.000000,0,0.000000,0.000000,0.000000,0,0
14,46,0.400000,0.600000,0,0,0.000000,0,0.000000,0.000000,0.000000,0,0
14,47,0.400000,0.700000,0,0,0.000000,0,0.000000,0.000000,0.000000,0,0
14,48,0.400000,0.800000,0,0,0.000000,0,0.000000,0.000000,0.000000,0,0
14,49,0.400000,0.900000,0,0,0.000000,0,0.000000,0.000000,0.000000,100,71
14,50,0.500000,0.000000,0,0,0.000000,0,0.000000,0.000000,0.000000,0,0
14,51,0.500000,0.100000,0,0,0.000000,0,0.000000,0.000000,0.000000,0,0
14,52,0.500000,0.200000,0,0,0.000000,0,0.000000,0.000000,0.000000,0,0
14,53,0.500000,0.300000,0,0,0.000000,0,0.000000,0.000000,0.000000,0,0
14,54,0.500000,0.400000,0,0,0.000000,0,0.000000,0.000000,0.000000,0,0
14,55,0.500000,0.500000,0,0,0.000000,0,0.000000,0.000000,0.000000,0,0
14,56,0.500000,0.600000,0,0,0.000000,0,0.000000,0.000000,0.000000,0,0
14,57,0.500000,0.700000,0,0,0.000000,0,0.000000,0.000000,0.000000,0,0
14,58,0.500000,0.800000,0,0,0.000000,0,0.000000,0.000000,0.000000,0,0
14,59,0.500000,0.900000,0,0,0.000000,0,0.000000,0.000000,0.000000,0,0
14,60,0.600000,0.000000,0,0,0.000000,0,0.000000,0.000000,0.000000,0,0
14,61,0.600000,0.100000,0,0,0.000000,0,0.000000,0.000000,0.000000,0,0
14,62,0.600000,0.200000,0,0,0.000000,0,0.000000,0.000000,0.000000,0,0
14,63,0.600000,0.300000,0,0,0.000000,0,0.000000,0.000000,0.000000,0,0
14,64,0.600000,0.400000,0,0,0.000000,0,0.000000,0.000000,0.000000,0,0
14,65,0.600000,0.500000,0,0,0.000000,0,0.000000,0.000000,0.000000,0,0
14,66,0.600000,0.600000,0,0,0.000000,0,0.000000,0.000000,0.000000,0,0
14,67,0.600000,0.700000,0,0,0.000000,0,0.000000,0.000000,0.000000,0,0
14,68,0.600000,0.800000,0,0,0.000000,0,0.000000,0.000000,0.000000,0,0
14,69,0.600000,0.900000,0,0,0.000000,0,0.000000,0.000000,0.000000,0,0
14,70,0.700000,0.000000,0,0,0.000000,0,0.000000,0.000000,0.000000,0,0
14,71,0.700000,0.100000,0,0,0.000000,0,0.000000,0.000000,0.000000,0,0
14,72,0.700000,0.200000,0,0,0.000000,0,0.000000,0.000000,0.000000,0,0
14,73,0.700000,0.300000,0,0,0.000000,0,0.000000,0.000000,0.000000,0,0
14,74,0.700000,0.400000,0,0,0.000000,0,0.000000,0.000000,0.000000,0,0
14,75,0.700000,0.500000,0,0,0.000000,0,0.000000,0.000000,0.000000,0,0
14,76,0.700000,0.600000,0,0,0.000000,0,0.000000,0.000000,0.000000,0,0
14,77,0.700000,0.700000,0,0,0.000000,0,0.000000,0.000000,0.000000,0,0
14,78,0.700000,0.800000,0,0,0.000000,0,0.000000,0.000000,0.000000,0,0
14,79,0.700000,0.900000,0,0,0.000000,0,0.000000,0.000000,0.000000,0,0
14,80,0.800000,0.000000,0,0,0.000000,0,0.000000,0.000000,0.000000,0,0
14,81,0.800000,0.100000,0,0,0.000000,0,0.000000,0.000000,0.000000,0,0
14,82,0.800000,0.200000,0,0,0.000000,0,0.000000,0.000000,0.000000,0,0
14,83,0.800000,0.300000,0,0,0.000000,0,0.000000,0.000000,0.000000,0,0
14,84,0.800000,0.400000,0,0,0.000000,0,0.000000,0.000000,0.000000,0,0
14,85,0.800000,0.500000,0,0,0.000000,0,0.000000,0.000000,0.000000,0,0
14,86,0.800000,0.600000,0,0,0.000000,0,0.000000,0.000000,0.000000,0,0
14,87,0.800000,0.700000,0,0,0.000000,0,0.000000,0.000000,0.000000,0,0
14,88,0.800000,0.800000,0,0,0.000000,0,0.000000,0.000000,0.000000,0,0
14,89,0.800000,0.900000,0,0,0.000000,0,0.000000,0.000000,0.000000,0,0
14,90,0.900000,0.000000,0,0,0.000000,0,0.000000,0.000000,0.000000,0,0
14,91,0.900000,0.100000,0,0,0.000000,0,0.000000,0.000000,0.000000,0,0
14,92,0.900000,0.200000,0,0,0.000000,0,0.000000,0.000000,0.000000,0,0
14,93,0.900000,0.300000,0,0,0.000000,0,0.000000,0.000000,0.000000,0,0
14,94,0.900000,0.400000,0,0,0.000000,0,0.000000,0.000000,0.000000,0,0
14,95,0.900000,0.500000,0,0,0.000000,0,0.000000,0.000000,0.000000,0,0
14,96,0.900000,0.600000,0,0,0.000000,0,0.000000,0.000000,0.000000,0,0
14,97,0.900000,0.700000,0,0,0.000000,0,0.000000,0.000000,0.000000,0,0
14,98,0.900000,0.800000,0,0,0.000000,0,0.000000,0.000000,0.000000,0,0
14,99,0.900000,0.900000,0,34,0.000000,34,34.210526,3.421053,1170.360111,100,2
15,0,0.000000,0.000000,0,72,0.000000,72,72.129839,7.212984,5202.713611,100,1
15,1,0.000000,0.100000,0,0,0.000000,0,0.000000,0.000000,0.000000,0,0
15,2,0.000000,0.200000,0,0,0.000000,0,0.000000,0.000000,0.000000,0,0
15,3,0.000000,0.300000,0,0,0.000000,0,0.000000,0.000000,0.000000,0,0
15,4,0.000000,0.400000,0,0,0.000000,0,0.000000,0.000000,0.000000,0,0
15,5,0.000000,0.500000,0,0,0.000000,0,0.000000,0.000000,0.000000,0,0
15,6,0.000000,0.600000,0,0,0.000000,0,0.000000,0.000000,0.000000,0,0
15,7,0.000000,0.700000,0,0,0.000000,0,0.000000,0.000000,0.000000,0,0
15,8,0.000000,0.800000,0,0,0.000000,0,0.000000,0.000000,0.000000,0,0
15,9,0.000000,0.900000,0,60,0.000000,60,60.279786,6.027979,3633.652642,100,1
15,10,0.100000,0.000000,0,0,0.000000,0,0.000000,0.000000,0.000000,0,0
15,11,0.100000,0.100000,0,0,0.000000,0,0.000000,0.000000,0.000000,0,0
15,12,0.100000,0.200000,0,0,0.000000,0,0.000000,0.000000,0.000000,0,0
15,13,0.100000,0.300000,0,0,0.000000,0,0.000000,0.000000,0.000000,0,0
15,14,0.100000,0.400000,0,0,0.000000,0,0.000000,0.000000,0.000000,0,0
15,15,0.100000,0.500000,0,0,0.000000,0,0.000000,0.000000,0.000000,0,0
15,16,0.100000,0.600000,0,0,0.000000,0,0.000000,0.000000,0.000000,0,0
15,17,0.100000,0.700000,0,0,0.000000,0,0.000000,0.000000,0.000000,0,0
15,18,0.100000,0.800000,0,0,0.000000,0,0.000000,0.000000,0.000000,0,0
15,19,0.100000,0.900000,0,0,0.000000,0,0.000000,0.000000,0.000000,0,0
15,20,0.200000,0.000000,0,0,0.000000,0,0.000000,0.000000,0.000000,0,0
15,21,0.200000,0.100000,0,0,0.000000,0,0.000000,0.000000,0.000000,0,0
15,22,0.200000,0.200000,0,0,0.000000,0,0.000000,0.000000,0.000000,0,0
15,23,0.200000,0.300000,0,0,0.000000,0,0.000000,0.000000,0.000000,0,0
15,24,0.200000,0.400000,0,0,0.000000,0,0.000000,0.000000,0.000000,0,0
15,25,0.200000,0.500000,0,0,0.000000,0,0.000000,0.000000,0.000000,0,0
15,26,0.200000,0.600000,0,0,0.000000,0,0.000000,0.000000,0.000000,0,0
15,27,0.200000,0.700000,0,0,0.000000,0,0.000000,0.000000,0.000000,0,0
15,28,0.200000,0.800000,0,0,0.000000,0,0.000000,0.000000,0.000000,0,0
15,29,0.200000,0.900000,0,0,0.000000,0,0.000000,0.000000,0.000000,0,0
15,30,0.300000,0.000000,0,0,0.000000,0,0.000000,0.000000,0.000000,0,0
15,31,0.300000,0.100000,0,0,0.000000,0,0.000000,0.000000,0.000000,0,0
15,32,0.300000,0.200000,0,0,0.000000,0,0.000000,0.000000,0.000000,0,0
15,33,0.300000,0.300000,0,0,0.000000,0,0.000000,0.000000,0.000000,0,0
15,34,0.300000,0.400000,0,0,0.000000,0,0.000000,0.000000,0.000000,0,0
15,35,0.300000,0.500000,0,0,0.000000,0,0.000000,0.000000,0.000000,0,0
15,36,0.300000,0.600000,0,0,0.000000,0,0.000000,0.000000,0.000000,0,0
15,37,0.300000,0.700000,0,0,0.000000,0,0.000000,0.000000,0.000000,0,0
15,38,0.300000,0.800000,0,0,0.000000,0,0.000000,0.000000,0.000000,0,0
15,39,0.300000,0.900000,0,0,0.000000,0,0.000000,0.000000,0.000000,0,0
15,40,0.400000,0.000000,0,0,0.000000,0,0.000000,0.000000,0.000000,100,45
15,41,0.400000,0.100000,0,0,0.000000,0,0.000000,0.000000,0.000000,0,0
15,42,0.400000,0.200000,0,0,0.000000,0,0.000000,0.000000,0.000000,0,0
15,43,0.400000,0.300000,0,0,0.000000,0,0.000000,0.000000,0.000000,0,0
15,44,0.400000,0.400000,0,0,0.000000,0,0.000000,0.000000,0.000000,0,0
15,45,0.400000,0.500000,0,0,0.000000,0,0.000000,0.000000,0.000000,0,0
15,46,0.400000,0.600000,0,0,0.000000,0,0.000000,0.000000,0.000000,0,0
15,47,0.400000,0.700000,0,0,0.000000,0,0.000000,0.000000,0.000000,0,0
15,48,0.400000,0.800000,0,0,0.000000,0,0.000000,0.000000,0.000000,0,0
15,49,0.400000,0.900000,0,0,0.000000,0,0.000000,0.000000,0.000000,100,71
15,50,0.500000,0.000000,0,0,0.000000,0,0.000000,0.000000,0.000000,0,0
15,51,0.500000,0.100000,0,0,0.000000,0,0.000000,0.000000,0.000000,0,0
15,52,0.500000,0.200000,0,0,0.000000,0,0.000000,0.000000,0.000000,0,0
15,53,0.500000,0.300000,0,0,0.000000,0,0.000000,0.000000,0.000000,0,0
15,54,0.500000,0.400000,0,0,0.000000,0,0.000000,0.000000,0.000000,0,0
15,55,0.500000,0.500000,0,0,0.000000,0,0.000000,0.000000,0.000000,0,0
15,56,0.500000,0.600000,0,0,0.000000,0,0.000000,0.000000,0.000000,0,0
15,57,0.500000,0.700000,0,0,0.000000,0,0.000000,0.000000,0.000000,0,0
15,58,0.500000,0.800000,0,0,0.000000,0,0.000000,0.000000,0.000000,0,0
15,59,0.500000,0.900000,0,0,0.000000,0,0.000000,0.000000,0.000000,0,0
15,60,0.600000,0.000000,0,0,0.000000,0,0.000000,0.000000,0.000000,0,0
15,61,0.600000,0.100000,0,0,0.000000,0,0.000000,0.000000,0.000000,0,0
15,62,0.600000,0.200000,0,0,0.000000,0,0.000000,0.000000,0.000000,0,0
15,63,0.600000,0.300000,0,0,0.000000,0,0.000000,0.000000,0.000000,0,0
15,64,0.600000,0.400000,0,0,0.000000,0,0.000000,0.000000,0.000000,0,0
15,65,0.600000,0.500000,0,0,0.000000,0,0.000000,0.000000,0.000000,0,0
15,66,0.600000,0.600000,0,0,0.000000,0,0.000000,0.000000,0.000000,0,0
15,67,0.600000,0.700000,0,0,0.000000,0,0.000000,0.000000,0.000000,0,0
15,68,0.600000,0.800000,0,0,0.000000,0,0.000000,0.000000,0.000000,0,0
15,69,0.600000,0.900000,0,0,0.000000,0,0.000000,0.000000,0.000000,0,0
15,70,0.700000,0.000000,0,0,0.000000,0,0.000000,0.000000,0.000000,0,0
15,71,0.700000,0.100000,0,0,0.000000,0,0.000000,0.000000,0.000000,0,0
15,72,0.700000,0.200000,0,0,0.000000,0,0.000000,0.000000,0.000000,0,0
15,73,0.700000,0.300000,0,0,0.000000,0,0.000000,0.000000,0.000000,0,0
15,74,0.700000,0.400000,0,0,0.000000,0,0.000000,0.000000,0.000000,0,0
15,75,0.700000,0.500000,0,0,0.000000,0,0.000000,0.000000,0.000000,0,0
15,76,0.700000,0.600000,0,0,0.000000,0,0.000000,0.000000,0.000000,0,0
15,77,0.700000,0.700000,0,0,0.000000,0,0.000000,0.000000,0.000000,0,0
15,78,0.700000,0.800000,0,0,0.000000,0,0.000000,0.000000,0.000000,0,0
15,79,0.700000,0.900000,0,0,0.000000,0,0.000000,0.000000,0.000000,0,0
15,80,0.800000,0.000000,0,0,0.000000,0,0.000000,0.000000,0.000000,0,0
15,81,0.800000,0.100000,0,0,0.000000,0,0.000000,0.000000,0.000000,0,0
15,82,0.800000,0.200000,0,0,0.000000,0,0.000000,0.000000,0.000000,0,0
15,83,0.800000,0.300000,0,0,0.000000,0,0.000000,0.000000,0.000000,0,0
15,84,0.800000,0.400000,0,0,0.000000,0,0.000000,0.000000,0.000000,0,0
15,85,0.800000,0.500000,0,0,0.000000,0,0.000000,0.000000,0.000000,0,0
15,86,0.800000,0.600000,0,0,0.000000,0,0.000000,0.000000,0.000000,0,0
15,87,0.800000,0.700000,0,0,0.000000,0,0.000000,0.000000,0.000000,0,0
15,88,0.800000,0.800000,0,0,0.000000,0,0.000000,0.000000,0.000000,0,0
15,89,0.800000,0.900000,0,0,0.000000,0,0.000000,0.000000,0.000000,0,0
15,90,0.900000,0.000000,0,0,0.000000,0,0.000000,0.000000,0.000000,0,0
15,91,0.900000,0.100000,0,0,0.000000,0,0.000000,0.000000,0.000000,0,0
15,92,0.900000,0.200000,0,0,0.000000,0,0.000000,0.000000,0.000000,0,0
15,93,0.900000,0.300000,0,0,0.000000,0,0.000000,0.000000,0.000000,0,0
15,94,0.900000,0.400000,0,0,0.000000,0,0.000000,0.000000,0.000000,0,0
15,95,0.900000,0.500000,0,0,0.000000,0,0.000000,0.000000,0.000000,0,0
15,96,0.900000,0.600000,0,0,0.000000,0,0.000000,0.000000,0.000000,0,0
15,97,0.900000,0.700000,0,0,0.000000,0,0.000000,0.000000,0.000000,0,0
15,98,0.900000,0.800000,0,0,0.000000,0,0.000000,0.000000,0.000000,0,0
15,99,0.900000,0.900000,0,34,0.000000,34,34.210526,3.421053,1170.360111,100,2
16,0,0.000000,0.000000,0,72,0.000000,72,72.129839,7.212984,5202.713611,100,1
16,1,0.000000,0.100000,0,0,0.000000,0,0.000000,0.000000,0.000000,0,0
16,2,0.000000,0.200000,0,0,0.000000,0,0.000000,0.000000,0.000000,0,0
16,3,0.000000,0.300000,0,0,0.000000,0,0.000000,0.000000,0.000000,0,0
16,4,0.000000,0.400000,0,0,0.000000,0,0.000000,0.000000,0.000000,0,0
16,5,0.000000,0.500000,0,0,0.000000,0,0.000000,0.000000,0.000000,0,0
16,6,0.000000,0.600000,0,0,0.000000,0,0.000000,0.000000,0.000000,0,0
16,7,0.000000,0.700000,0,0,0.000000,0,0.000000,0.000000,0.000000,0,0
16,8,0.000000,0.800000,0,0,0.000000,0,0.000000,0.000000,0.000000,0,0
16,9,0.000000,0.900000,0,62,0.000000,60,61.149685,6.114969,3739.284033,100,2
16,10,0.100000,0.000000,0,0,0.000000,0,0.000000,0.000000,0.000000,0,0
16,11,0.100000,0.100000,0,0,0.000000,0,0.000000,0.000000,0.000000,0,0
16,12,0.100000,0.200000,0,0,0.000000,0,0.000000,0.000000,0.000000,0,0
16,13,0.100000,0.300000,0,0,0.000000,0,0.000000,0.000000,0.000000,0,0
16,14,0.100000,0.400000,0,0,0.000000,0,0.000000,0.000000,0.000000,0,0
16,15,0.100000,0.500000,0,0,0.000000,0,0.000000,0.000000,0.000000,0,0
16,16,0.100000,0.600000,0,0,0.000000,0,0.000000,0.000000,0.000000,0,0
16,17,0.100000,0.700000,0,0,0.000000,0,0.000000,0.000000,0.000000,0,0
16,18,0.100000,0.800000,0,0,0.000000,0,0.000000,0.000000,0.000000,0,0
16,19,0.100000,0.900000,0,0,0.000000,0,0.000000,0.000000,0.000000,0,0
16,20,0.200000,0.000000,0,0,0.000000,0,0.000000,0.000000,0.000000,0,0
16,21,0.200000,0.100000,0,0,0.000000,0,0.000000,0.000000,0.000000,0,0
16,22,0.200000,0.200000,0,0,0.000000,0,0.000000,0.000000,0.000000,0,0
16,23,0.200000,0.300000,0,0,0.000000,0,0.000000,0.000000,0.000000,0,0
16,24,0.200000,0.400000,0,0,0.000000,0,0.000000,0.000000,0.000000,0,0
16,25,0.200000,0.500000,0,0,0.000000,0,0.000000,0.000000,0.000000,0,0
16,26,0.200000,0.600000,0,0,0.000000,0,0.000000,0.000000,0.000000,0,0
16,27,0.200000,0.700000,0,0,0.000000,0,0.000000,0.000000,0.000000,0,0
16,28,0.200000,0.800000,0,0,0.000000,0,0.000000,0.000000,0.000000,0,0
16,29,0.200000,0.900000,0,0,0.000000,0,0.000000,0.000000,0.000000,0,0
16,30,0.300000,0.000000,0,0,0.000000,0,0.000000,0.000000,0.000000,0,0
16,31,0.300000,0.100000,0,0,0.000000,0,0.000000,0.000000,0.000000,0,0
16,32,0.300000,0.200000,0,0,0.000000,0,0.000000,0.000000,0.000000,0,0
16,33,0.300000,0.300000,0,0,0.000000,0,0.000000,0.000000,0.000000,0,0
16,34,0.300000,0.400000,0,0,0.000000,0,0.000000,0.000000,0.000000,0,0
16,35,0.300000,0.500000,0,0,0.000000,0,0.000000,0.000000,0.000000,0,0
16,36,0.300000,0.600000,0,0,0.000000,0,0.000000,0.000000,0.000000,0,0
16,37,0.300000,0.700000,0,0,0.000000,0,0.000000,0.000000,0.000000,0,0
16,38,0.300000,0.800000,0,0,0.000000,0,0.000000,0.000000,0.000000,0,0
16,39,0.300000,0.900000,0,0,0.000000,0,0.000000,0.000000,0.000000,0,0
16,40,0.400000,0.000000,0,0,0.000000,0,0.000000,0.000000,0.000000,100,45
16,41,0.400000,0.100000,0,0,0.000000,0,0.000000,0.000000,0.000000,0,0
16,42,0.400000,0.200000,0,0,0.000000,0,0.000000,0.000000,0.000000,0,0
16,43,0.400000,0.300000,0,0,0.000000,0,0.000000,0.000000,0.000000,0,0
16,44,0.400000,0.400000,0,0,0.000000,0,0.000000,0.000000,0.000000,0,0
16,45,0.400000,0.500000,0,0,0.000000,0,0.000000,0.000000,0.000000,0,0
16,46,0.400000,0.600000,0,0,0.000000,0,0.000000,0.000000,0.000000,0,0
16,47,0.400000,0.700000,0,0,0.000000,0,0.000000,0.000000,0.000000,0,0
16,48,0.400000,0.800000,0,0,0.000000,0,0.000000,0.000000,0.000000,0,0
16,49,0.400000,0.900000,0,0,0.000000,0,0.000000,0.000000,0.000000,100,71
16,50,0.500000,0.000000,0,0,0.000000,0,0.000000,0.000000,0.000000,0,0
16,51,0.500000,0.100000,0,0,0.000000,0,0.000000,0.000000,0.000000,0,0
16,52,0.500000,0.200000,0,0,0.000000,0,0.000000,0.000000,0.000000,0,0
16,53,0.500000,0.300000,0,0,0.000000,0,0.000000,0.000000,0.000000,0,0
16,54,0.500000,0.400000,0,0,0.000000,0,0.000000,0.000000,0.000000,0,0
16,55,0.500000,0.500000,0,0,0.000000,0,0.000000,0.000000,0.000000,0,0
16,56,0.500000,0.600000,0,0,0.000000,0,0.000000,0.000000,0.000000,0,0
16,57,0.500000,0.700000,0,0,0.000000,0,0.000000,0.000000,0.000000,0,0
16,58,0.500000,0.800000,0,0,0.000000,0,0.000000,0.000000,0.000000,0,0
16,59,0.500000,0.900000,0,0,0.000000,0,0.000000,0.000000,0.000000,0,0
16,60,0.600000,0.000000,0,0,0.000000,0,0.000000,0.000000,0.000000,0,0
16,61,0.600000,0.100000,0,0,0.000000,0,0.000000,0.000000,0.000000,0,0
16,62,0.600000,0.200000,0,0,0.000000,0,0.000000,0.000000,0.000000,0,0
16,63,0.600000,0.300000,0,0,0.000000,0,0.000000,0.000000,0.000000,0,0
16,64,0.600000,0.400000,0,0,0.000000,0,0.000000,0.000000,0.000000,0,0
16,65,0.600000,0.500000,0,0,0.000000,0,0.000000,0.000000,0.000000,0,0
16,66,0.600000,0.600000,0,0,0.000000,0,0.000000,0.000000,0.000000,0,0
16,67,0.600000,0.700000,0,0,0.000000,0,0.000000,0.000000,0.000000,0,0
16,68,0.600000,0.800000,0,0,0.000000,0,0.000000,0.000000,0.000000,0,0
16,69,0.600000,0.900000,0,0,0.000000,0,0.000000,0.000000,0.000000,0,0
16,70,0.700000,0.000000,0,0,0.000000,0,0.000000,0.000000,0.000000,0,0
16,71,0.700000,0.100000,0,0,0.000000,0,0.000000,0.000000,0.000000,0,0
16,72,0.700000,0.200000,0,0,0.000000,0,0.000000,0.000000,0.000000,0,0
16,73,0.700000,0.300000,0,0,0.000000,0,0.000000,0.000000,0.000000,0,0
16,74,0.700000,0.400000,0,0,0.000000,0,0.000000,0.000000,0.000000,0,0
16,75,0.700000,0.500000,0,0,0.000000,0,0.000000,0.000000,0.000000,0,0
16,76,0.700000,0.600000,0,0,0.000000,0,0.000000,0.000000,0.000000,0,0
16,77,0.700000,0.700000,0,0,0.000000,0,0.000000,0.000000,0.000000,0,0
16,78,0.700000,0.800000,0,0,0.000000,0,0.000000,0.000000,0.000000,0,0
16,79,0.700000,0.900000,0,0,0.000000,0,0.000000,0.000000,0.000000,0,0
16,80,0.800000,0.000000,0,0,0.000000,0,0.000000,0.000000,0.000000,0,0
16,81,0.800000,0.100000,0,0,0.000000,0,0.000000,0.000000,0.000000,0,0
16,82,0.800000,0.200000,0,0,0.000000,0,0.000000,0.000000,0.000000,0,0
16,83,0.800000,0.300000,0,0,0.000000,0,0.000000,0.000000,0.000000,0,0
16,84,0.800000,0.400000,0,0,0.000000,0,0.000000,0.000000,0.000000,0,0
16,85,0.800000,0.500000,0,0,0.000000,0,0.000000,0.000000,0.000000,0,0
16,86,0.800000,0.600000,0,0,0.000000,0,0.000000,0.000000,0.000000,0,0
16,87,0.800000,0.700000,0,0,0.000000,0,0.000000,0.000000,0.000000,0,0
16,88,0.800000,0.800000,0,0,0.000000,0,0.000000,0.000000,0.000000,0,0
16,89,0.800000,0.900000,0,0,0.000000,0,0.000000,0.000000,0.000000,0,0
16,90,0.900000,0.000000,0,0,0.000000,0,0.000000,0.000000,0.000000,0,0
16,91,0.900000,0.100000,0,0,0.000000,0,0.000000,0.000000,0.000000,0,0
16,92,0.900000,0.200000,0,0,0.000000,0,0.000000,0.000000,0.000000,0,0
16,93,0.900000,0.300000,0,0,0.000000,0,0.000000,0.000000,0.000000,0,0
16,94,0.900000,0.400000,0,0,0.000000,0,0.000000,0.000000,0.000000,0,0
16,95,0.900000,0.500000,0,0,0.000000,0,0.000000,0.000000,0.000000,0,0
16,96,0.900000,0.600000,0,0,0.000000,0,0.000000,0.000000,0.000000,0,0
16,97,0.900000,0.700000,0,0,0.000000,0,0.000000,0.000000,0.000000,0,0
16,98,0.900000,0.800000,0,0,0.000000,0,0.000000,0.000000,0.000000,0,0
16,99,0.900000,0.900000,0,34,0.000000,34,34.210526,3.421053,1170.360111,100,2
17,0,0.000000,0.000000,0,72,0.000000,72,72.129839,7.212984,5202.713611,100,1
17,1,0.000000,0.100000,0,0,0.000000,0,0.000000,0.000000,0.000000,0,0
17,2,0.000000,0.200000,0,0,0.000000,0,0.000000,0.000000,0.000000,0,0
17,3,0.000000,0.300000,0,0,0.000000,0,0.000000,0.000000,0.000000,0,0
17,4,0.000000,0.400000,0,0,0.000000,0,0.000000,0.000000,0.000000,0,0
17,5,0.000000,0.500000,0,0,0.000000,0,0.000000,0.000000,0.000000,0,0
17,6,0.000000,0.600000,0,0,0.000000,0,0.000000,0.000000,0.000000,0,0
17,7,0.000000,0.700000,0,0,0.000000,0,0.000000,0.000000,0.000000,0,0
17,8,0.000000,0.800000,0,0,0.000000,0,0.000000,0.000000,0.000000,0,0
17,9,0.000000,0.900000,0,62,0.000000,62,62.486017,6.248602,3904.502364,100,1
17,10,0.100000,0.000000,0,0,0.000000,0,0.000000,0.000000,0.000000,0,0
17,11,0.100000,0.100000,0,0,0.000000,0,0.000000,0.000000,0.000000,0,0
17,12,0.100000,0.200000,0,0,0.000000,0,0.000000,0.000000,0.000000,0,0
17,13,0.100000,0.300000,0,0,0.000000,0,0.000000,0.000000,0.000000,0,0
17,14,0.100000,0.400000,0,0,0.000000,0,0.000000,0.000000,0.000000,0,0
17,15,0.100000,0.500000,0,0,0.000000,0,0.000000,0.000000,0.000000,0,0
17,16,0.100000,0.600000,0,0,0.000000,0,0.000000,0.000000,0.000000,0,0
17,17,0.100000,0.700000,0,0,0.000000,0,0.000000,0.000000,0.000000,0,0
17,18,0.100000,0.800000,0,0,0.000000,0,0.000000,0.000000,0.000000,0,0
17,19,0.100000,0.900000,0,0,0.000000,0,0.000000,0.000000,0.000000,0,0
17,20,0.200000,0.000000,0,0,0.000000,0,0.000000,0.000000,0.000000,0,0
17,21,0.200000,0.100000,0,0,0.000000,0,0.000000,0.000000,0.000000,0,0
17,22,0.200000,0.200000,0,0,0.000000,0,0.000000,0.000000,0.000000,0,0
17,23,0.200000,0.300000,0,0,0.000000,0,0.000000,0.000000,0.000000,0,0
17,24,0.200000,0.400000,0,0,0.000000,0,0.000000,0.000000,0.000000,0,0
17,25,0.200000,0.500000,0,0,0.000000,0,0.000000,0.000000,0.000000,0,0
17,26,0.200000,0.600000,0,0,0.000000,0,0.000000,0.000000,0.000000,0,0
17,27,0.200000,0.700000,0,0,0.000000,0,0.000000,0.000000,0.000000,0,0
17,28,0.200000,0.800000,0,0,0.000000,0,0.000000,0.000000,0.000000,0,0
17,29,0.200000,0.900000,0,0,0.000000,0,0.000000,0.000000,0.000000,0,0
17,30,0.300000,0.000000,0,0,0.000000,0,0.000000,0.000000,0.000000,0,0
17,31,0.300000,0.100000,0,0,0.000000,0,0.000000,0.000000,0.000000,0,0
17,32,0.300000,0.200000,0,0,0.000000,0,0.000000,0.000000,0.000000,0,0
17,33,0.300000,0.300000,0,0,0.000000,0,0.000000,0.000000,0.000000,0,0
17,34,0.300000,0.400000,0,0,0.000000,0,0.000000,0.000000,0.000000,0,0
17,35,0.300000,0.500000,0,0,0.000000,0,0.000000,0.000000,0.000000,0,0
17,36,0.300000,0.600000,0,0,0.000000,0,0.000000,0.000000,0.000000,0,0
17,37,0.300000,0.700000,0,0,0.000000,0,0.000000,0.000000,0.000000,0,0
17,38,0.300000,0.800000,0,0,0.000000,0,0.000000,0.000000,0.000000,0,0
17,39,0.300000,0.900000,0,0,0.000000,0,0.000000,0.000000,0.000000,0,0
17,40,0.400000,0.000000,0,0,0.000000,0,0.000000,0.000000,0.000000,100,45
17,41,0.400000,0.100000,0,0,0.000000,0,0.000000,0.000000,0.000000,0,0
17,42,0.400000,0.200000,0,0,0.000000,0,0.000000,0.000000,0.000000,0,0
17,43,0.400000,0.300000,0,0,0.000000,0,0.000000,0.000000,0.000000,0,0
17,44,0.400000,0.400000,0,0,0.000000,0,0.000000,0.000000,0.000000,0,0
17,45,0.400000,0.500000,0,0,0.000000,0,0.000000,0.000000,0.000000,0,0
17,46,0.400000,0.600000,0,0,0.000000,0,0.000000,0.000000,0.000000,0,0
17,47,0.400000,0.700000,0,0,0.000000,0,0.000000,0.000000,0.000000,0,0
17,48,0.400000,0.800000,0,0,0.000000,0,0.000000,0.000000,0.000000,0,0
17,49,0.400000,0.900000,0,0,0.000000,0,0.000000,0.000000,0.000000,100,71
17,50,0.500000,0.000000,0,0,0.000000,0,0.000000,0.000000,0.000000,0,0
17,51,0.500000,0.100000,0,0,0.000000,0,0.000000,0.000000,0.000000,0,0
17,52,0.500000,0.200000,0,0,0.000000,0,0.000000,0.000000,0.000000,0,0
17,53,0.500000,0.300000,0,0,0.000000,0,0.000000,0.000000,0.000000,0,0
17,54,0.500000,0.400000,0,0,0.000000,0,0.000000,0.000000,0.000000,0,0
17,55,0.500000,0.500000,0,0,0.000000,0,0.000000,0.000000,0.000000,0,0
17,56,0.500000,0.600000,0,0,0.000000,0,0.000000,0.000000,0.000000,0,0
17,57,0.500000,0.700000,0,0,0.000000,0,0.000000,0.000000,0.000000,0,0
17,58,0.500000,0.800000,0,0,0.000000,0,0.000000,0.000000,0.000000,0,0
17,59,0.500000,0.900000,0,0,0.000000,0,0.000000,0.000000,0.000000,0,0
17,60,0.600000,0.000000,0,0,0.000000,0,0.000000,0.000000,0.000000,0,0
17,61,0.600000,0.100000,0,0,0.000000,0,0.000000,0.000000,0.000000,0,0
17,62,0.600000,0.200000,0,0,0.000000,0,0.000000,0.000000,0.000000,0,0
17,63,0.600000,0.300000,0,0,0.000000,0,0.000000,0.000000,0.000000,0,0
17,64,0.600000,0.400000,0,0,0.000000,0,0.000000,0.000000,0.000000,0,0
17,65,0.600000,0.500000,0,0,0.000000,0,0.000000,0.000000,0.000000,0,0
17,66,0.600000,0.600000,0,0,0.000000,0,0.000000,0.000000,0.000000,0,0
17,67,0.600000,0.700000,0,0,0.000000,0,0.000000,0.000000,0.000000,0,0
17,68,0.600000,0.800000,0,0,0.000000,0,0.000000,0.000000,0.000000,0,0
17,69,0.600000,0.900000,0,0,0.000000,0,0.000000,0.000000,0.000000,0,0
17,70,0.700000,0.000000,0,0,0.000000,0,0.000000,0.000000,0.000000,0,0
17,71,0.700000,0.100000,0,0,0.000000,0,0.000000,0.000000,0.000000,0,0
17,72,0.700000,0.200000,0,0,0.000000,0,0.000000,0.000000,0.000000,0,0
17,73,0.700000,0.300000,0,0,0.000000,0,0.000000,0.000000,0.000000,0,0
17,74,0.700000,0.400000,0,0,0.000000,0,0.000000,0.000000,0.000000,0,0
17,75,0.700000,0.500000,0,0,0.000000,0,0.000000,0.000000,0.000000,0,0
17,76,0.700000,0.600000,0,0,0.000000,0,0.000000,0.000000,0.000000,0,0
17,77,0.700000,0.700000,0,0,0.000000,0,0.000000,0.000000,0.000000,0,0
17,78,0.700000,0.800000,0,0,0.000000,0,0.000000,0.000000,0.000000,0,0
17,79,0.700000,0.900000,0,0,0.000000,0,0.000000,0.000000,0.000000,0,0
17,80,0.800000,0.000000,0,0,0.000000,0,0.000000,0.000000,0.000000,0,0
17,81,0.800000,0.100000,0,0,0.000000,0,0.000000,0.000000,0.000000,0,0
17,82,0.800000,0.200000,0,0,0.000000,0,0.000000,0.000000,0.000000,0,0
17,83,0.800000,0.300000,0,0,0.000000,0,0.000000,0.000000,0.000000,0,0
17,84,0.800000,0.400000,0,0,0.000000,0,0.000000,0.000000,0.000000,0,0
17,85,0.800000,0.500000,0,0,0.000000,0,0.000000,0.000000,0.000000,0,0
17,86,0.800000,0.600000,0,0,0.000000,0,0.000000,0.000000,0.000000,0,0
17,87,0.800000,0.700000,0,0,0.000000,0,0.000000,0.000000,0.000000,0,0
17,88,0.800000,0.800000,0,0,0.000000,0,0.000000,0.000000,0.000000,0,0
17,89,0.800000,0.900000,0,0,0.000000,0,0.000000,0.000000,0.000000,0,0
17,90,0.900000,0.000000,0,0,0.000000,0,0.000000,0.000000,0.000000,0,0
17,91,0.900000,0.100000,0,0,0.000000,0,0.000000,0.000000,0.000000,0,0
17,92,0.900000,0.200000,0,0,0.000000,0,0.000000,0.000000,0.000000,0,0
17,93,0.900000,0.300000,0,0,0.000000,0,0.000000,0.000000,0.000000,0,0
17,94,0.900000,0.400000,0,0,0.000000,0,0.000000,0.000000,0.000000,0,0
17,95,0.900000,0.500000,0,0,0.000000,0,0.000000,0.000000,0.000000,0,0
17,96,0.900000,0.600000,0,0,0.000000,0,0.000000,0.000000,0.000000,0,0
17,97,0.900000,0.700000,0,0,0.000000,0,0.000000,0.000000,0.000000,0,0
17,98,0.900000,0.800000,0,0,0.000000,0,0.000000,0.000000,0.000000,0,0
17,99,0.900000,0.900000,0,34,0.000000,34,34.210526,3.421053,1170.360111,100,2
18,0,0.000000,0.000000,0,72,0.000000,72,72.129839,7.212984,5202.713611,100,1
18,1,0.000000,0.100000,0,0,0.000000,0,0.000000,0.000000,0.000000,0,0
18,2,0.000000,0.200000,0,0,0.000000,0,0.000000,0.000000,0.000000,0,0
18,3,0.000000,0.300000,0,0,0.000000,0,0.000000,0.000000,0.000000,0,0
18,4,0.000000,0.400000,0,0,0.000000,0,0.000000,0.000000,0.000000,0,0
18,5,0.000000,0.500000,0,0,0.000000,0,0.000000,0.000000,0.000000,0,0
18,6,0.000000,0.600000,0,0,0.000000,0,0.000000,0.000000,0.000000,0,0
18,7,0.000000,0.700000,0,0,0.000000,0,0.000000,0.000000,0.000000,0,0
18,8,0.000000,0.800000,0,0,0.000000,0,0.000000,0.000000,0.000000,0,0
18,9,0.000000,0.900000,0,62,0.000000,62,62.486017,6.248602,3904.502364,100,1
18,10,0.100000,0.000000,0,0,0.000000,0,0.000000,0.000000,0.000000,0,0
18,11,0.100000,0.100000,0,0,0.000000,0,0.000000,0.000000,0.000000,0,0
18,12,0.100000,0.200000,0,0,0.000000,0,0.000000,0.000000,0.000000,0,0
18,13,0.100000,0.300000,0,0,0.000000,0,0.000000,0.000000,0.000000,0,0
18,14,0.100000,0.400000,0,0,0.000000,0,0.000000,0.000000,0.000000,0,0
18,15,0.100000,0.500000,0,0,0.000000,0,0.000000,0.000000,0.000000,0,0
18,16,0.100000,0.600000,0,0,0.000000,0,0.000000,0.000000,0.000000,0,0
18,17,0.100000,0.700000,0,0,0.000000,0,0.000000,0.000000,0.000000,0,0
18,18,0.100000,0.800000,0,0,0.000000,0,0.000000,0.000000,0.000000,0,0
18,19,0.100000,0.900000,0,0,0.000000,0,0.000000,0.000000,0.000000,0,0
18,20,0.200000,0.000000,0,0,0.000000,0,0.000000,0.000000,0.000000,0,0
18,21,0.200000,0.100000,0,0,0.000000,0,0.000000,0.000000,0.000000,0,0
18,22,0.200000,0.200000,0,0,0.000000,0,0.000000,0.000000,0.000000,0,0
18,23,0.200000,0.300000,0,0,0.000000,0,0.000000,0.000000,0.000000,0,0
18,24,0.200000,0.400000,0,0,0.000000,0,0.000000,0.000000,0.000000,0,0
18,25,0.200000,0.500000,0,0,0.000000,0,0.000000,0.000000,0.000000,0,0
18,26,0.200000,0.600000,0,0,0.000000,0,0.000000,0.000000,0.000000,0,0
18,27,0.200000,0.700000,0,0,0.000000,0,0.000000,0.000000,0.000000,0,0
18,28,0.200000,0.800000,0,0,0.000000,0,0.000000,0.000000,0.000000,0,0
18,29,0.200000,0.900000,0,0,0.000000,0,0.000000,0.000000,0.000000,0,0
18,30,0.300000,0.000000,0,0,0.000000,0,0.000000,0.000000,0.000000,0,0
18,31,0.300000,0.100000,0,0,0.000000,0,0.000000,0.000000,0.000000,0,0
18,32,0.300000,0.200000,0,0,0.000000,0,0.000000,0.000000,0.000000,0,0
18,33,0.300000,0.300000,0,0,0.000000,0,0.000000,0.000000,0.000000,0,0
18,34,0.300000,0.400000,0,0,0.000000,0,0.000000,0.000000,0.000000,0,0
18,35,0.300000,0.500000,0,0,0.000000,0,0.000000,0.000000,0.000000,0,0
18,36,0.300000,0.600000,0,0,0.000000,0,0.000000,0.000000,0.000000,0,0
18,37,0.300000,0.700000,0,0,0.000000,0,0.000000,0.000000,0.000000,0,0
18,38,0.300000,0.800000,0,0,0.000000,0,0.000000,0.000000,0.000000,0,0
18,39,0.300000,0.900000,0,0,0.000000,0,0.000000,0.000000,0.000000,0,0
18,40,0.400000,0.000000,0,0,0.000000,0,0.000000,0.000000,0.000000,100,45
18,41,0.400000,0.100000,0,0,0.000000,0,0.000000,0.000000,0.000000,0,0
18,42,0.400000,0.200000,0,0,0.000000,0,0.000000,0.000000,0.000000,0,0
18,43,0.400000,0.300000,0,0,0.000000,0,0.000000,0.000000,0.000000,0,0
18,44,0.400000,0.400000,0,0,0.000000,0,0.000000,0.000000,0.000000,0,0
18,45,0.400000,0.500000,0,0,0.000000,0,0.000000,0.000000,0.000000,0,0
18,46,0.400000,0.600000,0,0,0.000000,0,0.000000,0.000000,0.000000,0,0
18,47,0.400000,0.700000,0,0,0.000000,0,0.000000,0.000000,0.000000,0,0
18,48,0.400000,0.800000,0,0,0.000000,0,0.000000,0.000000,0.000000,0,0
18,49,0.400000,0.900000,0,0,0.000000,0,0.000000,0.000000,0.000000,100,71
18,50,0.500000,0.000000,0,0,0.000000,0,0.000000,0.000000,0.000000,0,0
18,51,0.500000,0.100000,0,0,0.000000,0,0.000000,0.000000,0.000000,0,0
18,52,0.500000,0.200000,0,0,0.000000,0,0.000000,0.000000,0.000000,0,0
18,53,0.500000,0.300000,0,0,0.000000,0,0.000000,0.000000,0.000000,0,0
18,54,0.500000,0.400000,0,0,0.000000,0,0.000000,0.000000,0.000000,0,0
18,55,0.500000,0.500000,0,0,0.000000,0,0.000000,0.000000,0.000000,0,0
18,56,0.500000,0.600000,0,0,0.000000,0,0.000000,0.000000,0.000000,0,0
18,57,0.500000,0.700000,0,0,0.000000,0,0.000000,0.000000,0.000000,0,0
18,58,0.500000,0.800000,0,0,0.000000,0,0.000000,0.000000,0.000000,0,0
18,59,0.500000,0.900000,0,0,0.000000,0,0.000000,0.000000,0.000000,0,0
18,60,0.600000,0.000000,0,0,0.000000,0,0.000000,0.000000,0.000000,0,0
18,61,0.600000,0.100000,0,0,0.000000,0,0.000000,0.000000,0.000000,0,0
18,62,0.600000,0.200000,0,0,0.000000,0,0.000000,0.000000,0.000000,0,0
18,63,0.600000,0.300000,0,0,0.000000,0,0.000000,0.000000,0.000000,0,0
18,64,0.600000,0.400000,0,0,0.000000,0,0.000000,0.000000,0.000000,0,0
18,65,0.600000,0.500000,0,0,0.000000,0,0.000000,0.000000,0.000000,0,0
18,66,0.600000,0.600000,0,0,0.000000,0,0.000000,0.000000,0.000000,0,0
18,67,0.600000,0.700000,0,0,0.000000,0,0.000000,0.000000,0.000000,0,0
18,68,0.600000,0.800000,0,0,0.000000,0,0.000000,0.000000,0.000000,0,0
18,69,0.600000,0.900000,0,0,0.000000,0,0.000000,0.000000,0.000000,0,0
18,70,0.700000,0.000000,0,0,0.000000,0,0.000000,0.000000,0.000000,0,0
18,71,0.700000,0.100000,0,0,0.000000,0,0.000000,0.000000,0.000000,0,0
18,72,0.700000,0.200000,0,0,0.000000,0,0.000000,0.000000,0.000000,0,0
18,73,0.700000,0.300000,0,0,0.000000,0,0.000000,0.000000,0.000000,0,0
18,74,0.700000,0.400000,0,0,0.000000,0,0.000000,0.000000,0.000000,0,0
18,75,0.700000,0.500000,0,0,0.000000,0,0.000000,0.000000,0.000000,0,0
18,76,0.700000,0.600000,0,0,0.000000,0,0.000000,0.000000,0.000000,0,0
18,77,0.700000,0.700000,0,0,0.000000,0,0.000000,0.000000,0.000000,0,0
18,78,0.700000,0.800000,0,0,0.000000,0,0.000000,0.000000,0.000000,0,0
18,79,0.700000,0.900000,0,0,0.000000,0,0.000000,0.000000,0.000000,0,0
18,80,0.800000,0.000000,0,0,0.000000,0,0.000000,0.000000,0.000000,0,0
18,81,0.800000,0.100000,0,0,0.000000,0,0.000000,0.000000,0.000000,0,0
18,82,0.800000,0.200000,0,0,0.000000,0,0.000000,0.000000,0.000000,0,0
18,83,0.800000,0.300000,0,0,0.000000,0,0.000000,0.000000,0.000000,0,0
18,84,0.800000,0.400000,0,0,0.000000,0,0.000000,0.000000,0.000000,0,0
18,85,0.800000,0.500000,0,0,0.000000,0,0.000000,0.000000,0.000000,0,0
18,86,0.800000,0.600000,0,0,0.000000,0,0.000000,0.000000,0.000000,0,0
18,87,0.800000,0.700000,0,0,0.000000,0,0.000000,0.000000,0.000000,0,0
18,88,0.800000,0.800000,0,0,0.000000,0,0.000000,0.000000,0.000000,0,0
18,89,0.800000,0.900000,0,0,0.000000,0,0.000000,0.000000,0.000000,0,0
18,90,0.900000,0.000000,0,0,0.000000,0,0.000000,0.000000,0.000000,0,0
18,91,0.900000,0.100000,0,0,0.000000,0,0.000000,0.000000,0.000000,0,0
18,92,0.900000,0.200000,0,0,0.000000,0,0.000000,0.000000,0.000000,0,0
18,93,0.900000,0.300000,0,0,0.000000,0,0.000000,0.000000,0.000000,0,0
18,94,0.900000,0.400000,0,0,0.000000,0,0.000000,0.000000,0.000000,0,0
18,95,0.900000,0.500000,0,0,0.000000,0,0.000000,0.000000,0.000000,0,0
18,96,0.900000,0.600000,0,0,0.000000,0,0.000000,0.000000,0.000000,0,0
18,97,0.900000,0.700000,0,0,0.000000,0,0.000000,0.000000,0.000000,0,0
18,98,0.900000,0.800000,0,0,0.000000,0,0.000000,0.000000,0.000000,0,0
18,99,0.900000,0.900000,0,34,0.000000,34,34.210526,3.421053,1170.360111,100,2
19,0,0.000000,0.000000,0,72,0.000000,72,72.129839,7.212984,5202.713611,100,1
19,1,0.000000,0.100000,0,0,0.000000,0,0.000000,0.000000,0.000000,0,0
19,2,0.000000,0.200000,0,0,0.000000,0,0.000000,0.000000,0.000000,0,0
19,3,0.000000,0.300000,0,0,0.000000,0,0.000000,0.000000,0.000000,0,0
19,4,0.000000,0.400000,0,0,0.000000,0,0.000000,0.000000,0.000000,0,0
19,5,0.000000,0.500000,0,0,0.000000,0,0.000000,0.000000,0.000000,0,0
19,6,0.000000,0.600000,0,0,0.000000,0,0.000000,0.000000,0.000000,0,0
19,7,0.000000,0.700000,0,0,0.000000,0,0.000000,0.000000,0.000000,0,0
19,8,0.000000,0.800000,0,0,0.000000,0,0.000000,0.000000,0.000000,0,0
19,9,0.000000,0.900000,0,62,0.000000,62,62.486017,6.248602,3904.502364,100,1
19,10,0.100000,0.000000,0,0,0.000000,0,0.000000,0.000000,0.000000,0,0
19,11,0.100000,0.100000,0,0,0.000000,0,0.000000,0.000000,0.000000,0,0
19,12,0.100000,0.200000,0,0,0.000000,0,0.000000,0.000000,0.000000,0,0
19,13,0.100000,0.300000,0,0,0.000000,0,0.000000,0.000000,0.000000,0,0
19,14,0.100000,0.400000,0,0,0.000000,0,0.000000,0.000000,0.000000,0,0
19,15,0.100000,0.500000,0,0,0.000000,0,0.000000,0.000000,0.000000,0,0
19,16,0.100000,0.600000,0,0,0.000000,0,0.000000,0.000000,0.000000,0,0
19,17,0.100000,0.700000,0,0,0.000000,0,0.000000,0.000000,0.000000,0,0
19,18,0.100000,0.800000,0,0,0.000000,0,0.000000,0.000000,0.000000,0,0
19,19,0.100000,0.900000,0,0,0.000000,0,0.000000,0.000000,0.000000,0,0
19,20,0.200000,0.000000,0,0,0.000000,0,0.000000,0.000000,0.000000,0,0
19,21,0.200000,0.100000,0,0,0.000000,0,0.000000,0.000000,0.000000,0,0
19,22,0.200000,0.200000,0,0,0.000000,0,0.000000,0.000000,0.000000,0,0
19,23,0.200000,0.300000,0,0,0.000000,0,0.000000,0.000000,0.000000,0,0
19,24,0.200000,0.400000,0,0,0.000000,0,0.000000,0.000000,0.000000,0,0
19,25,0.200000,0.500000,0,0,0.000000,0,0.000000,0.000000,0.000000,0,0
19,26,0.200000,0.600000,0,0,0.000000,0,0.000000,0.000000,0.000000,0,0
19,27,0.200000,0.700000,0,0,0.000000,0,0.000000,0.000000,0.000000,0,0
19,28,0.200000,0.800000,0,0,0.000000,0,0.000000,0.000000,0.000000,0,0
19,29,0.200000,0.900000,0,0,0.000000,0,0.000000,0.000000,0.000000,0,0
19,30,0.300000,0.000000,0,0,0.000000,0,0.000000,0.000000,0.000000,0,0
19,31,0.300000,0.100000,0,0,0.000000,0,0.000000,0.000000,0.000000,0,0
19,32,0.300000,0.200000,0,0,0.000000,0,0.000000,0.000000,0.000000,0,0
19,33,0.300000,0.300000,0,0,0.000000,0,0.000000,0.000000,0.000000,0,0
19,34,0.300000,0.400000,0,0,0.000000,0,0.000000,0.000000,0.000000,0,0
19,35,0.300000,0.500000,0,0,0.000000,0,0.000000,0.000000,0.000000,0,0
19,36,0.300000,0.600000,0,0,0.000000,0,0.000000,0.000000,0.000000,0,0
19,37,0.300000,0.700000,0,0,0.000000,0,0.000000,0.000000,0.000000,0,0
19,38,0.300000,0.800000,0,0,0.000000,0,0.000000,0.000000,0.000000,0,0
19,39,0.300000,0.900000,0,0,0.000000,0,0.000000,0.000000,0.000000,0,0
19,40,0.400000,0.000000,0,0,0.000000,0,0.000000,0.000000,0.000000,100,45
19,41,0.400000,0.100000,0,0,0.000000,0,0.000000,0.000000,0.000000,0,0
19,42,0.400000,0.200000,0,0,0.000000,0,0.000000,0.000000,0.000000,0,0
19,43,0.400000,0.300000,0,0,0.000000,0,0.000000,0.000000,0.000000,0,0
19,44,0.400000,0.400000,0,0,0.000000,0,0.000000,0.000000,0.000000,0,0
19,45,0.400000,0.500000,0,0,0.000000,0,0.000000,0.000000,0.000000,0,0
19,46,0.400000,0.600000,0,0,0.000000,0,0.000000,0.000000,0.000000,0,0
19,47,0.400000,0.700000,0,0,0.000000,0,0.000000,0.000000,0.000000,0,0
19,48,0.400000,0.800000,0,0,0.000000,0,0.000000,0.000000,0.000000,0,0
19,49,0.400000,0.900000,0,0,0.000000,0,0.000000,0.000000,0.000000,100,71
19,50,0.500000,0.000000,0,0,0.000000,0,0.000000,0.000000,0.000000,0,0
19,51,0.500000,0.100000,0,0,0.000000,0,0.000000,0.000000,0.000000,0,0
19,52,0.500000,0.200000,0,0,0.000000,0,0.000000,0.000000,0.000000,0,0
19,53,0.500000,0.300000,0,0,0.000000,0,0.000000,0.000000,0.000000,0,0
19,54,0.500000,0.400000,0,0,0.000000,0,0.000000,0.000000,0.000000,0,0
19,55,0.500000,0.500000,0,0,0.000000,0,0.000000,0.000000,0.000000,0,0
19,56,0.500000,0.600000,0,0,0.000000,0,0.000000,0.000000,0.000000,0,0
19,57,0.500000,0.700000,0,0,0.000000,0,0.000000,0.000000,0.000000,0,0
19,58,0.500000,0.800000,0,0,0.000000,0,0.000000,0.000000,0.000000,0,0
19,59,0.500000,0.900000,0,0,0.000000,0,0.000000,0.000000,0.000000,0,0
19,60,0.600000,0.000000,0,0,0.000000,0,0.000000,0.000000,0.000000,0,0
19,61,0.600000,0.100000,0,0,0.000000,0,0.000000,0.000000,0.000000,0,0
19,62,0.600000,0.200000,0,0,0.000000,0,0.000000,0.000000,0.000000,0,0
19,63,0.600000,0.300000,0,0,0.000000,0,0.000000,0.000000,0.000000,0,0
19,64,0.600000,0.400000,0,0,0.000000,0,0.000000,0.000000,0.000000,0,0
19,65,0.600000,0.500000,0,0,0.000000,0,0.000000,0.000000,0.000000,0,0
19,66,0.600000,0.600000,0,0,0.000000,0,0.000000,0.000000,0.000000,0,0
19,67,0.600000,0.700000,0,0,0.000000,0,0.000000,0.000000,0.000000,0,0
19,68,0.600000,0.800000,0,0,0.000000,0,0.000000,0.000000,0.000000,0,0
19,69,0.600000,0.900000,0,0,0.000000,0,0.000000,0.000000,0.000000,0,0
19,70,0.700000,0.000000,0,0,0.000000,0,0.000000,0.000000,0.000000,0,0
19,71,0.700000,0.100000,0,0,0.000000,0,0.000000,0.000000,0.000000,0,0
19,72,0.700000,0.200000,0,0,0.000000,0,0.000000,0.000000,0.000000,0,0
19,73,0.700000,0.300000,0,0,0.000000,0,0.000000,0.000000,0.000000,0,0
19,74,0.700000,0.400000,0,0,0.000000,0,0.000000,0.000000,0.000000,0,0
19,75,0.700000,0.500000,0,0,0.000000,0,0.000000,0.000000,0.000000,0,0
19,76,0.700000,0.600000,0,0,0.000000,0,0.000000,0.000000,0.000000,0,0
19,77,0.700000,0.700000,0,0,0.000000,0,0.000000,0.000000,0.000000,0,0
19,78,0.700000,0.800000,0,0,0.000000,0,0.000000,0.000000,0.000000,0,0
19,79,0.700000,0.900000,0,0,0.000000,0,0.000000,0.000000,0.000000,0,0
19,80,0.800000,0.000000,0,0,0.000000,0,0.000000,0.000000,0.000000,0,0
19,81,0.800000,0.100000,0,0,0.000000,0,0.000000,0.000000,0.000000,0,0
19,82,0.800000,0.200000,0,0,0.000000,0,0.000000,0.000000,0.000000,0,0
19,83,0.800000,0.300000,0,0,0.000000,0,0.000000,0.000000,0.000000,0,0
19,84,0.800000,0.400000,0,0,0.000000,0,0.000000,0.000000,0.000000,0,0
19,85,0.800000,0.500000,0,0,0.000000,0,0.000000,0.000000,0.000000,0,0
19,86,0.800000,0.600000,0,0,0.000000,0,0.000000,0.000000,0.000000,0,0
19,87,0.800000,0.700000,0,0,0.000000,0,0.000000,0.000000,0.000000,0,0
19,88,0.800000,0.800000,0,0,0.000000,0,0.000000,0.000000,0.000000,0,0
19,89,0.800000,0.900000,0,0,0.000000,0,0.000000,0.000000,0.000000,0,0
19,90,0.900000,0.000000,0,0,0.000000,0,0.000000,0.000000,0.000000,0,0
19,91,0.900000,0.100000,0,0,0.000000,0,0.000000,0.000000,0.000000,0,0
19,92,0.900000,0.200000,0,0,0.000000,0,0.000000,0.000000,0.000000,0,0
19,93,0.900000,0.300000,0,0,0.000000,0,0.000000,0.000000,0.000000,0,0
19,94,0.900000,0.400000,0,0,0.000000,0,0.000000,0.000000,0.000000,0,0
19,95,0.900000,0.500000,0,0,0.000000,0,0.000000,0.000000,0.000000,0,0
19,96,0.900000,0.600000,0,0,0.000000,0,0.000000,0.000000,0.000000,0,0
19,97,0.900000,0.700000,0,0,0.000000,0,0.000000,0.000000,0.000000,0,0
19,98,0.900000,0.800000,0,0,0.000000,0,0.000000,0.000000,0.000000,0,0
19,99,0.900000,0.900000,0,34,0.000000,34,34.210526,3.421053,1170.360111,100,2
20,0,0.000000,0.000000,0,72,0.000000,72,72.129839,7.212984,5202.713611,100,1
20,1,0.000000,0.100000,0,0,0.000000,0,0.000000,0.000000,0.000000,0,0
20,2,0.000000,0.200000,0,0,0.000000,0,0.000000,0.000000,0.000000,0,0
20,3,0.000000,0.300000,0,0,0.000000,0,0.000000,0.000000,0.000000,0,0
20,4,0.000000,0.400000,0,0,0.000000,0,0.000000,0.000000,0.000000,0,0
20,5,0.000000,0.500000,0,0,0.000000,0,0.000000,0.000000,0.000000,0,0
20,6,0.000000,0.600000,0,0,0.000000,0,0.000000,0.000000,0.000000,0,0
20,7,0.000000,0.700000,0,0,0.000000,0,0.000000,0.000000,0.000000,0,0
20,8,0.000000,0.800000,0,0,0.000000,0,0.000000,0.000000,0.000000,0,0
20,9,0.000000,0.900000,0,62,0.000000,62,62.486017,6.248602,3904.502364,100,1
20,10,0.100000,0.000000,0,0,0.000000,0,0.000000,0.000000,0.000000,0,0
20,11,0.100000,0.100000,0,0,0.000000,0,0.000000,0.000000,0.000000,0,0
20,12,0.100000,0.200000,0,0,0.000000,0,0.000000,0.000000,0.000000,0,0
20,13,0.100000,0.300000,0,0,0.000000,0,0.000000,0.000000,0.000000,0,0
20,14,0.100000,0.400000,0,0,0.000000,0,0.000000,0.000000,0.000000,0,0
20,15,0.100000,0.500000,0,0,0.000000,0,0.000000,0.000000,0.000000,0,0
20,16,0.100000,0.600000,0,0,0.000000,0,0.000000,0.000000,0.000000,0,0
20,17,0.100000,0.700000,0,0,0.000000,0,0.000000,0.000000,0.000000,0,0
20,18,0.100000,0.800000,0,0,0.000000,0,0.000000,0.000000,0.000000,0,0
20,19,0.100000,0.900000,0,0,0.000000,0,0.000000,0.000000,0.000000,0,0
20,20,0.200000,0.000000,0,0,0.000000,0,0.000000,0.000000,0.000000,0,0
20,21,0.200000,0.100000,0,0,0.000000,0,0.000000,0.000000,0.000000,0,0
20,22,0.200000,0.200000,0,0,0.000000,0,0.000000,0.000000,0.000000,0,0
20,23,0.200000,0.300000,0,0,0.000000,0,0.000000,0.000000,0.000000,0,0
20,24,0.200000,0.400000,0,0,0.000000,0,0.000000,0.000000,0.000000,0,0
20,25,0.200000,0.500000,0,0,0.000000,0,0.000000,0.000000,0.000000,0,0
20,26,0.200000,0.600000,0,0,0.000000,0,0.000000,0.000000,0.000000,0,0
20,27,0.200000,0.700000,0,0,0.000000,0,0.000000,0.000000,0.000000,0,0
20,28,0.200000,0.800000,0,0,0.000000,0,0.000000,0.000000,0.000000,0,0
20,29,0.200000,0.900000,0,0,0.000000,0,0.000000,0.000000,0.000000,0,0
20,30,0.300000,0.000000,0,0,0.000000,0,0.000000,0.000000,0.000000,0,0
20,31,0.300000,0.100000,0,0,0.000000,0,0.000000,0.000000,0.000000,0,0
20,32,0.300000,0.200000,0,0,0.000000,0,0.000000,0.000000,0.000000,0,0
20,33,0.300000,0.300000,0,0,0.000000,0,0.000000,0.000000,0.000000,0,0
20,34,0.300000,0.400000,0,0,0.000000,0,0.000000,0.000000,0.000000,0,0
20,35,0.300000,0.500000,0,0,0.000000,0,0.000000,0.000000,0.000000,0,0
20,36,0.300000,0.600000,0,0,0.000000,0,0.000000,0.000000,0.000000,0,0
20,37,0.300000,0.700000,0,0,0.000000,0,0.000000,0.000000,0.000000,0,0
20,38,0.300000,0.800000,0,0,0.000000,0,0.000000,0.000000,0.000000,0,0
20,39,0.300000,0.900000,0,0,0.000000,0,0.000000,0.000000,0.000000,0,0
20,40,0.400000,0.000000,0,0,0.000000,0,0.000000,0.000000,0.000000,100,45
20,41,0.400000,0.100000,0,0,0.000000,0,0.000000,0.000000,0.000000,0,0
20,42,0.400000,0.200000,0,0,0.000000,0,0.000000,0.000000,0.000000,0,0
20,43,0.400000,0.300000,0,0,0.000000,0,0.000000,0.000000,0.000000,0,0
20,44,0.400000,0.400000,0,0,0.000000,0,0.000000,0.000000,0.000000,0,0
20,45,0.400000,0.500000,0,0,0.000000,0,0.000000,0.000000,0.000000,0,0
20,46,0.400000,0.600000,0,0,0.000000,0,0.000000,0.000000,0.000000,0,0
20,47,0.400000,0.700000,0,0,0.000000,0,0.000000,0.000000,0.000000,0,0
20,48,0.400000,0.800000,0,0,0.000000,0,0.000000,0.000000,0.000000,0,0
20,49,0.400000,0.900000,0,0,0.000000,0,0.000000,0.000000,0.000000,100,71
20,50,0.500000,0.000000,0,0,0.000000,0,0.000000,0.000000,0.000000,0,0
20,51,0.500000,0.100000,0,0,0.000000,0,0.000000,0.000000,0.000000,0,0
20,52,0.500000,0.200000,0,0,0.000000,0,0.000000,0.000000,0.000000,0,0
20,53,0.500000,0.300000,0,0,0.000000,0,0.000000,0.000000,0.000000,0,0
20,54,0.500000,0.400000,0,0,0.000000,0,0.000000,0.000000,0.000000,0,0
20,55,0.500000,0.500000,0,0,0.000000,0,0.000000,0.000000,0.000000,0,0
20,56,0.500000,0.600000,0,0,0.000000,0,0.000000,0.000000,0.000000,0,0
20,57,0.500000,0.700000,0,0,0.000000,0,0.000000,0.000000,0.000000,0,0
20,58,0.500000,0.800000,0,0,0.000000,0,0.000000,0.000000,0.000000,0,0
20,59,0.500000,0.900000,0,0,0.000000,0,0.000000,0.000000,0.000000,0,0
20,60,0.600000,0.000000,0,0,0.000000,0,0.000000,0.000000,0.000000,0,0
20,61,0.600000,0.100000,0,0,0.000000,0,0.000000,0.000000,0.000000,0,0
20,62,0.600000,0.200000,0,0,0.000000,0,0.000000,0.000000,0.000000,0,0
20,63,0.600000,0.300000,0,0,0.000000,0,0.000000,0.000000,0.000000,0,0
20,64,0.600000,0.400000,0,0,0.000000,0,0.000000,0.000000,0.000000,0,0
20,65,0.600000,0.500000,0,0,0.000000,0,0.000000,0.000000,0.000000,0,0
20,66,0.600000,0.600000,0,0,0.000000,0,0.000000,0.000000,0.000000,0,0
20,67,0.600000,0.700000,0,0,0.000000,0,0.000000,0.000000,0.000000,0,0
20,68,0.600000,0.800000,0,0,0.000000,0,0.000000,0.000000,0.000000,0,0
20,69,0.600000,0.900000,0,0,0.000000,0,0.000000,0.000000,0.000000,0,0
20,70,0.700000,0.000000,0,0,0.000000,0,0.000000,0.000000,0.000000,0,0
20,71,0.700000,0.100000,0,0,0.000000,0,0.000000,0.000000,0.000000,0,0
20,72,0.700000,0.200000,0,0,0.000000,0,0.000000,0.000000,0.000000,0,0
20,73,0.700000,0.300000,0,0,0.000000,0,0.000000,0.000000,0.000000,0,0
20,74,0.700000,0.400000,0,0,0.000000,0,0.000000,0.000000,0.000000,0,0
20,75,0.700000,0.500000,0,0,0.000000,0,0.000000,0.000000,0.000000,0,0
20,76,0.700000,0.600000,0,0,0.000000,0,0.000000,0.000000,0.000000,0,0
20,77,0.700000,0.700000,0,0,0.000000,0,0.000000,0.000000,0.000000,0,0
20,78,0.700000,0.800000,0,0,0.000000,0,0.000000,0.000000,0.000000,0,0
20,79,0.700000,0.900000,0,0,0.000000,0,0.000000,0.000000,0.000000,0,0
20,80,0.800000,0.000000,0,0,0.000000,0,0.000000,0.000000,0.000000,0,0
20,81,0.800000,0.100000,0,0,0.000000,0,0.000000,0.000000,0.000000,0,0
20,82,0.800000,0.200000,0,0,0.000000,0,0.000000,0.000000,0.000000,0,0
20,83,0.800000,0.300000,0,0,0.000000,0,0.000000,0.000000,0.000000,0,0
20,84,0.800000,0.400000,0,0,0.000000,0,0.000000,0.000000,0.000000,0,0
20,85,0.800000,0.500000,0,0,0.000000,0,0.000000,0.000000,0.000000,0,0
20,86,0.800000,0.600000,0,0,0.000000,0,0.000000,0.000000,0.000000,0,0
20,87,0.800000,0.700000,0,0,0.000000,0,0.000000,0.000000,0.000000,0,0
20,88,0.800000,0.800000,0,0,0.000000,0,0.000000,0.000000,0.000000,0,0
20,89,0.800000,0.900000,0,0,0.000000,0,0.000000,0.000000,0.000000,0,0
20,90,0.900000,0.000000,0,0,0.000000,0,0.000000,0.000000,0.000000,0,0
20,91,0.900000,0.100000,0,0,0.000000,0,0.000000,0.000000,0.000000,0,0
20,92,0.900000,0.200000,0,0,0.000000,0,0.000000,0.000000,0.000000,0,0
20,93,0.900000,0.300000,0,0,0.000000,0,0.000000,0.000000,0.000000,0,0
20,94,0.900000,0.400000,0,0,0.000000,0,0.000000,0.000000,0.000000,0,0
20,95,0.900000,0.500000,0,0,0.000000,0,0.000000,0.000000,0.000000,0,0
20,96,0.900000,0.600000,0,0,0.000000,0,0.000000,0.000000,0.000000,0,0
20,97,0.900000,0.700000,0,0,0.000000,0,0.000000,0.000000,0.000000,0,0
20,98,0.900000,0.800000,0,0,0.000000,0,0.000000,0.000000,0.000000,0,0
20,99,0.900000,0.900000,0,34,0.000000,34,34.210526,3.421053,1170.360111,100,2
21,0,0.000000,0.000000,0,72,0.000000,72,72.129839,7.212984,5202.713611,100,1
21,1,0.000000,0.100000,0,0,0.000000,0,0.000000,0.000000,0.000000,0,0
21,2,0.000000,0.200000,0,0,0.000000,0,0.000000,0.000000,0.000000,0,0
21,3,0.000000,0.300000,0,0,0.000000,0,0.000000,0.000000,0.000000,0,0
21,4,0.000000,0.400000,0,0,0.000000,0,0.000000,0.000000,0.000000,0,0
21,5,0.000000,0.500000,0,0,0.000000,0,0.000000,0.000000,0.000000,0,0
21,6,0.000000,0.600000,0,0,0.000000,0,0.000000,0.000000,0.000000,0,0
21,7,0.000000,0.700000,0,0,0.000000,0,0.000000,0.000000,0.000000,0,0
21,8,0.000000,0.800000,0,0,0.000000,0,0.000000,0.000000,0.000000,0,0
21,9,0.000000,0.900000,0,62,0.000000,62,62.486017,6.248602,3904.502364,100,1
21,10,0.100000,0.000000,0,0,0.000000,0,0.000000,0.000000,0.000000,0,0
21,11,0.100000,0.100000,0,0,0.000000,0,0.000000,0.000000,0.000000,0,0
21,12,0.100000,0.200000,0,0,0.000000,0,0.000000,0.000000,0.000000,0,0
21,13,0.100000,0.300000,0,0,0.000000,0,0.000000,0.000000,0.000000,0,0
21,14,0.100000,0.400000,0,0,0.000000,0,0.000000,0.000000,0.000000,0,0
21,15,0.100000,0.500000,0,0,0.000000,0,0.000000,0.000000,0.000000,0,0
21,16,0.100000,0.600000,0,0,0.000000,0,0.000000,0.000000,0.000000,0,0
21,17,0.100000,0.700000,0,0,0.000000,0,0.000000,0.000000,0.000000,0,0
21,18,0.100000,0.800000,0,0,0.000000,0,0.000000,0.000000,0.000000,0,0
21,19,0.100000,0.900000,0,0,0.000000,0,0.000000,0.000000,0.000000,0,0
21,20,0.200000,0.000000,0,0,0.000000,0,0.000000,0.000000,0.000000,0,0
21,21,0.200000,0.100000,0,0,0.000000,0,0.000000,0.000000,0.000000,0,0
21,22,0.200000,0.200000,0,0,0.000000,0,0.000000,0.000000,0.000000,0,0
21,23,0.200000,0.300000,0,0,0.000000,0,0.000000,0.000000,0.000000,0,0
21,24,0.200000,0.400000,0,0,0.000000,0,0.000000,0.000000,0.000000,0,0
21,25,0.200000,0.500000,0,0,0.000000,0,0.000000,0.000000,0.000000,0,0
21,26,0.200000,0.600000,0,0,0.000000,0,0.000000,0.000000,0.000000,0,0
21,27,0.200000,0.700000,0,0,0.000000,0,0.000000,0.000000,0.000000,0,0
21,28,0.200000,0.800000,0,0,0.000000,0,0.000000,0.000000,0.000000,0,0
21,29,0.200000,0.900000,0,0,0.000000,0,0.000000,0.000000,0.000000,0,0
21,30,0.300000,0.000000,0,0,0.000000,0,0.000000,0.000000,0.000000,0,0
21,31,0.300000,0.100000,0,0,0.000000,0,0.000000,0.000000,0.000000,0,0
21,32,0.300000,0.200000,0,0,0.000000,0,0.000000,0.000000,0.000000,0,0
21,33,0.300000,0.300000,0,0,0.000000,0,0.000000,0.000000,0.000000,0,0
21,34,0.300000,0.400000,0,0,0.000000,0,0.000000,0.000000,0.000000,0,0
21,35,0.300000,0.500000,0,0,0.000000,0,0.000000,0.000000,0.000000,0,0
21,36,0.300000,0.600000,0,0,0.000000,0,0.000000,0.000000,0.000000,0,0
21,37,0.300000,0.700000,0,0,0.000000,0,0.000000,0.000000,0.000000,0,0
21,38,0.300000,0.800000,0,0,0.000000,0,0.000000,0.000000,0.000000,0,0
21,39,0.300000,0.900000,0,0,0.000000,0,0.000000,0.000000,0.000000,0,0
21,40,0.400000,0.000000,0,0,0.000000,0,0.000000,0.000000,0.000000,100,45
21,41,0.400000,0.100000,0,0,0.000000,0,0.000000,0.000000,0.000000,0,0
21,42,0.400000,0.200000,0,0,0.000000,0,0.000000,0.000000,0.000000,0,0
21,43,0.400000,0.300000,0,0,0.000000,0,0.000000,0.000000,0.000000,0,0
21,44,0.400000,0.400000,0,0,0.000000,0,0.000000,0.000000,0.000000,0,0
21,45,0.400000,0.500000,0,0,0.000000,0,0.000000,0.000000,0.000000,0,0
21,46,0.400000,0.600000,0,0,0.000000,0,0.000000,0.000000,0.000000,0,0
21,47,0.400000,0.700000,0,0,0.000000,0,0.000000,0.000000,0.000000,0,0
21,48,0.400000,0.800000,0,0,0.000000,0,0.000000,0.000000,0.000000,0,0
21,49,0.400000,0.900000,0,0,0.000000,0,0.000000,0.000000,0.000000,100,71
21,50,0.500000,0.000000,0,0,0.000000,0,0.000000,0.000000,0.000000,0,0
21,51,0.500000,0.100000,0,0,0.000000,0,0.000000,0.000000,0.000000,0,0
21,52,0.500000,0.200000,0,0,0.000000,0,0.000000,0.000000,0.000000,0,0
21,53,0.500000,0.300000,0,0,0.000000,0,0.000000,0.000000,0.000000,0,0
21,54,0.500000,0.400000,0,0,0.000000,0,0.000000,0.000000,0.000000,0,0
21,55,0.500000,0.500000,0,0,0.000000,0,0.000000,0.000000,0.000000,0,0
21,56,0.500000,0.600000,0,0,0.000000,0,0.000000,0.000000,0.000000,0,0
21,57,0.500000,0.700000,0,0,0.000000,0,0.000000,0.000000,0.000000,0,0
21,58,0.500000,0.800000,0,0,0.000000,0,0.000000,0.000000,0.000000,0,0
21,59,0.500000,0.900000,0,0,0.000000,0,0.000000,0.000000,0.000000,0,0
21,60,0.600000,0.000000,0,0,0.000000,0,0.000000,0.000000,0.000000,0,0
21,61,0.600000,0.100000,0,0,0.000000,0,0.000000,0.000000,0.000000,0,0
21,62,0.600000,0.200000,0,0,0.000000,0,0.000000,0.000000,0.000000,0,0
21,63,0.600000,0.300000,0,0,0.000000,0,0.000000,0.000000,0.000000,0,0
21,64,0.600000,0.400000,0,0,0.000000,0,0.000000,0.000000,0.000000,0,0
21,65,0.600000,0.500000,0,0,0.000000,0,0.000000,0.000000,0.000000,0,0
21,66,0.600000,0.600000,0,0,0.000000,0,0.000000,0.000000,0.000000,0,0
21,67,0.600000,0.700000,0,0,0.000000,0,0.000000,0.000000,0.000000,0,0
21,68,0.600000,0.800000,0,0,0.000000,0,0.000000,0.000000,0.000000,0,0
21,69,0.600000,0.900000,0,0,0.000000,0,0.000000,0.000000,0.000000,0,0
21,70,0.700000,0.000000,0,0,0.000000,0,0.000000,0.000000,0.000000,0,0
21,71,0.700000,0.100000,0,0,0.000000,0,0.000000,0.000000,0.000000,0,0
21,72,0.700000,0.200000,0,0,0.000000,0,0.000000,0.000000,0.000000,0,0
21,73,0.700000,0.300000,0,0,0.000000,0,0.000000,0.000000,0.000000,0,0
21,74,0.700000,0.400000,0,0,0.000000,0,0.000000,0.000000,0.000000,0,0
21,75,0.700000,0.500000,0,0,0.000000,0,0.000000,0.000000,0.000000,0,0
21,76,0.700000,0.600000,0,0,0.000000,0,0.000000,0.000000,0.000000,0,0
21,77,0.700000,0.700000,0,0,0.000000,0,0.000000,0.000000,0.000000,0,0
21,78,0.700000,0.800000,0,0,0.000000,0,0.000000,0.000000,0.000000,0,0
21,79,0.700000,0.900000,0,0,0.000000,0,0.000000,0.000000,0.000000,0,0
21,80,0.800000,0.000000,0,0,0.000000,0,0.000000,0.000000,0.000000,0,0
21,81,0.800000,0.100000,0,0,0.000000,0,0.000000,0.000000,0.000000,0,0
21,82,0.800000,0.200000,0,0,0.000000,0,0.000000,0.000000,0.000000,0,0
21,83,0.800000,0.300000,0,0,0.000000,0,0.000000,0.000000,0.000000,0,0
21,84,0.800000,0.400000,0,0,0.000000,0,0.000000,0.000000,0.000000,0,0
21,85,0.800000,0.500000,0,0,0.000000,0,0.000000,0.000000,0.000000,0,0
21,86,0.800000,0.600000,0,0,0.000000,0,0.000000,0.000000,0.000000,0,0
21,87,0.800000,0.700000,0,0,0.000000,0,0.000000,0.000000,0.000000,0,0
21,88,0.800000,0.800000,0,0,0.000000,0,0.000000,0.000000,0.000000,0,0
21,89,0.800000,0.900000,0,0,0.000000,0,0.000000,0.000000,0.000000,0,0
21,90,0.900000,0.000000,0,0,0.000000,0,0.000000,0.000000,0.000000,0,0
21,91,0.900000,0.100000,0,0,0.000000,0,0.000000,0.000000,0.000000,0,0
21,92,0.900000,0.200000,0,0,0.000000,0,0.000000,0.000000,0.000000,0,0
21,93,0.900000,0.300000,0,0,0.000000,0,0.000000,0.000000,0.000000,0,0
21,94,0.900000,0.400000,0,0,0.000000,0,0.000000,0.000000,0.000000,0,0
21,95,0.900000,0.500000,0,0,0.000000,0,0.000000,0.000000,0.000000,0,0
21,96,0.900000,0.600000,0,0,0.000000,0,0.000000,0.000000,0.000000,0,0
21,97,0.900000,0.700000,0,0,0.000000,0,0.000000,0.000000,0.000000,0,0
21,98,0.900000,0.800000,0,0,0.000000,0,0.000000,0.000000,0.000000,0,0
21,99,0.900000,0.900000,0,34,0.000000,34,34.210526,3.421053,1170.360111,100,2
22,0,0.000000,0.000000,0,72,0.000000,72,72.129839,7.212984,5202.713611,100,1
22,1,0.000000,0.100000,0,0,0.000000,0,0.000000,0.000000,0.000000,0,0
22,2,0.000000,0.200000,0,0,0.000000,0,0.000000,0.000000,0.000000,0,0
22,3,0.000000,0.300000,0,0,0.000000,0,0.000000,0.000000,0.000000,0,0
22,4,0.000000,0.400000,0,0,0.000000,0,0.000000,0.000000,0.000000,0,0
22,5,0.000000,0.500000,0,0,0.000000,0,0.000000,0.000000,0.000000,0,0
22,6,0.000000,0.600000,0,0,0.000000,0,0.000000,0.000000,0.000000,0,0
22,7,0.000000,0.700000,0,0,0.000000,0,0.000000,0.000000,0.000000,0,0
22,8,0.000000,0.800000,0,0,0.000000,0,0.000000,0.000000,0.000000,0,0
22,9,0.000000,0.900000,0,62,0.000000,62,62.486017,6.248602,3904.502364,100,1
22,10,0.100000,0.000000,0,0,0.000000,0,0.000000,0.000000,0.000000,0,0
22,11,0.100000,0.100000,0,0,0.000000,0,0.000000,0.000000,0.000000,0,0
22,12,0.100000,0.200000,0,0,0.000000,0,0.000000,0.000000,0.000000,0,0
22,13,0.100000,0.300000,0,0,0.000000,0,0.000000,0.000000,0.000000,0,0
22,14,0.100000,0.400000,0,0,0.000000,0,0.000000,0.000000,0.000000,0,0
22,15,0.100000,0.500000,0,0,0.000000,0,0.000000,0.000000,0.000000,0,0
22,16,0.100000,0.600000,0,0,0.000000,0,0.000000,0.000000,0.000000,0,0
22,17,0.100000,0.700000,0,0,0.000000,0,0.000000,0.000000,0.000000,0,0
22,18,0.100000,0.800000,0,0,0.000000,0,0.000000,0.000000,0.000000,0,0
22,19,0.100000,0.900000,0,0,0.000000,0,0.000000,0.000000,0.000000,0,0
22,20,0.200000,0.000000,0,0,0.000000,0,0.000000,0.000000,0.000000,0,0
22,21,0.200000,0.100000,0,0,0.000000,0,0.000000,0.000000,0.000000,0,0
22,22,0.200000,0.200000,0,0,0.000000,0,0.000000,0.000000,0.000000,0,0
22,23,0.200000,0.300000,0,0,0.000000,0,0.000000,0.000000,0.000000,0,0
22,24,0.200000,0.400000,0,0,0.000000,0,0.000000,0.000000,0.000000,0,0
22,25,0.200000,0.500000,0,0,0.000000,0,0.000000,0.000000,0.000000,0,0
22,26,0.200000,0.600000,0,0,0.000000,0,0.000000,0.000000,0.000000,0,0
22,27,0.200000,0.700000,0,0,0.000000,0,0.000000,0.000000,0.000000,0,0
22,28,0.200000,0.800000,0,0,0.000000,0,0.000000,0.000000,0.000000,0,0
22,29,0.200000,0.900000,0,0,0.000000,0,0.000000,0.000000,0.000000,0,0
22,30,0.300000,0.000000,0,0,0.000000,0,0.000000,0.000000,0.000000,0,0
22,31,0.300000,0.100000,0,0,0.000000,0,0.000000,0.000000,0.000000,0,0
22,32,0.300000,0.200000,0,0,0.000000,0,0.000000,0.000000,0.000000,0,0
22,33,0.300000,0.300000,0,0,0.000000,0,0.000000,0.000000,0.000000,0,0
22,34,0.300000,0.400000,0,0,0.000000,0,0.000000,0.000000,0.000000,0,0
22,35,0.300000,0.500000,0,0,0.000000,0,0.000000,0.000000,0.000000,0,0
22,36,0.300000,0.600000,0,0,0.000000,0,0.000000,0.000000,0.000000,0,0
22,37,0.300000,0.700000,0,0,0.000000,0,0.000000,0.000000,0.000000,0,0
22,38,0.300000,0.800000,0,0,0.000000,0,0.000000,0.000000,0.000000,0,0
22,39,0.300000,0.900000,0,0,0.000000,0,0.000000,0.000000,0.000000,0,0
22,40,0.400000,0.000000,0,0,0.000000,0,0.000000,0.000000,0.000000,100,45
22,41,0.400000,0.100000,0,0,0.000000,0,0.000000,0.000000,0.000000,0,0
22,42,0.400000,0.200000,0,0,0.000000,0,0.000000,0.000000,0.000000,0,0
22,43,0.400000,0.300000,0,0,0.000000,0,0.000000,0.000000,0.000000,0,0
22,44,0.400000,0.400000,0,0,0.000000,0,0.000000,0.000000,0.000000,0,0
22,45,0.400000,0.500000,0,0,0.000000,0,0.000000,0.000000,0.000000,0,0
22,46,0.400000,0.600000,0,0,0.000000,0,0.000000,0.000000,0.000000,0,0
22,47,0.400000,0.700000,0,0,0.000000,0,0.000000,0.000000,0.000000,0,0
22,48,0.400000,0.800000,0,0,0.000000,0,0.000000,0.000000,0.000000,0,0
22,49,0.400000,0.900000,0,0,0.000000,0,0.000000,0.000000,0.000000,100,71
22,50,0.500000,0.000000,0,0,0.000000,0,0.000000,0.000000,0.000000,0,0
22,51,0.500000,0.100000,0,0,0.000000,0,0.000000,0.000000,0.000000,0,0
22,52,0.500000,0.200000,0,0,0.000000,0,0.000000,0.000000,0.000000,0,0
22,53,0.500000,0.300000,0,0,0.000000,0,0.000000,0.000000,0.000000,0,0
22,54,0.500000,0.400000,0,0,0.000000,0,0.000000,0.000000,0.000000,0,0
22,55,0.500000,0.500000,0,0,0.000000,0,0.000000,0.000000,0.000000,0,0
22,56,0.500000,0.600000,0,0,0.000000,0,0.000000,0.000000,0.000000,0,0
22,57,0.500000,0.700000,0,0,0.000000,0,0.000000,0.000000,0.000000,0,0
22,58,0.500000,0.800000,0,0,0.000000,0,0.000000,0.000000,0.000000,0,0
22,59,0.500000,0.900000,0,0,0.000000,0,0.000000,0.000000,0.000000,0,0
22,60,0.600000,0.000000,0,0,0.000000,0,0.000000,0.000000,0.000000,0,0
22,61,0.600000,0.100000,0,0,0.000000,0,0.000000,0.000000,0.000000,0,0
22,62,0.600000,0.200000,0,0,0.000000,0,0.000000,0.000000,0.000000,0,0
22,63,0.600000,0.300000,0,0,0.000000,0,0.000000,0.000000,0.000000,0,0
22,64,0.600000,0.400000,0,0,0.000000,0,0.000000,0.000000,0.000000,0,0
22,65,0.600000,0.500000,0,0,0.000000,0,0.000000,0.000000,0.000000,0,0
22,66,0.600000,0.600000,0,0,0.000000,0,0.000000,0.000000,0.000000,0,0
22,67,0.600000,0.700000,0,0,0.000000,0,0.000000,0.000000,0.000000,0,0
22,68,0.600000,0.800000,0,0,0.000000,0,0.000000,0.000000,0.000000,0,0
22,69,0.600000,0.900000,0,0,0.000000,0,0.000000,0.000000,0.000000,0,0
22,70,0.700000,0.000000,0,0,0.000000,0,0.000000,0.000000,0.000000,0,0
22,71,0.700000,0.100000,0,0,0.000000,0,0.000000,0.000000,0.000000,0,0
22,72,0.700000,0.200000,0,0,0.000000,0,0.000000,0.000000,0.000000,0,0
22,73,0.700000,0.300000,0,0,0.000000,0,0.000000,0.000000,0.000000,0,0
22,74,0.700000,0.400000,0,0,0.000000,0,0.000000,0.000000,0.000000,0,0
22,75,0.700000,0.500000,0,0,0.000000,0,0.000000,0.000000,0.000000,0,0
22,76,0.700000,0.600000,0,0,0.000000,0,0.000000,0.000000,0.000000,0,0
22,77,0.700000,0.700000,0,0,0.000000,0,0.000000,0.000000,0.000000,0,0
22,78,0.700000,0.800000,0,0,0.000000,0,0.000000,0.000000,0.000000,0,0
22,79,0.700000,0.900000,0,0,0.000000,0,0.000000,0.000000,0.000000,0,0
22,80,0.800000,0.000000,0,0,0.000000,0,0.000000,0.000000,0.000000,0,0
22,81,0.800000,0.100000,0,0,0.000000,0,0.000000,0.000000,0.000000,0,0
22,82,0.800000,0.200000,0,0,0.000000,0,0.000000,0.000000,0.000000,0,0
22,83,0.800000,0.300000,0,0,0.000000,0,0.000000,0.000000,0.000000,0,0
22,84,0.800000,0.400000,0,0,0.000000,0,0.000000,0.000000,0.000000,0,0
22,85,0.800000,0.500000,0,0,0.000000,0,0.000000,0.000000,0.000000,0,0
22,86,0.800000,0.600000,0,0,0.000000,0,0.000000,0.000000,0.000000,0,0
22,87,0.800000,0.700000,0,0,0.000000,0,0.000000,0.000000,0.000000,0,0
22,88,0.800000,0.800000,0,0,0.000000,0,0.000000,0.000000,0.000000,0,0
22,89,0.800000,0.900000,0,0,0.000000,0,0.000000,0.000000,0.000000,0,0
22,90,0.900000,0.000000,0,0,0.000000,0,0.000000,0.000000,0.000000,0,0
22,91,0.900000,0.100000,0,0,0.000000,0,0.000000,0.000000,0.000000,0,0
22,92,0.900000,0.200000,0,0,0.000000,0,0.000000,0.000000,0.000000,0,0
22,93,0.900000,0.300000,0,0,0.000000,0,0.000000,0.000000,0.000000,0,0
22,94,0.900000,0.400000,0,0,0.000000,0,0.000000,0.000000,0.000000,0,0
22,95,0.900000,0.500000,0,0,0.000000,0,0.000000,0.000000,0.000000,0,0
22,96,0.900000,0.600000,0,0,0.000000,0,0.000000,0.000000,0.000000,0,0
22,97,0.900000,0.700000,0,0,0.000000,0,0.000000,0.000000,0.000000,0,0
22,98,0.900000,0.800000,0,0,0.000000,0,0.000000,0.000000,0.000000,0,0
22,99,0.900000,0.900000,0,34,0.000000,34,34.210526,3.421053,1170.360111,100,2
23,0,0.000000,0.000000,0,72,0.000000,72,72.129839,7.212984,5202.713611,100,1
23,1,0.000000,0.100000,0,0,0.000000,0,0.000000,0.000000,0.000000,0,0
23,2,0.000000,0.200000,0,0,0.000000,0,0.000000,0.000000,0.000000,0,0
23,3,0.000000,0.300000,0,0,0.000000,0,0.000000,0.000000,0.000000,0,0
23,4,0.000000,0.400000,0,0,0.000000,0,0.000000,0.000000,0.000000,0,0
23,5,0.000000,0.500000,0,0,0.000000,0,0.000000,0.000000,0.000000,0,0
23,6,0.000000,0.600000,0,0,0.000000,0,0.000000,0.000000,0.000000,0,0
23,7,0.000000,0.700000,0,0,0.000000,0,0.000000,0.000000,0.000000,0,0
23,8,0.000000,0.800000,0,0,0.000000,0,0.000000,0.000000,0.000000,0,0
23,9,0.000000,0.900000,0,62,0.000000,62,62.486017,6.248602,3904.502364,100,1
23,10,0.100000,0.000000,0,0,0.000000,0,0.000000,0.000000,0.000000,0,0
23,11,0.100000,0.100000,0,0,0.000000,0,0.000000,0.000000,0.000000,0,0
23,12,0.100000,0.200000,0,0,0.000000,0,0.000000,0.000000,0.000000,0,0
23,13,0.100000,0.300000,0,0,0.000000,0,0.000000,0.000000,0.000000,0,0
23,14,0.100000,0.400000,0,0,0.000000,0,0.000000,0.000000,0.000000,0,0
23,15,0.100000,0.500000,0,0,0.000000,0,0.000000,0.000000,0.000000,0,0
23,16,0.100000,0.600000,0,0,0.000000,0,0.000000,0.000000,0.000000,0,0
23,17,0.100000,0.700000,0,0,0.000000,0,0.000000,0.000000,0.000000,0,0
23,18,0.100000,0.800000,0,0,0.000000,0,0.000000,0.000000,0.000000,0,0
23,19,0.100000,0.900000,0,0,0.000000,0,0.000000,0.000000,0.000000,0,0
23,20,0.200000,0.000000,0,0,0.000000,0,0.000000,0.000000,0.000000,0,0
23,21,0.200000,0.100000,0,0,0.000000,0,0.000000,0.000000,0.000000,0,0
23,22,0.200000,0.200000,0,0,0.000000,0,0.000000,0.000000,0.000000,0,0
23,23,0.200000,0.300000,0,0,0.000000,0,0.000000,0.000000,0.000000,0,0
23,24,0.200000,0.400000,0,0,0.000000,0,0.000000,0.000000,0.000000,0,0
23,25,0.200000,0.500000,0,0,0.000000,0,0.000000,0.000000,0.000000,0,0
23,26,0.200000,0.600000,0,0,0.000000,0,0.000000,0.000000,0.000000,0,0
23,27,0.200000,0.700000,0,0,0.000000,0,0.000000,0.000000,0.000000,0,0
23,28,0.200000,0.800000,0,0,0.000000,0,0.000000,0.000000,0.000000,0,0
23,29,0.200000,0.900000,0,0,0.000000,0,0.000000,0.000000,0.000000,0,0
23,30,0.300000,0.000000,0,0,0.000000,0,0.000000,0.000000,0.000000,0,0
23,31,0.300000,0.100000,0,0,0.000000,0,0.000000,0.000000,0.000000,0,0
23,32,0.300000,0.200000,0,0,0.000000,0,0.000000,0.000000,0.000000,0,0
23,33,0.300000,0.300000,0,0,0.000000,0,0.000000,0.000000,0.000000,0,0
23,34,0.300000,0.400000,0,0,0.000000,0,0.000000,0.000000,0.000000,0,0
23,35,0.300000,0.500000,0,0,0.000000,0,0.000000,0.000000,0.000000,0,0
23,36,0.300000,0.600000,0,0,0.000000,0,0.000000,0.000000,0.000000,0,0
23,37,0.300000,0.700000,0,0,0.000000,0,0.000000,0.000000,0.000000,0,0
23,38,0.300000,0.800000,0,0,0.000000,0,0.000000,0.000000,0.000000,0,0
23,39,0.300000,0.900000,0,0,0.000000,0,0.000000,0.000000,0.000000,0,0
23,40,0.400000,0.000000,0,0,0.000000,0,0.000000,0.000000,0.000000,100,45
23,41,0.400000,0.100000,0,0,0.000000,0,0.000000,0.000000,0.000000,0,0
23,42,0.400000,0.200000,0,0,0.000000,0,0.000000,0.000000,0.000000,0,0
23,43,0.400000,0.300000,0,0,0.000000,0,0.000000,0.000000,0.000000,0,0
23,44,0.400000,0.400000,0,0,0.000000,0,0.000000,0.000000,0.000000,0,0
23,45,0.400000,0.500000,0,0,0.000000,0,0.000000,0.000000,0.000000,0,0
23,46,0.400000,0.600000,0,0,0.000000,0,0.000000,0.000000,0.000000,0,0
23,47,0.400000,0.700000,0,0,0.000000,0,0.000000,0.000000,0.000000,0,0
23,48,0.400000,0.800000,0,0,0.000000,0,0.000000,0.000000,0.000000,0,0
23,49,0.400000,0.900000,0,0,0.000000,0,0.000000,0.000000,0.000000,100,71
23,50,0.500000,0.000000,0,0,0.000000,0,0.000000,0.000000,0.000000,0,0
23,51,0.500000,0.100000,0,0,0.000000,0,0.000000,0.000000,0.000000,0,0
23,52,0.500000,0.200000,0,0,0.000000,0,0.000000,0.000000,0.000000,0,0
23,53,0.500000,0.300000,0,0,0.000000,0,0.000000,0.000000,0.000000,0,0
23,54,0.500000,0.400000,0,0,0.000000,0,0.000000,0.000000,0.000000,0,0
23,55,0.500000,0.500000,0,0,0.000000,0,0.000000,0.000000,0.000000,0,0
23,56,0.500000,0.600000,0,0,0.000000,0,0.000000,0.000000,0.000000,0,0
23,57,0.500000,0.700000,0,0,0.000000,0,0.000000,0.000000,0.000000,0,0
23,58,0.500000,0.800000,0,0,0.000000,0,0.000000,0.000000,0.000000,0,0
23,59,0.500000,0.900000,0,0,0.000000,0,0.000000,0.000000,0.000000,0,0
23,60,0.600000,0.000000,0,0,0.000000,0,0.000000,0.000000,0.000000,0,0
23,61,0.600000,0.100000,0,0,0.000000,0,0.000000,0.000000,0.000000,0,0
23,62,0.600000,0.200000,0,0,0.000000,0,0.000000,0.000000,0.000000,0,0
23,63,0.600000,0.300000,0,0,0.000000,0,0.000000,0.000000,0.000000,0,0
23,64,0.600000,0.400000,0,0,0.000000,0,0.000000,0.000000,0.000000,0,0
23,65,0.600000,0.500000,0,0,0.000000,0,0.000000,0.000000,0.000000,0,0
23,66,0.600000,0.600000,0,0,0.000000,0,0.000000,0.000000,0.000000,0,0
23,67,0.600000,0.700000,0,0,0.000000,0,0.000000,0.000000,0.000000,0,0
23,68,0.600000,0.800000,0,0,0.000000,0,0.000000,0.000000,0.000000,0,0
23,69,0.600000,0.900000,0,0,0.000000,0,0.000000,0.000000,0.000000,0,0
23,70,0.700000,0.000000,0,0,0.000000,0,0.000000,0.000000,0.000000,0,0
23,71,0.700000,0.100000,0,0,0.000000,0,0.000000,0.000000,0.000000,0,0
23,72,0.700000,0.200000,0,0,0.000000,0,0.000000,0.000000,0.000000,0,0
23,73,0.700000,0.300000,0,0,0.000000,0,0.000000,0.000000,0.000000,0,0
23,74,0.700000,0.400000,0,0,0.000000,0,0.000000,0.000000,0.000000,0,0
23,75,0.700000,0.500000,0,0,0.000000,0,0.000000,0.000000,0.000000,0,0
23,76,0.700000,0.600000,0,0,0.000000,0,0.000000,0.000000,0.000000,0,0
23,77,0.700000,0.700000,0,0,0.000000,0,0.000000,0.000000,0.000000,0,0
23,78,0.700000,0.800000,0,0,0.000000,0,0.000000,0.000000,0.000000,0,0
23,79,0.700000,0.900000,0,0,0.000000,0,0.000000,0.000000,0.000000,0,0
23,80,0.800000,0.000000,0,0,0.000000,0,0.000000,0.000000,0.000000,0,0
23,81,0.800000,0.100000,0,0,0.000000,0,0.000000,0.000000,0.000000,0,0
23,82,0.800000,0.200000,0,0,0.000000,0,0.000000,0.000000,0.000000,0,0
23,83,0.800000,0.300000,0,0,0.000000,0,0.000000,0.000000,0.000000,0,0
23,84,0.800000,0.400000,0,0,0.000000,0,0.000000,0.000000,0.000000,0,0
23,85,0.800000,0.500000,0,0,0.000000,0,0.000000,0.000000,0.000000,0,0
23,86,0.800000,0.600000,0,0,0.000000,0,0.000000,0.000000,0.000000,0,0
23,87,0.800000,0.700000,0,0,0.000000,0,0.000000,0.000000,0.000000,0,0
23,88,0.800000,0.800000,0,0,0.000000,0,0.000000,0.000000,0.000000,0,0
23,89,0.800000,0.900000,0,0,0.000000,0,0.000000,0.000000,0.000000,0,0
23,90,0.900000,0.000000,0,0,0.000000,0,0.000000,0.000000,0.000000,0,0
23,91,0.900000,0.100000,0,0,0.000000,0,0.000000,0.000000,0.000000,0,0
23,92,0.900000,0.200000,0,0,0.000000,0,0.000000,0.000000,0.000000,0,0
23,93,0.900000,0.300000,0,0,0.000000,0,0.000000,0.000000,0.000000,0,0
23,94,0.900000,0.400000,0,0,0.000000,0,0.000000,0.000000,0.000000,0,0
23,95,0.900000,0.500000,0,0,0.000000,0,0.000000,0.000000,0.000000,0,0
23,96,0.900000,0.600000,0,0,0.000000,0,0.000000,0.000000,0.000000,0,0
23,97,0.900000,0.700000,0,0,0.000000,0,0.000000,0.000000,0.000000,0,0
23,98,0.900000,0.800000,0,0,0.000000,0,0.000000,0.000000,0.000000,0,0
23,99,0.900000,0.900000,0,34,0.000000,34,34.210526,3.421053,1170.360111,100,2
24,0,0.000000,0.000000,0,72,0.000000,72,72.129839,7.212984,5202.713611,100,1
24,1,0.000000,0.100000,0,0,0.000000,0,0.000000,0.000000,0.000000,0,0
24,2,0.000000,0.200000,0,0,0.000000,0,0.000000,0.000000,0.000000,0,0
24,3,0.000000,0.300000,0,0,0.000000,0,0.000000,0.000000,0.000000,0,0
24,4,0.000000,0.400000,0,0,0.000000,0,0.000000,0.000000,0.000000,0,0
24,5,0.000000,0.500000,0,0,0.000000,0,0.000000,0.000000,0.000000,0,0
24,6,0.000000,0.600000,0,0,0.000000,0,0.000000,0.000000,0.000000,0,0
24,7,0.000000,0.700000,0,0,0.000000,0,0.000000,0.000000,0.000000,0,0
24,8,0.000000,0.800000,0,0,0.000000,0,0.000000,0.000000,0.000000,0,0
24,9,0.000000,0.900000,0,74,0.000000,62,67.991676,6.799168,4622.867948,100,2
24,10,0.100000,0.000000,0,0,0.000000,0,0.000000,0.000000,0.000000,0,0
24,11,0.100000,0.100000,0,0,0.000000,0,0.000000,0.000000,0.000000,0,0
24,12,0.100000,0.200000,0,0,0.000000,0,0.000000,0.000000,0.000000,0,0
24,13,0.100000,0.300000,0,0,0.000000,0,0.000000,0.000000,0.000000,0,0
24,14,0.100000,0.400000,0,0,0.000000,0,0.000000,0.000000,0.000000,0,0
24,15,0.100000,0.500000,0,0,0.000000,0,0.000000,0.000000,0.000000,0,0
24,16,0.100000,0.600000,0,0,0.000000,0,0.000000,0.000000,0.000000,0,0
24,17,0.100000,0.700000,0,0,0.000000,0,0.000000,0.000000,0.000000,0,0
24,18,0.100000,0.800000,0,0,0.000000,0,0.000000,0.000000,0.000000,0,0
24,19,0.100000,0.900000,0,0,0.000000,0,0.000000,0.000000,0.000000,0,0
24,20,0.200000,0.000000,0,0,0.000000,0,0.000000,0.000000,0.000000,0,0
24,21,0.200000,0.100000,0,0,0.000000,0,0.000000,0.000000,0.000000,0,0
24,22,0.200000,0.200000,0,0,0.000000,0,0.000000,0.000000,0.000000,0,0
24,23,0.200000,0.300000,0,0,0.000000,0,0.000000,0.000000,0.000000,0,0
24,24,0.200000,0.400000,0,0,0.000000,0,0.000000,0.000000,0.000000,0,0
24,25,0.200000,0.500000,0,0,0.000000,0,0.000000,0.000000,0.000000,0,0
24,26,0.200000,0.600000,0,0,0.000000,0,0.000000,0.000000,0.000000,0,0
24,27,0.200000,0.700000,0,0,0.000000,0,0.000000,0.000000,0.000000,0,0
24,28,0.200000,0.800000,0,0,0.000000,0,0.000000,0.000000,0.000000,0,0
24,29,0.200000,0.900000,0,0,0.000000,0,0.000000,0.000000,0.000000,0,0
24,30,0.300000,0.000000,0,0,0.000000,0,0.000000,0.000000,0.000000,0,0
24,31,0.300000,0.100000,0,0,0.000000,0,0.000000,0.000000,0.000000,0,0
24,32,0.300000,0.200000,0,0,0.000000,0,0.000000,0.000000,0.000000,0,0
24,33,0.300000,0.300000,0,0,0.000000,0,0.000000,0.000000,0.000000,0,0
24,34,0.300000,0.400000,0,0,0.000000,0,0.000000,0.000000,0.000000,0,0
24,35,0.300000,0.500000,0,0,0.000000,0,0.000000,0.000000,0.000000,0,0
24,36,0.300000,0.600000,0,0,0.000000,0,0.000000,0.000000,0.000000,0,0
24,37,0.300000,0.700000,0,0,0.000000,0,0.000000,0.000000,0.000000,0,0
24,38,0.300000,0.800000,0,0,0.000000,0,0.000000,0.000000,0.000000,0,0
24,39,0.300000,0.900000,0,0,0.000000,0,0.000000,0.000000,0.000000,0,0
24,40,0.400000,0.000000,0,0,0.000000,0,0.000000,0.000000,0.000000,100,45
24,41,0.400000,0.100000,0,0,0.000000,0,0.000000,0.000000,0.000000,0,0
24,42,0.400000,0.200000,0,0,0.000000,0,0.000000,0.000000,0.000000,0,0
24,43,0.400000,0.300000,0,0,0.000000,0,0.000000,0.000000,0.000000,0,0
24,44,0.400000,0.400000,0,0,0.000000,0,0.000000,0.000000,0.000000,0,0
24,45,0.400000,0.500000,0,0,0.000000,0,0.000000,0.000000,0.000000,0,0
24,46,0.400000,0.600000,0,0,0.000000,0,0.000000,0.000000,0.000000,0,0
24,47,0.400000,0.700000,0,0,0.000000,0,0.000000,0.000000,0.000000,0,0
24,48,0.400000,0.800000,0,0,0.000000,0,0.000000,0.000000,0.000000,0,0
24,49,0.400000,0.900000,0,0,0.000000,0,0.000000,0.000000,0.000000,100,71
24,50,0.500000,0.000000,0,0,0.000000,0,0.000000,0.000000,0.000000,0,0
24,51,0.500000,0.100000,0,0,0.000000,0,0.000000,0.000000,0.000000,0,0
24,52,0.500000,0.200000,0,0,0.000000,0,0.000000,0.000000,0.000000,0,0
24,53,0.500000,0.300000,0,0,0.000000,0,0.000000,0.000000,0.000000,0,0
24,54,0.500000,0.400000,0,0,0.000000,0,0.000000,0.000000,0.000000,0,0
24,55,0.500000,0.500000,0,0,0.000000,0,0.000000,0.000000,0.000000,0,0
24,56,0.500000,0.600000,0,0,0.000000,0,0.000000,0.000000,0.000000,0,0
24,57,0.500000,0.700000,0,0,0.000000,0,0.000000,0.000000,0.000000,0,0
24,58,0.500000,0.800000,0,0,0.000000,0,0.000000,0.000000,0.000000,0,0
24,59,0.500000,0.900000,0,0,0.000000,0,0.000000,0.000000,0.000000,0,0
24,60,0.600000,0.000000,0,0,0.000000,0,0.000000,0.000000,0.000000,0,0
24,61,0.600000,0.100000,0,0,0.000000,0,0.000000,0.000000,0.000000,0,0
24,62,0.600000,0.200000,0,0,0.000000,0,0.000000,0.000000,0.000000,0,0
24,63,0.600000,0.300000,0,0,0.000000,0,0.000000,0.000000,0.000000,0,0
24,64,0.600000,0.400000,0,0,0.000000,0,0.000000,0.000000,0.000000,0,0
24,65,0.600000,0.500000,0,0,0.000000,0,0.000000,0.000000,0.000000,0,0
24,66,0.600000,0.600000,0,0,0.000000,0,0.000000,0.000000,0.000000,0,0
24,67,0.600000,0.700000,0,0,0.000000,0,0.000000,0.000000,0.000000,0,0
24,68,0.600000,0.800000,0,0,0.000000,0,0.000000,0.000000,0.000000,0,0
24,69,0.600000,0.900000,0,0,0.000000,0,0.000000,0.000000,0.000000,0,0
24,70,0.700000,0.000000,0,0,0.000000,0,0.000000,0.000000,0.000000,0,0
24,71,0.700000,0.100000,0,0,0.000000,0,0.000000,0.000000,0.000000,0,0
24,72,0.700000,0.200000,0,0,0.000000,0,0.000000,0.000000,0.000000,0,0
24,73,0.700000,0.300000,0,0,0.000000,0,0.000000,0.000000,0.000000,0,0
24,74,0.700000,0.400000,0,0,0.000000,0,0.000000,0.000000,0.000000,0,0
24,75,0.700000,0.500000,0,0,0.000000,0,0.000000,0.000000,0.000000,0,0
24,76,0.700000,0.600000,0,0,0.000000,0,0.000000,0.000000,0.000000,0,0
24,77,0.700000,0.700000,0,0,0.000000,0,0.000000,0.000000,0.000000,0,0
24,78,0.700000,0.800000,0,0,0.000000,0,0.000000,0.000000,0.000000,0,0
24,79,0.700000,0.900000,0,0,0.000000,0,0.000000,0.000000,0.000000,0,0
24,80,0.800000,0.000000,0,0,0.000000,0,0.000000,0.000000,0.000000,0,0
24,81,0.800000,0.100000,0,0,0.000000,0,0.000000,0.000000,0.000000,0,0
24,82,0.800000,0.200000,0,0,0.000000,0,0.000000,0.000000,0.000000,0,0
24,83,0.800000,0.300000,0,0,0.000000,0,0.000000,0.000000,0.000000,0,0
24,84,0.800000,0.400000,0,0,0.000000,0,0.000000,0.000000,0.000000,0,0
24,85,0.800000,0.500000,0,0,0.000000,0,0.000000,0.000000,0.000000,0,0
24,86,0.800000,0.600000,0,0,0.000000,0,0.000000,0.000000,0.000000,0,0
24,87,0.800000,0.700000,0,0,0.000000,0,0.000000,0.000000,0.000000,0,0
24,88,0.800000,0.800000,0,0,0.000000,0,0.000000,0.000000,0.000000,0,0
24,89,0.800000,0.900000,0,0,0.000000,0,0.000000,0.000000,0.000000,0,0
24,90,0.900000,0.000000,0,0,0.000000,0,0.000000,0.000000,0.000000,0,0
24,91,0.900000,0.100000,0,0,0.000000,0,0.000000,0.000000,0.000000,0,0
24,92,0.900000,0.200000,0,0,0.000000,0,0.000000,0.000000,0.000000,0,0
24,93,0.900000,0.300000,0,0,0.000000,0,0.000000,0.000000,0.000000,0,0
24,94,0.900000,0.400000,0,0,0.000000,0,0.000000,0.000000,0.000000,0,0
24,95,0.900000,0.500000,0,0,0.000000,0,0.000000,0.000000,0.000000,0,0
24,96,0.900000,0.600000,0,0,0.000000,0,0.000000,0.000000,0.000000,0,0
24,97,0.900000,0.700000,0,0,0.000000,0,0.000000,0.000000,0.000000,0,0
24,98,0.900000,0.800000,0,0,0.000000,0,0.000000,0.000000,0.000000,0,0
24,99,0.900000,0.900000,0,34,0.000000,34,34.210526,3.421053,1170.360111,100,2
25,0,0.000000,0.000000,0,74,0.000000,74,73.872252,7.387225,5457.109660,100,2
25,1,0.000000,0.100000,0,0,0.000000,0,0.000000,0.000000,0.000000,0,0
25,2,0.000000,0.200000,0,0,0.000000,0,0.000000,0.000000,0.000000,0,0
25,3,0.000000,0.300000,0,0,0.000000,0,0.000000,0.000000,0.000000,0,0
25,4,0.000000,0.400000,0,0,0.000000,0,0.000000,0.000000,0.000000,0,0
25,5,0.000000,0.500000,0,0,0.000000,0,0.000000,0.000000,0.000000,0,0
25,6,0.000000,0.600000,0,0,0.000000,0,0.000000,0.000000,0.000000,0,0
25,7,0.000000,0.700000,0,0,0.000000,0,0.000000,0.000000,0.000000,0,0
25,8,0.000000,0.800000,0,0,0.000000,0,0.000000,0.000000,0.000000,0,0
25,9,0.000000,0.900000,0,74,0.000000,74,74.412038,7.441204,5537.151419,100,1
25,10,0.100000,0.000000,0,0,0.000000,0,0.000000,0.000000,0.000000,0,0
25,11,0.100000,0.100000,0,0,0.000000,0,0.000000,0.000000,0.000000,0,0
25,12,0.100000,0.200000,0,0,0.000000,0,0.000000,0.000000,0.000000,0,0
25,13,0.100000,0.300000,0,0,0.000000,0,0.000000,0.000000,0.000000,0,0
25,14,0.100000,0.400000,0,0,0.000000,0,0.000000,0.000000,0.000000,0,0
25,15,0.100000,0.500000,0,0,0.000000,0,0.000000,0.000000,0.000000,0,0
25,16,0.100000,0.600000,0,0,0.000000,0,0.000000,0.000000,0.000000,0,0
25,17,0.100000,0.700000,0,0,0.000000,0,0.000000,0.000000,0.000000,0,0
25,18,0.100000,0.800000,0,0,0.000000,0,0.000000,0.000000,0.000000,0,0
25,19,0.100000,0.900000,0,0,0.000000,0,0.000000,0.000000,0.000000,0,0
25,20,0.200000,0.000000,0,0,0.000000,0,0.000000,0.000000,0.000000,0,0
25,21,0.200000,0.100000,0,0,0.000000,0,0.000000,0.000000,0.000000,0,0
25,22,0.200000,0.200000,0,0,0.000000,0,0.000000,0.000000,0.000000,0,0
25,23,0.200000,0.300000,0,0,0.000000,0,0.000000,0.000000,0.000000,0,0
25,24,0.200000,0.400000,0,0,0.000000,0,0.000000,0.000000,0.000000,0,0
25,25,0.200000,0.500000,0,0,0.000000,0,0.000000,0.000000,0.000000,0,0
25,26,0.200000,0.600000,0,0,0.000000,0,0.000000,0.000000,0.000000,0,0
25,27,0.200000,0.700000,0,0,0.000000,0,0.000000,0.000000,0.000000,0,0
25,28,0.200000,0.800000,0,0,0.000000,0,0.000000,0.000000,0.000000,0,0
25,29,0.200000,0.900000,0,0,0.000000,0,0.000000,0.000000,0.000000,0,0
25,30,0.300000,0.000000,0,0,0.000000,0,0.000000,0.000000,0.000000,0,0
25,31,0.300000,0.100000,0,0,0.000000,0,0.000000,0.000000,0.000000,0,0
25,32,0.300000,0.200000,0,0,0.000000,0,0.000000,0.000000,0.000000,0,0
25,33,0.300000,0.300000,0,0,0.000000,0,0.000000,0.000000,0.000000,0,0
25,34,0.300000,0.400000,0,0,0.000000,0,0.000000,0.000000,0.000000,0,0
25,35,0.300000,0.500000,0,0,0.000000,0,0.000000,0.000000,0.000000,0,0
25,36,0.300000,0.600000,0,0,0.000000,0,0.000000,0.000000,0.000000,0,0
25,37,0.300000,0.700000,0,0,0.000000,0,0.000000,0.000000,0.000000,0,0
25,38,0.300000,0.800000,0,0,0.000000,0,0.000000,0.000000,0.000000,0,0
25,39,0.300000,0.900000,0,0,0.000000,0,0.000000,0.000000,0.000000,0,0
25,40,0.400000,0.000000,0,0,0.000000,0,0.000000,0.000000,0.000000,100,45
25,41,0.400000,0.100000,0,0,0.000000,0,0.000000,0.000000,0.000000,0,0
25,42,0.400000,0.200000,0,0,0.000000,0,0.000000,0.000000,0.000000,0,0
25,43,0.400000,0.300000,0,0,0.000000,0,0.000000,0.000000,0.000000,0,0
25,44,0.400000,0.400000,0,0,0.000000,0,0.000000,0.000000,0.000000,0,0
25,45,0.400000,0.500000,0,0,0.000000,0,0.000000,0.000000,0.000000,0,0
25,46,0.400000,0.600000,0,0,0.000000,0,0.000000,0.000000,0.000000,0,0
25,47,0.400000,0.700000,0,0,0.000000,0,0.000000,0.000000,0.000000,0,0
25,48,0.400000,0.800000,0,0,0.000000,0,0.000000,0.000000,0.000000,0,0
25,49,0.400000,0.900000,0,0,0.000000,0,0.000000,0.000000,0.000000,100,71
25,50,0.500000,0.000000,0,0,0.000000,0,0.000000,0.000000,0.000000,0,0
25,51,0.500000,0.100000,0,0,0.000000,0,0.000000,0.000000,0.000000,0,0
25,52,0.500000,0.200000,0,0,0.000000,0,0.000000,0.000000,0.000000,0,0
25,53,0.500000,0.300000,0,0,0.000000,0,0.000000,0.000000,0.000000,0,0
25,54,0.500000,0.400000,0,0,0.000000,0,0.000000,0.000000,0.000000,0,0
25,55,0.500000,0.500000,0,0,0.000000,0,0.000000,0.000000,0.000000,0,0
25,56,0.500000,0.600000,0,0,0.000000,0,0.000000,0.000000,0.000000,0,0
25,57,0.500000,0.700000,0,0,0.000000,0,0.000000,0.000000,0.000000,0,0
25,58,0.500000,0.800000,0,0,0.000000,0,0.000000,0.000000,0.000000,0,0
25,59,0.500000,0.900000,0,0,0.000000,0,0.000000,0.000000,0.000000,0,0
25,60,0.600000,0.000000,0,0,0.000000,0,0.000000,0.000000,0.000000,0,0
25,61,0.600000,0.100000,0,0,0.000000,0,0.000000,0.000000,0.000000,0,0
25,62,0.600000,0.200000,0,0,0.000000,0,0.000000,0.000000,0.000000,0,0
25,63,0.600000,0.300000,0,0,0.000000,0,0.000000,0.000000,0.000000,0,0
25,64,0.600000,0.400000,0,0,0.000000,0,0.000000,0.000000,0.000000,0,0
25,65,0.600000,0.500000,0,0,0.000000,0,0.000000,0.000000,0.000000,0,0
25,66,0.600000,0.600000,0,0,0.000000,0,0.000000,0.000000,0.000000,0,0
25,67,0.600000,0.700000,0,0,0.000000,0,0.000000,0.000000,0.000000,0,0
25,68,0.600000,0.800000,0,0,0.000000,0,0.000000,0.000000,0.000000,0,0
25,69,0.600000,0.900000,0,0,0.000000,0,0.000000,0.000000,0.000000,0,0
25,70,0.700000,0.000000,0,0,0.000000,0,0.000000,0.000000,0.000000,0,0
25,71,0.700000,0.100000,0,0,0.000000,0,0.000000,0.000000,0.000000,0,0
25,72,0.700000,0.200000,0,0,0.000000,0,0.000000,0.000000,0.000000,0,0
25,73,0.700000,0.300000,0,0,0.000000,0,0.000000,0.000000,0.000000,0,0
25,74,0.700000,0.400000,0,0,0.000000,0,0.000000,0.000000,0.000000,0,0
25,75,0.700000,0.500000,0,0,0.000000,0,0.000000,0.000000,0.000000,0,0
25,76,0.700000,0.600000,0,0,0.000000,0,0.000000,0.000000,0.000000,0,0
25,77,0.700000,0.700000,0,0,0.000000,0,0.000000,0.000000,0.000000,0,0
25,78,0.700000,0.800000,0,0,0.000000,0,0.000000,0.000000,0.000000,0,0
25,79,0.700000,0.900000,0,0,0.000000,0,0.000000,0.000000,0.000000,0,0
25,80,0.800000,0.000000,0,0,0.000000,0,0.000000,0.000000,0.000000,0,0
25,81,0.800000,0.100000,0,0,0.000000,0,0.000000,0.000000,0.000000,0,0
25,82,0.800000,0.200000,0,0,0.000000,0,0.000000,0.000000,0.000000,0,0
25,83,0.800000,0.300000,0,0,0.000000,0,0.000000,0.000000,0.000000,0,0
25,84,0.800000,0.400000,0,0,0.000000,0,0.000000,0.000000,0.000000,0,0
25,85,0.800000,0.500000,0,0,0.000000,0,0.000000,0.000000,0.000000,0,0
25,86,0.800000,0.600000,0,0,0.000000,0,0.000000,0.000000,0.000000,0,0
25,87,0.800000,0.700000,0,0,0.000000,0,0.000000,0.000000,0.000000,0,0
25,88,0.800000,0.800000,0,0,0.000000,0,0.000000,0.000000,0.000000,0,0
25,89,0.800000,0.900000,0,0,0.000000,0,0.000000,0.000000,0.000000,0,0
25,90,0.900000,0.000000,0,0,0.000000,0,0.000000,0.000000,0.000000,0,0
25,91,0.900000,0.100000,0,0,0.000000,0,0.000000,0.000000,0.000000,0,0
25,92,0.900000,0.200000,0,0,0.000000,0,0.000000,0.000000,0.000000,0,0
25,93,0.900000,0.300000,0,0,0.000000,0,0.000000,0.000000,0.000000,0,0
25,94,0.900000,0.400000,0,0,0.000000,0,0.000000,0.000000,0.000000,0,0
25,95,0.900000,0.500000,0,0,0.000000,0,0.000000,0.000000,0.000000,0,0
25,96,0.900000,0.600000,0,0,0.000000,0,0.000000,0.000000,0.000000,0,0
25,97,0.900000,0.700000,0,0,0.000000,0,0.000000,0.000000,0.000000,0,0
25,98,0.900000,0.800000,0,0,0.000000,0,0.000000,0.000000,0.000000,0,0
25,99,0.900000,0.900000,0,34,0.000000,34,34.210526,3.421053,1170.360111,100,2
26,0,0.000000,0.000000,0,74,0.000000,74,74.414012,7.441401,5537.445255,100,1
26,1,0.000000,0.100000,0,0,0.000000,0,0.000000,0.000000,0.000000,0,0
26,2,0.000000,0.200000,0,0,0.000000,0,0.000000,0.000000,0.000000,0,0
26,3,0.000000,0.300000,0,0,0.000000,0,0.000000,0.000000,0.000000,0,0
26,4,0.000000,0.400000,0,0,0.000000,0,0.000000,0.000000,0.000000,0,0
26,5,0.000000,0.500000,0,0,0.000000,0,0.000000,0.000000,0.000000,0,0
26,6,0.000000,0.600000,0,0,0.000000,0,0.000000,0.000000,0.000000,0,0
26,7,0.000000,0.700000,0,0,0.000000,0,0.000000,0.000000,0.000000,0,0
26,8,0.000000,0.800000,0,0,0.000000,0,0.000000,0.000000,0.000000,0,0
26,9,0.000000,0.900000,0,74,0.000000,74,74.412038,7.441204,5537.151419,100,1
26,10,0.100000,0.000000,0,0,0.000000,0,0.000000,0.000000,0.000000,0,0
26,11,0.100000,0.100000,0,0,0.000000,0,0.000000,0.000000,0.000000,0,0
26,12,0.100000,0.200000,0,0,0.000000,0,0.000000,0.000000,0.000000,0,0
26,13,0.100000,0.300000,0,0,0.000000,0,0.000000,0.000000,0.000000,0,0
26,14,0.100000,0.400000,0,0,0.000000,0,0.000000,0.000000,0.000000,0,0
26,15,0.100000,0.500000,0,0,0.000000,0,0.000000,0.000000,0.000000,0,0
26,16,0.100000,0.600000,0,0,0.000000,0,0.000000,0.000000,0.000000,0,0
26,17,0.100000,0.700000,0,0,0.000000,0,0.000000,0.000000,0.000000,0,0
26,18,0.100000,0.800000,0,0,0.000000,0,0.000000,0.000000,0.000000,0,0
26,19,0.100000,0.900000,0,0,0.000000,0,0.000000,0.000000,0.000000,0,0
26,20,0.200000,0.000000,0,0,0.000000,0,0.000000,0.000000,0.000000,0,0
26,21,0.200000,0.100000,0,0,0.000000,0,0.000000,0.000000,0.000000,0,0
26,22,0.200000,0.200000,0,0,0.000000,0,0.000000,0.000000,0.000000,0,0
26,23,0.200000,0.300000,0,0,0.000000,0,0.000000,0.000000,0.000000,0,0
26,24,0.200000,0.400000,0,0,0.000000,0,0.000000,0.000000,0.000000,0,0
26,25,0.200000,0.500000,0,0,0.000000,0,0.000000,0.000000,0.000000,0,0
26,26,0.200000,0.600000,0,0,0.000000,0,0.000000,0.000000,0.000000,0,0
26,27,0.200000,0.700000,0,0,0.000000,0,0.000000,0.000000,0.000000,0,0
26,28,0.200000,0.800000,0,0,0.000000,0,0.000000,0.000000,0.000000,0,0
26,29,0.200000,0.900000,0,0,0.000000,0,0.000000,0.000000,0.000000,0,0
26,30,0.300000,0.000000,0,0,0.000000,0,0.000000,0.000000,0.000000,0,0
26,31,0.300000,0.100000,0,0,0.000000,0,0.000000,0.000000,0.000000,0,0
26,32,0.300000,0.200000,0,0,0.000000,0,0.000000,0.000000,0.000000,0,0
26,33,0.300000,0.300000,0,0,0.000000,0,0.000000,0.000000,0.000000,0,0
26,34,0.300000,0.400000,0,0,0.000000,0,0.000000,0.000000,0.000000,0,0
26,35,0.300000,0.500000,0,0,0.000000,0,0.000000,0.000000,0.000000,0,0
26,36,0.300000,0.600000,0,0,0.000000,0,0.000000,0.000000,0.000000,0,0
26,37,0.300000,0.700000,0,0,0.000000,0,0.000000,0.000000,0.000000,0,0
26,38,0.300000,0.800000,0,0,0.000000,0,0.000000,0.000000,0.000000,0,0
26,39,0.300000,0.900000,0,0,0.000000,0,0.000000,0.000000,0.000000,0,0
26,40,0.400000,0.000000,0,0,0.000000,0,0.000000,0.000000,0.000000,100,45
26,41,0.400000,0.100000,0,0,0.000000,0,0.000000,0.000000,0.000000,0,0
26,42,0.400000,0.200000,0,0,0.000000,0,0.000000,0.000000,0.000000,0,0
26,43,0.400000,0.300000,0,0,0.000000,0,0.000000,0.000000,0.000000,0,0
26,44,0.400000,0.400000,0,0,0.000000,0,0.000000,0.000000,0.000000,0,0
26,45,0.400000,0.500000,0,0,0.000000,0,0.000000,0.000000,0.000000,0,0
26,46,0.400000,0.600000,0,0,0.000000,0,0.000000,0.000000,0.000000,0,0
26,47,0.400000,0.700000,0,0,0.000000,0,0.000000,0.000000,0.000000,0,0
26,48,0.400000,0.800000,0,0,0.000000,0,0.000000,0.000000,0.000000,0,0
26,49,0.400000,0.900000,0,0,0.000000,0,0.000000,0.000000,0.000000,100,71
26,50,0.500000,0.000000,0,0,0.000000,0,0.000000,0.000000,0.000000,0,0
26,51,0.500000,0.100000,0,0,0.000000,0,0.000000,0.000000,0.000000,0,0
26,52,0.500000,0.200000,0,0,0.000000,0,0.000000,0.000000,0.000000,0,0
26,53,0.500000,0.300000,0,0,0.000000,0,0.000000,0.000000,0.000000,0,0
26,54,0.500000,0.400000,0,0,0.000000,0,0.000000,0.000000,0.000000,0,0
26,55,0.500000,0.500000,0,0,0.000000,0,0.000000,0.000000,0.000000,0,0
26,56,0.500000,0.600000,0,0,0.000000,0,0.000000,0.000000,0.000000,0,0
26,57,0.500000,0.700000,0,0,0.000000,0,0.000000,0.000000,0.000000,0,0
26,58,0.500000,0.800000,0,0,0.000000,0,0.000000,0.000000,0.000000,0,0
26,59,0.500000,0.900000,0,0,0.000000,0,0.000000,0.000000,0.000000,0,0
26,60,0.600000,0.000000,0,0,0.000000,0,0.000000,0.000000,0.000000,0,0
26,61,0.600000,0.100000,0,0,0.000000,0,0.000000,0.000000,0.000000,0,0
26,62,0.600000,0.200000,0,0,0.000000,0,0.000000,0.000000,0.000000,0,0
26,63,0.600000,0.300000,0,0,0.000000,0,0.000000,0.000000,0.000000,0,0
26,64,0.600000,0.400000,0,0,0.000000,0,0.000000,0.000000,0.000000,0,0
26,65,0.600000,0.500000,0,0,0.000000,0,0.000000,0.000000,0.000000,0,0
26,66,0.600000,0.600000,0,0,0.000000,0,0.000000,0.000000,0.000000,0,0
26,67,0.600000,0.700000,0,0,0.000000,0,0.000000,0.000000,0.000000,0,0
26,68,0.600000,0.800000,0,0,0.000000,0,0.000000,0.000000,0.000000,0,0
26,69,0.600000,0.900000,0,0,0.000000,0,0.000000,0.000000,0.000000,0,0
26,70,0.700000,0.000000,0,0,0.000000,0,0.000000,0.000000,0.000000,0,0
26,71,0.700000,0.100000,0,0,0.000000,0,0.000000,0.000000,0.000000,0,0
26,72,0.700000,0.200000,0,0,0.000000,0,0.000000,0.000000,0.000000,0,0
26,73,0.700000,0.300000,0,0,0.000000,0,0.000000,0.000000,0.000000,0,0
26,74,0.700000,0.400000,0,0,0.000000,0,0.000000,0.000000,0.000000,0,0
26,75,0.700000,0.500000,0,0,0.000000,0,0.000000,0.000000,0.000000,0,0
26,76,0.700000,0.600000,0,0,0.000000,0,0.000000,0.000000,0.000000,0,0
26,77,0.700000,0.700000,0,0,0.000000,0,0.000000,0.000000,0.000000,0,0
26,78,0.700000,0.800000,0,0,0.000000,0,0.000000,0.000000,0.000000,0,0
26,79,0.700000,0.900000,0,0,0.000000,0,0.000000,0.000000,0.000000,0,0
26,80,0.800000,0.000000,0,0,0.000000,0,0.000000,0.000000,0.000000,0,0
26,81,0.800000,0.100000,0,0,0.000000,0,0.000000,0.000000,0.000000,0,0
26,82,0.800000,0.200000,0,0,0.000000,0,0.000000,0.000000,0.000000,0,0
26,83,0.800000,0.300000,0,0,0.000000,0,0.000000,0.000000,0.000000,0,0
26,84,0.800000,0.400000,0,0,0.000000,0,0.000000,0.000000,0.000000,0,0
26,85,0.800000,0.500000,0,0,0.000000,0,0.000000,0.000000,0.000000,0,0
26,86,0.800000,0.600000,0,0,0.000000,0,0.000000,0.000000,0.000000,0,0
26,87,0.800000,0.700000,0,0,0.000000,0,0.000000,0.000000,0.000000,0,0
26,88,0.800000,0.800000,0,0,0.000000,0,0.000000,0.000000,0.000000,0,0
26,89,0.800000,0.900000,0,0,0.000000,0,0.000000,0.000000,0.000000,0,0
26,90,0.900000,0.000000,0,0,0.000000,0,0.000000,0.000000,0.000000,0,0
26,91,0.900000,0.100000,0,0,0.000000,0,0.000000,0.000000,0.000000,0,0
26,92,0.900000,0.200000,0,0,0.000000,0,0.000000,0.000000,0.000000,0,0
26,93,0.900000,0.300000,0,0,0.000000,0,0.000000,0.000000,0.000000,0,0
26,94,0.900000,0.400000,0,0,0.000000,0,0.000000,0.000000,0.000000,0,0
26,95,0.900000,0.500000,0,0,0.000000,0,0.000000,0.000000,0.000000,0,0
26,96,0.900000,0.600000,0,0,0.000000,0,0.000000,0.000000,0.000000,0,0
26,97,0.900000,0.700000,0,0,0.000000,0,0.000000,0.000000,0.000000,0,0
26,98,0.900000,0.800000,0,0,0.000000,0,0.000000,0.000000,0.000000,0,0
26,99,0.900000,0.900000,0,34,0.000000,34,34.210526,3.421053,1170.360111,100,2
27,0,0.000000,0.000000,0,74,0.000000,74,74.414012,7.441401,5537.445255,100,1
27,1,0.000000,0.100000,0,0,0.000000,0,0.000000,0.000000,0.000000,0,0
27,2,0.000000,0.200000,0,0,0.000000,0,0.000000,0.000000,0.000000,0,0
27,3,0.000000,0.300000,0,0,0.000000,0,0.000000,0.000000,0.000000,0,0
27,4,0.000000,0.400000,0,0,0.000000,0,0.000000,0.000000,0.000000,0,0
27,5,0.000000,0.500000,0,0,0.000000,0,0.000000,0.000000,0.000000,0,0
27,6,0.000000,0.600000,0,0,0.000000,0,0.000000,0.000000,0.000000,0,0
27,7,0.000000,0.700000,0,0,0.000000,0,0.000000,0.000000,0.000000,0,0
27,8,0.000000,0.800000,0,0,0.000000,0,0.000000,0.000000,0.000000,0,0
27,9,0.000000,0.900000,0,74,0.000000,74,74.412038,7.441204,5537.151419,100,1
27,10,0.100000,0.000000,0,0,0.000000,0,0.000000,0.000000,0.000000,0,0
27,11,0.100000,0.100000,0,0,0.000000,0,0.000000,0.000000,0.000000,0,0
27,12,0.100000,0.200000,0,0,0.000000,0,0.000000,0.000000,0.000000,0,0
27,13,0.100000,0.300000,0,0,0.000000,0,0.000000,0.000000,0.000000,0,0
27,14,0.100000,0.400000,0,0,0.000000,0,0.000000,0.000000,0.000000,0,0
27,15,0.100000,0.500000,0,0,0.000000,0,0.000000,0.000000,0.000000,0,0
27,16,0.100000,0.600000,0,0,0.000000,0,0.000000,0.000000,0.000000,0,0
27,17,0.100000,0.700000,0,0,0.000000,0,0.000000,0.000000,0.000000,0,0
27,18,0.100000,0.800000,0,0,0.000000,0,0.000000,0.000000,0.000000,0,0
27,19,0.100000,0.900000,0,0,0.000000,0,0.000000,0.000000,0.000000,0,0
27,20,0.200000,0.000000,0,0,0.000000,0,0.000000,0.000000,0.000000,0,0
27,21,0.200000,0.100000,0,0,0.000000,0,0.000000,0.000000,0.000000,0,0
27,22,0.200000,0.200000,0,0,0.000000,0,0.000000,0.000000,0.000000,0,0
27,23,0.200000,0.300000,0,0,0.000000,0,0.000000,0.000000,0.000000,0,0
27,24,0.200000,0.400000,0,0,0.000000,0,0.000000,0.000000,0.000000,0,0
27,25,0.200000,0.500000,0,0,0.000000,0,0.000000,0.000000,0.000000,0,0
27,26,0.200000,0.600000,0,0,0.000000,0,0.000000,0.000000,0.000000,0,0
27,27,0.200000,0.700000,0,0,0.000000,0,0.000000,0.000000,0.000000,0,0
27,28,0.200000,0.800000,0,0,0.000000,0,0.000000,0.000000,0.000000,0,0
27,29,0.200000,0.900000,0,0,0.000000,0,0.000000,0.000000,0.000000,0,0
27,30,0.300000,0.000000,0,0,0.000000,0,0.000000,0.000000,0.000000,0,0
27,31,0.300000,0.100000,0,0,0.000000,0,0.000000,0.000000,0.000000,0,0
27,32,0.300000,0.200000,0,0,0.000000,0,0.000000,0.000000,0.000000,0,0
27,33,0.300000,0.300000,0,0,0.000000,0,0.000000,0.000000,0.000000,0,0
27,34,0.300000,0.400000,0,0,0.000000,0,0.000000,0.000000,0.000000,0,0
27,35,0.300000,0.500000,0,0,0.000000,0,0.000000,0.000000,0.000000,0,0
27,36,0.300000,0.600000,0,0,0.000000,0,0.000000,0.000000,0.000000,0,0
27,37,0.300000,0.700000,0,0,0.000000,0,0.000000,0.000000,0.000000,0,0
27,38,0.300000,0.800000,0,0,0.000000,0,0.000000,0.000000,0.000000,0,0
27,39,0.300000,0.900000,0,0,0.000000,0,0.000000,0.000000,0.000000,0,0
27,40,0.400000,0.000000,0,0,0.000000,0,0.000000,0.000000,0.000000,100,45
27,41,0.400000,0.100000,0,0,0.000000,0,0.000000,0.000000,0.000000,0,0
27,42,0.400000,0.200000,0,0,0.000000,0,0.000000,0.000000,0.000000,0,0
27,43,0.400000,0.300000,0,0,0.000000,0,0.000000,0.000000,0.000000,0,0
27,44,0.400000,0.400000,0,0,0.000000,0,0.000000,0.000000,0.000000,0,0
27,45,0.400000,0.500000,0,0,0.000000,0,0.000000,0.000000,0.000000,0,0
27,46,0.400000,0.600000,0,0,0.000000,0,0.000000,0.000000,0.000000,0,0
27,47,0.400000,0.700000,0,0,0.000000,0,0.000000,0.000000,0.000000,0,0
27,48,0.400000,0.800000,0,0,0.000000,0,0.000000,0.000000,0.000000,0,0
27,49,0.400000,0.900000,0,0,0.000000,0,0.000000,0.000000,0.000000,100,71
27,50,0.500000,0.000000,0,0,0.000000,0,0.000000,0.000000,0.000000,0,0
27,51,0.500000,0.100000,0,0,0.000000,0,0.000000,0.000000,0.000000,0,0
27,52,0.500000,0.200000,0,0,0.000000,0,0.000000,0.000000,0.000000,0,0
27,53,0.500000,0.300000,0,0,0.000000,0,0.000000,0.000000,0.000000,0,0
27,54,0.500000,0.400000,0,0,0.000000,0,0.000000,0.000000,0.000000,0,0
27,55,0.500000,0.500000,0,0,0.000000,0,0.000000,0.000000,0.000000,0,0
27,56,0.500000,0.600000,0,0,0.000000,0,0.000000,0.000000,0.000000,0,0
27,57,0.500000,0.700000,0,0,0.000000,0,0.000000,0.000000,0.000000,0,0
27,58,0.500000,0.800000,0,0,0.000000,0,0.000000,0.000000,0.000000,0,0
27,59,0.500000,0.900000,0,0,0.000000,0,0.000000,0.000000,0.000000,0,0
27,60,0.600000,0.000000,0,0,0.000000,0,0.000000,0.000000,0.000000,0,0
27,61,0.600000,0.100000,0,0,0.000000,0,0.000000,0.000000,0.000000,0,0
27,62,0.600000,0.200000,0,0,0.000000,0,0.000000,0.000000,0.000000,0,0
27,63,0.600000,0.300000,0,0,0.000000,0,0.000000,0.000000,0.000000,0,0
27,64,0.600000,0.400000,0,0,0.000000,0,0.000000,0.000000,0.000000,0,0
27,65,0.600000,0.500000,0,0,0.000000,0,0.000000,0.000000,0.000000,0,0
27,66,0.600000,0.600000,0,0,0.000000,0,0.000000,0.000000,0.000000,0,0
27,67,0.600000,0.700000,0,0,0.000000,0,0.000000,0.000000,0.000000,0,0
27,68,0.600000,0.800000,0,0,0.000000,0,0.000000,0.000000,0.000000,0,0
27,69,0.600000,0.900000,0,0,0.000000,0,0.000000,0.000000,0.000000,0,0
27,70,0.700000,0.000000,0,0,0.000000,0,0.000000,0.000000,0.000000,0,0
27,71,0.700000,0.100000,0,0,0.000000,0,0.000000,0.000000,0.000000,0,0
27,72,0.700000,0.200000,0,0,0.000000,0,0.000000,0.000000,0.000000,0,0
27,73,0.700000,0.300000,0,0,0.000000,0,0.000000,0.000000,0.000000,0,0
27,74,0.700000,0.400000,0,0,0.000000,0,0.000000,0.000000,0.000000,0,0
27,75,0.700000,0.500000,0,0,0.000000,0,0.000000,0.000000,0.000000,0,0
27,76,0.700000,0.600000,0,0,0.000000,0,0.000000,0.000000,0.000000,0,0
27,77,0.700000,0.700000,0,0,0.000000,0,0.000000,0.000000,0.000000,0,0
27,78,0.700000,0.800000,0,0,0.000000,0,0.000000,0.000000,0.000000,0,0
27,79,0.700000,0.900000,0,0,0.000000,0,0.000000,0.000000,0.000000,0,0
27,80,0.800000,0.000000,0,0,0.000000,0,0.000000,0.000000,0.000000,0,0
27,81,0.800000,0.100000,0,0,0.000000,0,0.000000,0.000000,0.000000,0,0
27,82,0.800000,0.200000,0,0,0.000000,0,0.000000,0.000000,0.000000,0,0
27,83,0.800000,0.300000,0,0,0.000000,0,0.000000,0.000000,0.000000,0,0
27,84,0.800000,0.400000,0,0,0.000000,0,0.000000,0.000000,0.000000,0,0
27,85,0.800000,0.500000,0,0,0.000000,0,0.000000,0.000000,0.000000,0,0
27,86,0.800000,0.600000,0,0,0.000000,0,0.000000,0.000000,0.000000,0,0
27,87,0.800000,0.700000,0,0,0.000000,0,0.000000,0.000000,0.000000,0,0
27,88,0.800000,0.800000,0,0,0.000000,0,0.000000,0.000000,0.000000,0,0
27,89,0.800000,0.900000,0,0,0.000000,0,0.000000,0.000000,0.000000,0,0
27,90,0.900000,0.000000,0,0,0.000000,0,0.000000,0.000000,0.000000,0,0
27,91,0.900000,0.100000,0,0,0.000000,0,0.000000,0.000000,0.000000,0,0
27,92,0.900000,0.200000,0,0,0.000000,0,0.000000,0.000000,0.000000,0,0
27,93,0.900000,0.300000,0,0,0.000000,0,0.000000,0.000000,0.000000,0,0
27,94,0.900000,0.400000,0,0,0.000000,0,0.000000,0.000000,0.000000,0,0
27,95,0.900000,0.500000,0,0,0.000000,0,0.000000,0.000000,0.000000,0,0
27,96,0.900000,0.600000,0,0,0.000000,0,0.000000,0.000000,0.000000,0,0
27,97,0.900000,0.700000,0,0,0.000000,0,0.000000,0.000000,0.000000,0,0
27,98,0.900000,0.800000,0,0,0.000000,0,0.000000,0.000000,0.000000,0,0
27,99,0.900000,0.900000,0,34,0.000000,34,34.210526,3.421053,1170.360111,100,2
28,0,0.000000,0.000000,0,74,0.000000,74,74.414012,7.441401,5537.445255,100,1
28,1,0.000000,0.100000,0,0,0.000000,0,0.000000,0.000000,0.000000,0,0
28,2,0.000000,0.200000,0,0,0.000000,0,0.000000,0.000000,0.000000,0,0
28,3,0.000000,0.300000,0,0,0.000000,0,0.000000,0.000000,0.000000,0,0
28,4,0.000000,0.400000,0,0,0.000000,0,0.000000,0.000000,0.000000,0,0
28,5,0.000000,0.500000,0,0,0.000000,0,0.000000,0.000000,0.000000,0,0
28,6,0.000000,0.600000,0,0,0.000000,0,0.000000,0.000000,0.000000,0,0
28,7,0.000000,0.700000,0,0,0.000000,0,0.000000,0.000000,0.000000,0,0
28,8,0.000000,0.800000,0,0,0.000000,0,0.000000,0.000000,0.000000,0,0
28,9,0.000000,0.900000,0,74,0.000000,74,74.412038,7.441204,5537.151419,100,1
28,10,0.100000,0.000000,0,0,0.000000,0,0.000000,0.000000,0.000000,0,0
28,11,0.100000,0.100000,0,0,0.000000,0,0.000000,0.000000,0.000000,0,0
28,12,0.100000,0.200000,0,0,0.000000,0,0.000000,0.000000,0.000000,0,0
28,13,0.100000,0.300000,0,0,0.000000,0,0.000000,0.000000,0.000000,0,0
28,14,0.100000,0.400000,0,0,0.000000,0,0.000000,0.000000,0.000000,0,0
28,15,0.100000,0.500000,0,0,0.000000,0,0.000000,0.000000,0.000000,0,0
28,16,0.100000,0.600000,0,0,0.000000,0,0.000000,0.000000,0.000000,0,0
28,17,0.100000,0.700000,0,0,0.000000,0,0.000000,0.000000,0.000000,0,0
28,18,0.100000,0.800000,0,0,0.000000,0,0.000000,0.000000,0.000000,0,0
28,19,0.100000,0.900000,0,0,0.000000,0,0.000000,0.000000,0.000000,0,0
28,20,0.200000,0.000000,0,0,0.000000,0,0.000000,0.000000,0.000000,0,0
28,21,0.200000,0.100000,0,0,0.000000,0,0.000000,0.000000,0.000000,0,0
28,22,0.200000,0.200000,0,0,0.000000,0,0.000000,0.000000,0.000000,0,0
28,23,0.200000,0.300000,0,0,0.000000,0,0.000000,0.000000,0.000000,0,0
28,24,0.200000,0.400000,0,0,0.000000,0,0.000000,0.000000,0.000000,0,0
28,25,0.200000,0.500000,0,0,0.000000,0,0.000000,0.000000,0.000000,0,0
28,26,0.200000,0.600000,0,0,0.000000,0,0.000000,0.000000,0.000000,0,0
28,27,0.200000,0.700000,0,0,0.000000,0,0.000000,0.000000,0.000000,0,0
28,28,0.200000,0.800000,0,0,0.000000,0,0.000000,0.000000,0.000000,0,0
28,29,0.200000,0.900000,0,0,0.000000,0,0.000000,0.000000,0.000000,0,0
28,30,0.300000,0.000000,0,0,0.000000,0,0.000000,0.000000,0.000000,0,0
28,31,0.300000,0.100000,0,0,0.000000,0,0.000000,0.000000,0.000000,0,0
28,32,0.300000,0.200000,0,0,0.000000,0,0.000000,0.000000,0.000000,0,0
28,33,0.300000,0.300000,0,0,0.000000,0,0.000000,0.000000,0.000000,0,0
28,34,0.300000,0.400000,0,0,0.000000,0,0.000000,0.000000,0.000000,0,0
28,35,0.300000,0.500000,0,0,0.000000,0,0.000000,0.000000,0.000000,0,0
28,36,0.300000,0.600000,0,0,0.000000,0,0.000000,0.000000,0.000000,0,0
28,37,0.300000,0.700000,0,0,0.000000,0,0.000000,0.000000,0.000000,0,0
28,38,0.300000,0.800000,0,0,0.000000,0,0.000000,0.000000,0.000000,0,0
28,39,0.300000,0.900000,0,0,0.000000,0,0.000000,0.000000,0.000000,0,0
28,40,0.400000,0.000000,0,0,0.000000,0,0.000000,0.000000,0.000000,100,45
28,41,0.400000,0.100000,0,0,0.000000,0,0.000000,0.000000,0.000000,0,0
28,42,0.400000,0.200000,0,0,0.000000,0,0.000000,0.000000,0.000000,0,0
28,43,0.400000,0.300000,0,0,0.000000,0,0.000000,0.000000,0.000000,0,0
28,44,0.400000,0.400000,0,0,0.000000,0,0.000000,0.000000,0.000000,0,0
28,45,0.400000,0.500000,0,0,0.000000,0,0.000000,0.000000,0.000000,0,0
28,46,0.400000,0.600000,0,0,0.000000,0,0.000000,0.000000,0.000000,0,0
28,47,0.400000,0.700000,0,0,0.000000,0,0.000000,0.000000,0.000000,0,0
28,48,0.400000,0.800000,0,0,0.000000,0,0.000000,0.000000,0.000000,0,0
28,49,0.400000,0.900000,0,0,0.000000,0,0.000000,0.000000,0.000000,100,71
28,50,0.500000,0.000000,0,0,0.000000,0,0.000000,0.000000,0.000000,0,0
28,51,0.500000,0.100000,0,0,0.000000,0,0.000000,0.000000,0.000000,0,0
28,52,0.500000,0.200000,0,0,0.000000,0,0.000000,0.000000,0.000000,0,0
28,53,0.500000,0.300000,0,0,0.000000,0,0.000000,0.000000,0.000000,0,0
28,54,0.500000,0.400000,0,0,0.000000,0,0.000000,0.000000,0.000000,0,0
28,55,0.500000,0.500000,0,0,0.000000,0,0.000000,0.000000,0.000000,0,0
28,56,0.500000,0.600000,0,0,0.000000,0,0.000000,0.000000,0.000000,0,0
28,57,0.500000,0.700000,0,0,0.000000,0,0.000000,0.000000,0.000000,0,0
28,58,0.500000,0.800000,0,0,0.000000,0,0.000000,0.000000,0.000000,0,0
28,59,0.500000,0.900000,0,0,0.000000,0,0.000000,0.000000,0.000000,0,0
28,60,0.600000,0.000000,0,0,0.000000,0,0.000000,0.000000,0.000000,0,0
28,61,0.600000,0.100000,0,0,0.000000,0,0.000000,0.000000,0.000000,0,0
28,62,0.600000,0.200000,0,0,0.000000,0,0.000000,0.000000,0.000000,0,0
28,63,0.600000,0.300000,0,0,0.000000,0,0.000000,0.000000,0.000000,0,0
28,64,0.600000,0.400000,0,0,0.000000,0,0.000000,0.000000,0.000000,0,0
28,65,0.600000,0.500000,0,0,0.000000,0,0.000000,0.000000,0.000000,0,0
28,66,0.600000,0.600000,0,0,0.000000,0,0.000000,0.000000,0.000000,0,0
28,67,0.600000,0.700000,0,0,0.000000,0,0.000000,0.000000,0.000000,0,0
28,68,0.600000,0.800000,0,0,0.000000,0,0.000000,0.000000,0.000000,0,0
28,69,0.600000,0.900000,0,0,0.000000,0,0.000000,0.000000,0.000000,0,0
28,70,0.700000,0.000000,0,0,0.000000,0,0.000000,0.000000,0.000000,0,0
28,71,0.700000,0.100000,0,0,0.000000,0,0.000000,0.000000,0.000000,0,0
28,72,0.700000,0.200000,0,0,0.000000,0,0.000000,0.000000,0.000000,0,0
28,73,0.700000,0.300000,0,0,0.000000,0,0.000000,0.000000,0.000000,0,0
28,74,0.700000,0.400000,0,0,0.000000,0,0.000000,0.000000,0.000000,0,0
28,75,0.700000,0.500000,0,0,0.000000,0,0.000000,0.000000,0.000000,0,0
28,76,0.700000,0.600000,0,0,0.000000,0,0.000000,0.000000,0.000000,0,0
28,77,0.700000,0.700000,0,0,0.000000,0,0.000000,0.000000,0.000000,0,0
28,78,0.700000,0.800000,0,0,0.000000,0,0.000000,0.000000,0.000000,0,0
28,79,0.700000,0.900000,0,0,0.000000,0,0.000000,0.000000,0.000000,0,0
28,80,0.800000,0.000000,0,0,0.000000,0,0.000000,0.000000,0.000000,0,0
28,81,0.800000,0.100000,0,0,0.000000,0,0.000000,0.000000,0.000000,0,0
28,82,0.800000,0.200000,0,0,0.000000,0,0.000000,0.000000,0.000000,0,0
28,83,0.800000,0.300000,0,0,0.000000,0,0.000000,0.000000,0.000000,0,0
28,84,0.800000,0.400000,0,0,0.000000,0,0.000000,0.000000,0.000000,0,0
28,85,0.800000,0.500000,0,0,0.000000,0,0.000000,0.000000,0.000000,0,0
28,86,0.800000,0.600000,0,0,0.000000,0,0.000000,0.000000,0.000000,0,0
28,87,0.800000,0.700000,0,0,0.000000,0,0.000000,0.000000,0.000000,0,0
28,88,0.800000,0.800000,0,0,0.000000,0,0.000000,0.000000,0.000000,0,0
28,89,0.800000,0.900000,0,0,0.000000,0,0.000000,0.000000,0.000000,0,0
28,90,0.900000,0.000000,0,0,0.000000,0,0.000000,0.000000,0.000000,0,0
28,91,0.900000,0.100000,0,0,0.000000,0,0.000000,0.000000,0.000000,0,0
28,92,0.900000,0.200000,0,0,0.000000,0,0.000000,0.000000,0.000000,0,0
28,93,0.900000,0.300000,0,0,0.000000,0,0.000000,0.000000,0.000000,0,0
28,94,0.900000,0.400000,0,0,0.000000,0,0.000000,0.000000,0.000000,0,0
28,95,0.900000,0.500000,0,0,0.000000,0,0.000000,0.000000,0.000000,0,0
28,96,0.900000,0.600000,0,0,0.000000,0,0.000000,0.000000,0.000000,0,0
28,97,0.900000,0.700000,0,0,0.000000,0,0.000000,0.000000,0.000000,0,0
28,98,0.900000,0.800000,0,0,0.000000,0,0.000000,0.000000,0.000000,0,0
28,99,0.900000,0.900000,0,34,0.000000,34,34.210526,3.421053,1170.360111,100,2
29,0,0.000000,0.000000,0,74,0.000000,74,74.414012,7.441401,5537.445255,100,1
29,1,0.000000,0.100000,0,0,0.000000,0,0.000000,0.000000,0.000000,0,0
29,2,0.000000,0.200000,0,0,0.000000,0,0.000000,0.000000,0.000000,0,0
29,3,0.000000,0.300000,0,0,0.000000,0,0.000000,0.000000,0.000000,0,0
29,4,0.000000,0.400000,0,0,0.000000,0,0.000000,0.000000,0.000000,0,0
29,5,0.000000,0.500000,0,0,0.000000,0,0.000000,0.000000,0.000000,0,0
29,6,0.000000,0.600000,0,0,0.000000,0,0.000000,0.000000,0.000000,0,0
29,7,0.000000,0.700000,0,0,0.000000,0,0.000000,0.000000,0.000000,0,0
29,8,0.000000,0.800000,0,0,0.000000,0,0.000000,0.000000,0.000000,0,0
29,9,0.000000,0.900000,0,74,0.000000,74,74.412038,7.441204,5537.151419,100,1
29,10,0.100000,0.000000,0,0,0.000000,0,0.000000,0.000000,0.000000,0,0
29,11,0.100000,0.100000,0,0,0.000000,0,0.000000,0.000000,0.000000,0,0
29,12,0.100000,0.200000,0,0,0.000000,0,0.000000,0.000000,0.000000,0,0
29,13,0.100000,0.300000,0,0,0.000000,0,0.000000,0.000000,0.000000,0,0
29,14,0.100000,0.400000,0,0,0.000000,0,0.000000,0.000000,0.000000,0,0
29,15,0.100000,0.500000,0,0,0.000000,0,0.000000,0.000000,0.000000,0,0
29,16,0.100000,0.600000,0,0,0.000000,0,0.000000,0.000000,0.000000,0,0
29,17,0.100000,0.700000,0,0,0.000000,0,0.000000,0.000000,0.000000,0,0
29,18,0.100000,0.800000,0,0,0.000000,0,0.000000,0.000000,0.000000,0,0
29,19,0.100000,0.900000,0,0,0.000000,0,0.000000,0.000000,0.000000,0,0
29,20,0.200000,0.000000,0,0,0.000000,0,0.000000,0.000000,0.000000,0,0
29,21,0.200000,0.100000,0,0,0.000000,0,0.000000,0.000000,0.000000,0,0
29,22,0.200000,0.200000,0,0,0.000000,0,0.000000,0.000000,0.000000,0,0
29,23,0.200000,0.300000,0,0,0.000000,0,0.000000,0.000000,0.000000,0,0
29,24,0.200000,0.400000,0,0,0.000000,0,0.000000,0.000000,0.000000,0,0
29,25,0.200000,0.500000,0,0,0.000000,0,0.000000,0.000000,0.000000,0,0
29,26,0.200000,0.600000,0,0,0.000000,0,0.000000,0.000000,0.000000,0,0
29,27,0.200000,0.700000,0,0,0.000000,0,0.000000,0.000000,0.000000,0,0
29,28,0.200000,0.800000,0,0,0.000000,0,0.000000,0.000000,0.000000,0,0
29,29,0.200000,0.900000,0,0,0.000000,0,0.000000,0.000000,0.000000,0,0
29,30,0.300000,0.000000,0,0,0.000000,0,0.000000,0.000000,0.000000,0,0
29,31,0.300000,0.100000,0,0,0.000000,0,0.000000,0.000000,0.000000,0,0
29,32,0.300000,0.200000,0,0,0.000000,0,0.000000,0.000000,0.000000,0,0
29,33,0.300000,0.300000,0,0,0.000000,0,0.000000,0.000000,0.000000,0,0
29,34,0.300000,0.400000,0,0,0.000000,0,0.000000,0.000000,0.000000,0,0
29,35,0.300000,0.500000,0,0,0.000000,0,0.000000,0.000000,0.000000,0,0
29,36,0.300000,0.600000,0,0,0.000000,0,0.000000,0.000000,0.000000,0,0
29,37,0.300000,0.700000,0,0,0.000000,0,0.000000,0.000000,0.000000,0,0
29,38,0.300000,0.800000,0,0,0.000000,0,0.000000,0.000000,0.000000,0,0
29,39,0.300000,0.900000,0,0,0.000000,0,0.000000,0.000000,0.000000,0,0
29,40,0.400000,0.000000,0,0,0.000000,0,0.000000,0.000000,0.000000,100,45
29,41,0.400000,0.100000,0,0,0.000000,0,0.000000,0.000000,0.000000,0,0
29,42,0.400000,0.200000,0,0,0.000000,0,0.000000,0.000000,0.000000,0,0
29,43,0.400000,0.300000,0,0,0.000000,0,0.000000,0.000000,0.000000,0,0
29,44,0.400000,0.400000,0,0,0.000000,0,0.000000,0.000000,0.000000,0,0
29,45,0.400000,0.500000,0,0,0.000000,0,0.000000,0.000000,0.000000,0,0
29,46,0.400000,0.600000,0,0,0.000000,0,0.000000,0.000000,0.000000,0,0
29,47,0.400000,0.700000,0,0,0.000000,0,0.000000,0.000000,0.000000,0,0
29,48,0.400000,0.800000,0,0,0.000000,0,0.000000,0.000000,0.000000,0,0
29,49,0.400000,0.900000,0,0,0.000000,0,0.000000,0.000000,0.000000,100,71
29,50,0.500000,0.000000,0,0,0.000000,0,0.000000,0.000000,0.000000,0,0
29,51,0.500000,0.100000,0,0,0.000000,0,0.000000,0.000000,0.000000,0,0
29,52,0.500000,0.200000,0,0,0.000000,0,0.000000,0.000000,0.000000,0,0
29,53,0.500000,0.300000,0,0,0.000000,0,0.000000,0.000000,0.000000,0,0
29,54,0.500000,0.400000,0,0,0.000000,0,0.000000,0.000000,0.000000,0,0
29,55,0.500000,0.500000,0,0,0.000000,0,0.000000,0.000000,0.000000,0,0
29,56,0.500000,0.600000,0,0,0.000000,0,0.000000,0.000000,0.000000,0,0
29,57,0.500000,0.700000,0,0,0.000000,0,0.000000,0.000000,0.000000,0,0
29,58,0.500000,0.800000,0,0,0.000000,0,0.000000,0.000000,0.000000,0,0
29,59,0.500000,0.900000,0,0,0.000000,0,0.000000,0.000000,0.000000,0,0
29,60,0.600000,0.000000,0,0,0.000000,0,0.000000,0.000000,0.000000,0,0
29,61,0.600000,0.100000,0,0,0.000000,0,0.000000,0.000000,0.000000,0,0
29,62,0.600000,0.200000,0,0,0.000000,0,0.000000,0.000000,0.000000,0,0
29,63,0.600000,0.300000,0,0,0.000000,0,0.000000,0.000000,0.000000,0,0
29,64,0.600000,0.400000,0,0,0.000000,0,0.000000,0.000000,0.000000,0,0
29,65,0.600000,0.500000,0,0,0.000000,0,0.000000,0.000000,0.000000,0,0
29,66,0.600000,0.600000,0,0,0.000000,0,0.000000,0.000000,0.000000,0,0
29,67,0.600000,0.700000,0,0,0.000000,0,0.000000,0.000000,0.000000,0,0
29,68,0.600000,0.800000,0,0,0.000000,0,0.000000,0.000000,0.000000,0,0
29,69,0.600000,0.900000,0,0,0.000000,0,0.000000,0.000000,0.000000,0,0
29,70,0.700000,0.000000,0,0,0.000000,0,0.000000,0.000000,0.000000,0,0
29,71,0.700000,0.100000,0,0,0.000000,0,0.000000,0.000000,0.000000,0,0
29,72,0.700000,0.200000,0,0,0.000000,0,0.000000,0.000000,0.000000,0,0
29,73,0.700000,0.300000,0,0,0.000000,0,0.000000,0.000000,0.000000,0,0
29,74,0.700000,0.400000,0,0,0.000000,0,0.000000,0.000000,0.000000,0,0
29,75,0.700000,0.500000,0,0,0.000000,0,0.000000,0.000000,0.000000,0,0
29,76,0.700000,0.600000,0,0,0.000000,0,0.000000,0.000000,0.000000,0,0
29,77,0.700000,0.700000,0,0,0.000000,0,0.000000,0.000000,0.000000,0,0
29,78,0.700000,0.800000,0,0,0.000000,0,0.000000,0.000000,0.000000,0,0
29,79,0.700000,0.900000,0,0,0.000000,0,0.000000,0.000000,0.000000,0,0
29,80,0.800000,0.000000,0,0,0.000000,0,0.000000,0.000000,0.000000,0,0
29,81,0.800000,0.100000,0,0,0.000000,0,0.000000,0.000000,0.000000,0,0
29,82,0.800000,0.200000,0,0,0.000000,0,0.000000,0.000000,0.000000,0,0
29,83,0.800000,0.300000,0,0,0.000000,0,0.000000,0.000000,0.000000,0,0
29,84,0.800000,0.400000,0,0,0.000000,0,0.000000,0.000000,0.000000,0,0
29,85,0.800000,0.500000,0,0,0.000000,0,0.000000,0.000000,0.000000,0,0
29,86,0.800000,0.600000,0,0,0.000000,0,0.000000,0.000000,0.000000,0,0
29,87,0.800000,0.700000,0,0,0.000000,0,0.000000,0.000000,0.000000,0,0
29,88,0.800000,0.800000,0,0,0.000000,0,0.000000,0.000000,0.000000,0,0
29,89,0.800000,0.900000,0,0,0.000000,0,0.000000,0.000000,0.000000,0,0
29,90,0.900000,0.000000,0,0,0.000000,0,0.000000,0.000000,0.000000,0,0
29,91,0.900000,0.100000,0,0,0.000000,0,0.000000,0.000000,0.000000,0,0
29,92,0.900000,0.200000,0,0,0.000000,0,0.000000,0.000000,0.000000,0,0
29,93,0.900000,0.300000,0,0,0.000000,0,0.000000,0.000000,0.000000,0,0
29,94,0.900000,0.400000,0,0,0.000000,0,0.000000,0.000000,0.000000,0,0
29,95,0.900000,0.500000,0,0,0.000000,0,0.000000,0.000000,0.000000,0,0
29,96,0.900000,0.600000,0,0,0.000000,0,0.000000,0.000000,0.000000,0,0
29,97,0.900000,0.700000,0,0,0.000000,0,0.000000,0.000000,0.000000,0,0
29,98,0.900000,0.800000,0,0,0.000000,0,0.000000,0.000000,0.000000,0,0
29,99,0.900000,0.900000,0,34,0.000000,34,34.210526,3.421053,1170.360111,100,2
30,0,0.000000,0.000000,0,74,0.000000,74,74.414012,7.441401,5537.445255,100,1
30,1,0.000000,0.100000,0,0,0.000000,0,0.000000,0.000000,0.000000,0,0
30,2,0.000000,0.200000,0,0,0.000000,0,0.000000,0.000000,0.000000,0,0
30,3,0.000000,0.300000,0,0,0.000000,0,0.000000,0.000000,0.000000,0,0
30,4,0.000000,0.400000,0,0,0.000000,0,0.000000,0.000000,0.000000,0,0
30,5,0.000000,0.500000,0,0,0.000000,0,0.000000,0.000000,0.000000,0,0
30,6,0.000000,0.600000,0,0,0.000000,0,0.000000,0.000000,0.000000,0,0
30,7,0.000000,0.700000,0,0,0.000000,0,0.000000,0.000000,0.000000,0,0
30,8,0.000000,0.800000,0,0,0.000000,0,0.000000,0.000000,0.000000,0,0
30,9,0.000000,0.900000,0,74,0.000000,74,74.412038,7.441204,5537.151419,100,1
30,10,0.100000,0.000000,0,0,0.000000,0,0.000000,0.000000,0.000000,0,0
30,11,0.100000,0.100000,0,0,0.000000,0,0.000000,0.000000,0.000000,0,0
30,12,0.100000,0.200000,0,0,0.000000,0,0.000000,0.000000,0.000000,0,0
30,13,0.100000,0.300000,0,0,0.000000,0,0.000000,0.000000,0.000000,0,0
30,14,0.100000,0.400000,0,0,0.000000,0,0.000000,0.000000,0.000000,0,0
30,15,0.100000,0.500000,0,0,0.000000,0,0.000000,0.000000,0.000000,0,0
30,16,0.100000,0.600000,0,0,0.000000,0,0.000000,0.000000,0.000000,0,0
30,17,0.100000,0.700000,0,0,0.000000,0,0.000000,0.000000,0.000000,0,0
30,18,0.100000,0.800000,0,0,0.000000,0,0.000000,0.000000,0.000000,0,0
30,19,0.100000,0.900000,0,0,0.000000,0,0.000000,0.000000,0.000000,0,0
30,20,0.200000,0.000000,0,0,0.000000,0,0.000000,0.000000,0.000000,0,0
30,21,0.200000,0.100000,0,0,0.000000,0,0.000000,0.000000,0.000000,0,0
30,22,0.200000,0.200000,0,0,0.000000,0,0.000000,0.000000,0.000000,0,0
30,23,0.200000,0.300000,0,0,0.000000,0,0.000000,0.000000,0.000000,0,0
30,24,0.200000,0.400000,0,0,0.000000,0,0.000000,0.000000,0.000000,0,0
30,25,0.200000,0.500000,0,0,0.000000,0,0.000000,0.000000,0.000000,0,0
30,26,0.200000,0.600000,0,0,0.000000,0,0.000000,0.000000,0.000000,0,0
30,27,0.200000,0.700000,0,0,0.000000,0,0.000000,0.000000,0.000000,0,0
30,28,0.200000,0.800000,0,0,0.000000,0,0.000000,0.000000,0.000000,0,0
30,29,0.200000,0.900000,0,0,0.000000,0,0.000000,0.000000,0.000000,0,0
30,30,0.300000,0.000000,0,0,0.000000,0,0.000000,0.000000,0.000000,0,0
30,31,0.300000,0.100000,0,0,0.000000,0,0.000000,0.000000,0.000000,0,0
30,32,0.300000,0.200000,0,0,0.000000,0,0.000000,0.000000,0.000000,0,0
30,33,0.300000,0.300000,0,0,0.000000,0,0.000000,0.000000,0.000000,0,0
30,34,0.300000,0.400000,0,0,0.000000,0,0.000000,0.000000,0.000000,0,0
30,35,0.300000,0.500000,0,0,0.000000,0,0.000000,0.000000,0.000000,0,0
30,36,0.300000,0.600000,0,0,0.000000,0,0.000000,0.000000,0.000000,0,0
30,37,0.300000,0.700000,0,0,0.000000,0,0.000000,0.000000,0.000000,0,0
30,38,0.300000,0.800000,0,0,0.000000,0,0.000000,0.000000,0.000000,0,0
30,39,0.300000,0.900000,0,0,0.000000,0,0.000000,0.000000,0.000000,0,0
30,40,0.400000,0.000000,0,0,0.000000,0,0.000000,0.000000,0.000000,100,45
30,41,0.400000,0.100000,0,0,0.000000,0,0.000000,0.000000,0.000000,0,0
30,42,0.400000,0.200000,0,0,0.000000,0,0.000000,0.000000,0.000000,0,0
30,43,0.400000,0.300000,0,0,0.000000,0,0.000000,0.000000,0.000000,0,0
30,44,0.400000,0.400000,0,0,0.000000,0,0.000000,0.000000,0.000000,0,0
30,45,0.400000,0.500000,0,0,0.000000,0,0.000000,0.000000,0.000000,0,0
30,46,0.400000,0.600000,0,0,0.000000,0,0.000000,0.000000,0.000000,0,0
30,47,0.400000,0.700000,0,0,0.000000,0,0.000000,0.000000,0.000000,0,0
30,48,0.400000,0.800000,0,0,0.000000,0,0.000000,0.000000,0.000000,0,0
30,49,0.400000,0.900000,0,0,0.000000,0,0.000000,0.000000,0.000000,100,71
30,50,0.500000,0.000000,0,0,0.000000,0,0.000000,0.000000,0.000000,0,0
30,51,0.500000,0.100000,0,0,0.000000,0,0.000000,0.000000,0.000000,0,0
30,52,0.500000,0.200000,0,0,0.000000,0,0.000000,0.000000,0.000000,0,0
30,53,0.500000,0.300000,0,0,0.000000,0,0.000000,0.000000,0.000000,0,0
30,54,0.500000,0.400000,0,0,0.000000,0,0.000000,0.000000,0.000000,0,0
30,55,0.500000,0.500000,0,0,0.000000,0,0.000000,0.000000,0.000000,0,0
30,56,0.500000,0.600000,0,0,0.000000,0,0.000000,0.000000,0.000000,0,0
30,57,0.500000,0.700000,0,0,0.000000,0,0.000000,0.000000,0.000000,0,0
30,58,0.500000,0.800000,0,0,0.000000,0,0.000000,0.000000,0.000000,0,0
30,59,0.500000,0.900000,0,0,0.000000,0,0.000000,0.000000,0.000000,0,0
30,60,0.600000,0.000000,0,0,0.000000,0,0.000000,0.000000,0.000000,0,0
30,61,0.600000,0.100000,0,0,0.000000,0,0.000000,0.000000,0.000000,0,0
30,62,0.600000,0.200000,0,0,0.000000,0,0.000000,0.000000,0.000000,0,0
30,63,0.600000,0.300000,0,0,0.000000,0,0.000000,0.000000,0.000000,0,0
30,64,0.600000,0.400000,0,0,0.000000,0,0.000000,0.000000,0.000000,0,0
30,65,0.600000,0.500000,0,0,0.000000,0,0.000000,0.000000,0.000000,0,0
30,66,0.600000,0.600000,0,0,0.000000,0,0.000000,0.000000,0.000000,0,0
30,67,0.600000,0.700000,0,0,0.000000,0,0.000000,0.000000,0.000000,0,0
30,68,0.600000,0.800000,0,0,0.000000,0,0.000000,0.000000,0.000000,0,0
30,69,0.600000,0.900000,0,0,0.000000,0,0.000000,0.000000,0.000000,0,0
30,70,0.700000,0.000000,0,0,0.000000,0,0.000000,0.000000,0.000000,0,0
30,71,0.700000,0.100000,0,0,0.000000,0,0.000000,0.000000,0.000000,0,0
30,72,0.700000,0.200000,0,0,0.000000,0,0.000000,0.000000,0.000000,0,0
30,73,0.700000,0.300000,0,0,0.000000,0,0.000000,0.000000,0.000000,0,0
30,74,0.700000,0.400000,0,0,0.000000,0,0.000000,0.000000,0.000000,0,0
30,75,0.700000,0.500000,0,0,0.000000,0,0.000000,0.000000,0.000000,0,0
30,76,0.700000,0.600000,0,0,0.000000,0,0.000000,0.000000,0.000000,0,0
30,77,0.700000,0.700000,0,0,0.000000,0,0.000000,0.000000,0.000000,0,0
30,78,0.700000,0.800000,0,0,0.000000,0,0.000000,0.000000,0.000000,0,0
30,79,0.700000,0.900000,0,0,0.000000,0,0.000000,0.000000,0.000000,0,0
30,80,0.800000,0.000000,0,0,0.000000,0,0.000000,0.000000,0.000000,0,0
30,81,0.800000,0.100000,0,0,0.000000,0,0.000000,0.000000,0.000000,0,0
30,82,0.800000,0.200000,0,0,0.000000,0,0.000000,0.000000,0.000000,0,0
30,83,0.800000,0.300000,0,0,0.000000,0,0.000000,0.000000,0.000000,0,0
30,84,0.800000,0.400000,0,0,0.000000,0,0.000000,0.000000,0.000000,0,0
30,85,0.800000,0.500000,0,0,0.000000,0,0.000000,0.000000,0.000000,0,0
30,86,0.800000,0.600000,0,0,0.000000,0,0.000000,0.000000,0.000000,0,0
30,87,0.800000,0.700000,0,0,0.000000,0,0.000000,0.000000,0.000000,0,0
30,88,0.800000,0.800000,0,0,0.000000,0,0.000000,0.000000,0.000000,0,0
30,89,0.800000,0.900000,0,0,0.000000,0,0.000000,0.000000,0.000000,0,0
30,90,0.900000,0.000000,0,0,0.000000,0,0.000000,0.000000,0.000000,0,0
30,91,0.900000,0.100000,0,0,0.000000,0,0.000000,0.000000,0.000000,0,0
30,92,0.900000,0.200000,0,0,0.000000,0,0.000000,0.000000,0.000000,0,0
30,93,0.900000,0.300000,0,0,0.000000,0,0.000000,0.000000,0.000000,0,0
30,94,0.900000,0.400000,0,0,0.000000,0,0.000000,0.000000,0.000000,0,0
30,95,0.900000,0.500000,0,0,0.000000,0,0.000000,0.000000,0.000000,0,0
30,96,0.900000,0.600000,0,0,0.000000,0,0.000000,0.000000,0.000000,0,0
30,97,0.900000,0.700000,0,0,0.000000,0,0.000000,0.000000,0.000000,0,0
30,98,0.900000,0.800000,0,0,0.000000,0,0.000000,0.000000,0.000000,0,0
30,99,0.900000,0.900000,0,34,0.000000,34,34.210526,3.421053,1170.360111,100,2
31,0,0.000000,0.000000,0,74,0.000000,74,74.414012,7.441401,5537.445255,100,1
31,1,0.000000,0.100000,0,0,0.000000,0,0.000000,0.000000,0.000000,0,0
31,2,0.000000,0.200000,0,0,0.000000,0,0.000000,0.000000,0.000000,0,0
31,3,0.000000,0.300000,0,0,0.000000,0,0.000000,0.000000,0.000000,0,0
31,4,0.000000,0.400000,0,0,0.000000,0,0.000000,0.000000,0.000000,0,0
31,5,0.000000,0.500000,0,0,0.000000,0,0.000000,0.000000,0.000000,0,0
31,6,0.000000,0.600000,0,0,0.000000,0,0.000000,0.000000,0.000000,0,0
31,7,0.000000,0.700000,0,0,0.000000,0,0.000000,0.000000,0.000000,0,0
31,8,0.000000,0.800000,0,0,0.000000,0,0.000000,0.000000,0.000000,0,0
31,9,0.000000,0.900000,0,74,0.000000,74,74.412038,7.441204,5537.151419,100,1
31,10,0.100000,0.000000,0,0,0.000000,0,0.000000,0.000000,0.000000,0,0
31,11,0.100000,0.100000,0,0,0.000000,0,0.000000,0.000000,0.000000,0,0
31,12,0.100000,0.200000,0,0,0.000000,0,0.000000,0.000000,0.000000,0,0
31,13,0.100000,0.300000,0,0,0.000000,0,0.000000,0.000000,0.000000,0,0
31,14,0.100000,0.400000,0,0,0.000000,0,0.000000,0.000000,0.000000,0,0
31,15,0.100000,0.500000,0,0,0.000000,0,0.000000,0.000000,0.000000,0,0
31,16,0.100000,0.600000,0,0,0.000000,0,0.000000,0.000000,0.000000,0,0
31,17,0.100000,0.700000,0,0,0.000000,0,0.000000,0.000000,0.000000,0,0
31,18,0.100000,0.800000,0,0,0.000000,0,0.000000,0.000000,0.000000,0,0
31,19,0.100000,0.900000,0,0,0.000000,0,0.000000,0.000000,0.000000,0,0
31,20,0.200000,0.000000,0,0,0.000000,0,0.000000,0.000000,0.000000,0,0
31,21,0.200000,0.100000,0,0,0.000000,0,0.000000,0.000000,0.000000,0,0
31,22,0.200000,0.200000,0,0,0.000000,0,0.000000,0.000000,0.000000,0,0
31,23,0.200000,0.300000,0,0,0.000000,0,0.000000,0.000000,0.000000,0,0
31,24,0.200000,0.400000,0,0,0.000000,0,0.000000,0.000000,0.000000,0,0
31,25,0.200000,0.500000,0,0,0.000000,0,0.000000,0.000000,0.000000,0,0
31,26,0.200000,0.600000,0,0,0.000000,0,0.000000,0.000000,0.000000,0,0
31,27,0.200000,0.700000,0,0,0.000000,0,0.000000,0.000000,0.000000,0,0
31,28,0.200000,0.800000,0,0,0.000000,0,0.000000,0.000000,0.000000,0,0
31,29,0.200000,0.900000,0,0,0.000000,0,0.000000,0.000000,0.000000,0,0
31,30,0.300000,0.000000,0,0,0.000000,0,0.000000,0.000000,0.000000,0,0
31,31,0.300000,0.100000,0,0,0.000000,0,0.000000,0.000000,0.000000,0,0
31,32,0.300000,0.200000,0,0,0.000000,0,0.000000,0.000000,0.000000,0,0
31,33,0.300000,0.300000,0,0,0.000000,0,0.000000,0.000000,0.000000,0,0
31,34,0.300000,0.400000,0,0,0.000000,0,0.000000,0.000000,0.000000,0,0
31,35,0.300000,0.500000,0,0,0.000000,0,0.000000,0.000000,0.000000,0,0
31,36,0.300000,0.600000,0,0,0.000000,0,0.000000,0.000000,0.000000,0,0
31,37,0.300000,0.700000,0,0,0.000000,0,0.000000,0.000000,0.000000,0,0
31,38,0.300000,0.800000,0,0,0.000000,0,0.000000,0.000000,0.000000,0,0
31,39,0.300000,0.900000,0,0,0.000000,0,0.000000,0.000000,0.000000,0,0
31,40,0.400000,0.000000,0,0,0.000000,0,0.000000,0.000000,0.000000,100,45
31,41,0.400000,0.100000,0,0,0.000000,0,0.000000,0.000000,0.000000,0,0
31,42,0.400000,0.200000,0,0,0.000000,0,0.000000,0.000000,0.000000,0,0
31,43,0.400000,0.300000,0,0,0.000000,0,0.000000,0.000000,0.000000,0,0
31,44,0.400000,0.400000,0,0,0.000000,0,0.000000,0.000000,0.000000,0,0
31,45,0.400000,0.500000,0,0,0.000000,0,0.000000,0.000000,0.000000,0,0
31,46,0.400000,0.600000,0,0,0.000000,0,0.000000,0.000000,0.000000,0,0
31,47,0.400000,0.700000,0,0,0.000000,0,0.000000,0.000000,0.000000,0,0
31,48,0.400000,0.800000,0,0,0.000000,0,0.000000,0.000000,0.000000,0,0
31,49,0.400000,0.900000,0,0,0.000000,0,0.000000,0.000000,0.000000,100,71
31,50,0.500000,0.000000,0,0,0.000000,0,0.000000,0.000000,0.000000,0,0
31,51,0.500000,0.100000,0,0,0.000000,0,0.000000,0.000000,0.000000,0,0
31,52,0.500000,0.200000,0,0,0.000000,0,0.000000,0.000000,0.000000,0,0
31,53,0.500000,0.300000,0,0,0.000000,0,0.000000,0.000000,0.000000,0,0
31,54,0.500000,0.400000,0,0,0.000000,0,0.000000,0.000000,0.000000,0,0
31,55,0.500000,0.500000,0,0,0.000000,0,0.000000,0.000000,0.000000,0,0
31,56,0.500000,0.600000,0,0,0.000000,0,0.000000,0.000000,0.000000,0,0
31,57,0.500000,0.700000,0,0,0.000000,0,0.000000,0.000000,0.000000,0,0
31,58,0.500000,0.800000,0,0,0.000000,0,0.000000,0.000000,0.000000,0,0
31,59,0.500000,0.900000,0,0,0.000000,0,0.000000,0.000000,0.000000,0,0
31,60,0.600000,0.000000,0,0,0.000000,0,0.000000,0.000000,0.000000,0,0
31,61,0.600000,0.100000,0,0,0.000000,0,0.000000,0.000000,0.000000,0,0
31,62,0.600000,0.200000,0,0,0.000000,0,0.000000,0.000000,0.000000,0,0
31,63,0.600000,0.300000,0,0,0.000000,0,0.000000,0.000000,0.000000,0,0
31,64,0.600000,0.400000,0,0,0.000000,0,0.000000,0.000000,0.000000,0,0
31,65,0.600000,0.500000,0,0,0.000000,0,0.000000,0.000000,0.000000,0,0
31,66,0.600000,0.600000,0,0,0.000000,0,0.000000,0.000000,0.000000,0,0
31,67,0.600000,0.700000,0,0,0.000000,0,0.000000,0.000000,0.000000,0,0
31,68,0.600000,0.800000,0,0,0.000000,0,0.000000,0.000000,0.000000,0,0
31,69,0.600000,0.900000,0,0,0.000000,0,0.000000,0.000000,0.000000,0,0
31,70,0.700000,0.000000,0,0,0.000000,0,0.000000,0.000000,0.000000,0,0
31,71,0.700000,0.100000,0,0,0.000000,0,0.000000,0.000000,0.000000,0,0
31,72,0.700000,0.200000,0,0,0.000000,0,0.000000,0.000000,0.000000,0,0
31,73,0.700000,0.300000,0,0,0.000000,0,0.000000,0.000000,0.000000,0,0
31,74,0.700000,0.400000,0,0,0.000000,0,0.000000,0.000000,0.000000,0,0
31,75,0.700000,0.500000,0,0,0.000000,0,0.000000,0.000000,0.000000,0,0
31,76,0.700000,0.600000,0,0,0.000000,0,0.000000,0.000000,0.000000,0,0
31,77,0.700000,0.700000,0,0,0.000000,0,0.000000,0.000000,0.000000,0,0
31,78,0.700000,0.800000,0,0,0.000000,0,0.000000,0.000000,0.000000,0,0
31,79,0.700000,0.900000,0,0,0.000000,0,0.000000,0.000000,0.000000,0,0
31,80,0.800000,0.000000,0,0,0.000000,0,0.000000,0.000000,0.000000,0,0
31,81,0.800000,0.100000,0,0,0.000000,0,0.000000,0.000000,0.000000,0,0
31,82,0.800000,0.200000,0,0,0.000000,0,0.000000,0.000000,0.000000,0,0
31,83,0.800000,0.300000,0,0,0.000000,0,0.000000,0.000000,0.000000,0,0
31,84,0.800000,0.400000,0,0,0.000000,0,0.000000,0.000000,0.000000,0,0
31,85,0.800000,0.500000,0,0,0.000000,0,0.000000,0.000000,0.000000,0,0
31,86,0.800000,0.600000,0,0,0.000000,0,0.000000,0.000000,0.000000,0,0
31,87,0.800000,0.700000,0,0,0.000000,0,0.000000,0.000000,0.000000,0,0
31,88,0.800000,0.800000,0,0,0.000000,0,0.000000,0.000000,0.000000,0,0
31,89,0.800000,0.900000,0,0,0.000000,0,0.000000,0.000000,0.000000,0,0
31,90,0.900000,0.000000,0,0,0.000000,0,0.000000,0.000000,0.000000,0,0
31,91,0.900000,0.100000,0,0,0.000000,0,0.000000,0.000000,0.000000,0,0
31,92,0.900000,0.200000,0,0,0.000000,0,0.000000,0.000000,0.000000,0,0
31,93,0.900000,0.300000,0,0,0.000000,0,0.000000,0.000000,0.000000,0,0
31,94,0.900000,0.400000,0,0,0.000000,0,0.000000,0.000000,0.000000,0,0
31,95,0.900000,0.500000,0,0,0.000000,0,0.000000,0.000000,0.000000,0,0
31,96,0.900000,0.600000,0,0,0.000000,0,0.000000,0.000000,0.000000,0,0
31,97,0.900000,0.700000,0,0,0.000000,0,0.000000,0.000000,0.000000,0,0
31,98,0.900000,0.800000,0,0,0.000000,0,0.000000,0.000000,0.000000,0,0
31,99,0.900000,0.900000,0,34,0.000000,34,34.210526,3.421053,1170.360111,100,2
32,0,0.000000,0.000000,0,74,0.000000,74,74.414012,7.441401,5537.445255,100,1
32,1,0.000000,0.100000,0,0,0.000000,0,0.000000,0.000000,0.000000,0,0
32,2,0.000000,0.200000,0,0,0.000000,0,0.000000,0.000000,0.000000,0,0
32,3,0.000000,0.300000,0,0,0.000000,0,0.000000,0.000000,0.000000,0,0
32,4,0.000000,0.400000,0,0,0.000000,0,0.000000,0.000000,0.000000,0,0
32,5,0.000000,0.500000,0,0,0.000000,0,0.000000,0.000000,0.000000,0,0
32,6,0.000000,0.600000,0,0,0.000000,0,0.000000,0.000000,0.000000,0,0
32,7,0.000000,0.700000,0,0,0.000000,0,0.000000,0.000000,0.000000,0,0
32,8,0.000000,0.800000,0,0,0.000000,0,0.000000,0.000000,0.000000,0,0
32,9,0.000000,0.900000,0,74,0.000000,74,74.412038,7.441204,5537.151419,100,1
32,10,0.100000,0.000000,0,0,0.000000,0,0.000000,0.000000,0.000000,0,0
32,11,0.100000,0.100000,0,0,0.000000,0,0.000000,0.000000,0.000000,0,0
32,12,0.100000,0.200000,0,0,0.000000,0,0.000000,0.000000,0.000000,0,0
32,13,0.100000,0.300000,0,0,0.000000,0,0.000000,0.000000,0.000000,0,0
32,14,0.100000,0.400000,0,0,0.000000,0,0.000000,0.000000,0.000000,0,0
32,15,0.100000,0.500000,0,0,0.000000,0,0.000000,0.000000,0.000000,0,0
32,16,0.100000,0.600000,0,0,0.000000,0,0.000000,0.000000,0.000000,0,0
32,17,0.100000,0.700000,0,0,0.000000,0,0.000000,0.000000,0.000000,0,0
32,18,0.100000,0.800000,0,0,0.000000,0,0.000000,0.000000,0.000000,0,0
32,19,0.100000,0.900000,0,0,0.000000,0,0.000000,0.000000,0.000000,0,0
32,20,0.200000,0.000000,0,0,0.000000,0,0.000000,0.000000,0.000000,0,0
32,21,0.200000,0.100000,0,0,0.000000,0,0.000000,0.000000,0.000000,0,0
32,22,0.200000,0.200000,0,0,0.000000,0,0.000000,0.000000,0.000000,0,0
32,23,0.200000,0.300000,0,0,0.000000,0,0.000000,0.000000,0.000000,0,0
32,24,0.200000,0.400000,0,0,0.000000,0,0.000000,0.000000,0.000000,0,0
32,25,0.200000,0.500000,0,0,0.000000,0,0.000000,0.000000,0.000000,0,0
32,26,0.200000,0.600000,0,0,0.000000,0,0.000000,0.000000,0.000000,0,0
32,27,0.200000,0.700000,0,0,0.000000,0,0.000000,0.000000,0.000000,0,0
32,28,0.200000,0.800000,0,0,0.000000,0,0.000000,0.000000,0.000000,0,0
32,29,0.200000,0.900000,0,0,0.000000,0,0.000000,0.000000,0.000000,0,0
32,30,0.300000,0.000000,0,0,0.000000,0,0.000000,0.000000,0.000000,0,0
32,31,0.300000,0.100000,0,0,0.000000,0,0.000000,0.000000,0.000000,0,0
32,32,0.300000,0.200000,0,0,0.000000,0,0.000000,0.000000,0.000000,0,0
32,33,0.300000,0.300000,0,0,0.000000,0,0.000000,0.000000,0.000000,0,0
32,34,0.300000,0.400000,0,0,0.000000,0,0.000000,0.000000,0.000000,0,0
32,35,0.300000,0.500000,0,0,0.000000,0,0.000000,0.000000,0.000000,0,0
32,36,0.300000,0.600000,0,0,0.000000,0,0.000000,0.000000,0.000000,0,0
32,37,0.300000,0.700000,0,0,0.000000,0,0.000000,0.000000,0.000000,0,0
32,38,0.300000,0.800000,0,0,0.000000,0,0.000000,0.000000,0.000000,0,0
32,39,0.300000,0.900000,0,0,0.000000,0,0.000000,0.000000,0.000000,0,0
32,40,0.400000,0.000000,0,0,0.000000,0,0.000000,0.000000,0.000000,100,45
32,41,0.400000,0.100000,0,0,0.000000,0,0.000000,0.000000,0.000000,0,0
32,42,0.400000,0.200000,0,0,0.000000,0,0.000000,0.000000,0.000000,0,0
32,43,0.400000,0.300000,0,0,0.000000,0,0.000000,0.000000,0.000000,0,0
32,44,0.400000,0.400000,0,0,0.000000,0,0.000000,0.000000,0.000000,0,0
32,45,0.400000,0.500000,0,0,0.000000,0,0.000000,0.000000,0.000000,0,0
32,46,0.400000,0.600000,0,0,0.000000,0,0.000000,0.000000,0.000000,0,0
32,47,0.400000,0.700000,0,0,0.000000,0,0.000000,0.000000,0.000000,0,0
32,48,0.400000,0.800000,0,0,0.000000,0,0.000000,0.000000,0.000000,0,0
32,49,0.400000,0.900000,0,0,0.000000,0,0.000000,0.000000,0.000000,100,71
32,50,0.500000,0.000000,0,0,0.000000,0,0.000000,0.000000,0.000000,0,0
32,51,0.500000,0.100000,0,0,0.000000,0,0.000000,0.000000,0.000000,0,0
32,52,0.500000,0.200000,0,0,0.000000,0,0.000000,0.000000,0.000000,0,0
32,53,0.500000,0.300000,0,0,0.000000,0,0.000000,0.000000,0.000000,0,0
32,54,0.500000,0.400000,0,0,0.000000,0,0.000000,0.000000,0.000000,0,0
32,55,0.500000,0.500000,0,0,0.000000,0,0.000000,0.000000,0.000000,0,0
32,56,0.500000,0.600000,0,0,0.000000,0,0.000000,0.000000,0.000000,0,0
32,57,0.500000,0.700000,0,0,0.000000,0,0.000000,0.000000,0.000000,0,0
32,58,0.500000,0.800000,0,0,0.000000,0,0.000000,0.000000,0.000000,0,0
32,59,0.500000,0.900000,0,0,0.000000,0,0.000000,0.000000,0.000000,0,0
32,60,0.600000,0.000000,0,0,0.000000,0,0.000000,0.000000,0.000000,0,0
32,61,0.600000,0.100000,0,0,0.000000,0,0.000000,0.000000,0.000000,0,0
32,62,0.600000,0.200000,0,0,0.000000,0,0.000000,0.000000,0.000000,0,0
32,63,0.600000,0.300000,0,0,0.000000,0,0.000000,0.000000,0.000000,0,0
32,64,0.600000,0.400000,0,0,0.000000,0,0.000000,0.000000,0.000000,0,0
32,65,0.600000,0.500000,0,0,0.000000,0,0.000000,0.000000,0.000000,0,0
32,66,0.600000,0.600000,0,0,0.000000,0,0.000000,0.000000,0.000000,0,0
32,67,0.600000,0.700000,0,0,0.000000,0,0.000000,0.000000,0.000000,0,0
32,68,0.600000,0.800000,0,0,0.000000,0,0.000000,0.000000,0.000000,0,0
32,69,0.600000,0.900000,0,0,0.000000,0,0.000000,0.000000,0.000000,0,0
32,70,0.700000,0.000000,0,0,0.000000,0,0.000000,0.000000,0.000000,0,0
32,71,0.700000,0.100000,0,0,0.000000,0,0.000000,0.000000,0.000000,0,0
32,72,0.700000,0.200000,0,0,0.000000,0,0.000000,0.000000,0.000000,0,0
32,73,0.700000,0.300000,0,0,0.000000,0,0.000000,0.000000,0.000000,0,0
32,74,0.700000,0.400000,0,0,0.000000,0,0.000000,0.000000,0.000000,0,0
32,75,0.700000,0.500000,0,0,0.000000,0,0.000000,0.000000,0.000000,0,0
32,76,0.700000,0.600000,0,0,0.000000,0,0.000000,0.000000,0.000000,0,0
32,77,0.700000,0.700000,0,0,0.000000,0,0.000000,0.000000,0.000000,0,0
32,78,0.700000,0.800000,0,0,0.000000,0,0.000000,0.000000,0.000000,0,0
32,79,0.700000,0.900000,0,0,0.000000,0,0.000000,0.000000,0.000000,0,0
32,80,0.800000,0.000000,0,0,0.000000,0,0.000000,0.000000,0.000000,0,0
32,81,0.800000,0.100000,0,0,0.000000,0,0.000000,0.000000,0.000000,0,0
32,82,0.800000,0.200000,0,0,0.000000,0,0.000000,0.000000,0.000000,0,0
32,83,0.800000,0.300000,0,0,0.000000,0,0.000000,0.000000,0.000000,0,0
32,84,0.800000,0.400000,0,0,0.000000,0,0.000000,0.000000,0.000000,0,0
32,85,0.800000,0.500000,0,0,0.000000,0,0.000000,0.000000,0.000000,0,0
32,86,0.800000,0.600000,0,0,0.000000,0,0.000000,0.000000,0.000000,0,0
32,87,0.800000,0.700000,0,0,0.000000,0,0.000000,0.000000,0.000000,0,0
32,88,0.800000,0.800000,0,0,0.000000,0,0.000000,0.000000,0.000000,0,0
32,89,0.800000,0.900000,0,0,0.000000,0,0.000000,0.000000,0.000000,0,0
32,90,0.900000,0.000000,0,0,0.000000,0,0.000000,0.000000,0.000000,0,0
32,91,0.900000,0.100000,0,0,0.000000,0,0.000000,0.000000,0.000000,0,0
32,92,0.900000,0.200000,0,0,0.000000,0,0.000000,0.000000,0.000000,0,0
32,93,0.900000,0.300000,0,0,0.000000,0,0.000000,0.000000,0.000000,0,0
32,94,0.900000,0.400000,0,0,0.000000,0,0.000000,0.000000,0.000000,0,0
32,95,0.900000,0.500000,0,0,0.000000,0,0.000000,0.000000,0.000000,0,0
32,96,0.900000,0.600000,0,0,0.000000,0,0.000000,0.000000,0.000000,0,0
32,97,0.900000,0.700000,0,0,0.000000,0,0.000000,0.000000,0.000000,0,0
32,98,0.900000,0.800000,0,0,0.000000,0,0.000000,0.000000,0.000000,0,0
32,99,0.900000,0.900000,0,34,0.000000,34,34.210526,3.421053,1170.360111,100,2
33,0,0.000000,0.000000,0,74,0.000000,74,74.414012,7.441401,5537.445255,100,1
33,1,0.000000,0.100000,0,0,0.000000,0,0.000000,0.000000,0.000000,0,0
33,2,0.000000,0.200000,0,0,0.000000,0,0.000000,0.000000,0.000000,0,0
33,3,0.000000,0.300000,0,0,0.000000,0,0.000000,0.000000,0.000000,0,0
33,4,0.000000,0.400000,0,0,0.000000,0,0.000000,0.000000,0.000000,0,0
33,5,0.000000,0.500000,0,0,0.000000,0,0.000000,0.000000,0.000000,0,0
33,6,0.000000,0.600000,0,0,0.000000,0,0.000000,0.000000,0.000000,0,0
33,7,0.000000,0.700000,0,0,0.000000,0,0.000000,0.000000,0.000000,0,0
33,8,0.000000,0.800000,0,0,0.000000,0,0.000000,0.000000,0.000000,0,0
33,9,0.000000,0.900000,0,74,0.000000,74,74.412038,7.441204,5537.151419,100,1
33,10,0.100000,0.000000,0,0,0.000000,0,0.000000,0.000000,0.000000,0,0
33,11,0.100000,0.100000,0,0,0.000000,0,0.000000,0.000000,0.000000,0,0
33,12,0.100000,0.200000,0,0,0.000000,0,0.000000,0.000000,0.000000,0,0
33,13,0.100000,0.300000,0,0,0.000000,0,0.000000,0.000000,0.000000,0,0
33,14,0.100000,0.400000,0,0,0.000000,0,0.000000,0.000000,0.000000,0,0
33,15,0.100000,0.500000,0,0,0.000000,0,0.000000,0.000000,0.000000,0,0
33,16,0.100000,0.600000,0,0,0.000000,0,0.000000,0.000000,0.000000,0,0
33,17,0.100000,0.700000,0,0,0.000000,0,0.000000,0.000000,0.000000,0,0
33,18,0.100000,0.800000,0,0,0.000000,0,0.000000,0.000000,0.000000,0,0
33,19,0.100000,0.900000,0,0,0.000000,0,0.000000,0.000000,0.000000,0,0
33,20,0.200000,0.000000,0,0,0.000000,0,0.000000,0.000000,0.000000,0,0
33,21,0.200000,0.100000,0,0,0.000000,0,0.000000,0.000000,0.000000,0,0
33,22,0.200000,0.200000,0,0,0.000000,0,0.000000,0.000000,0.000000,0,0
33,23,0.200000,0.300000,0,0,0.000000,0,0.000000,0.000000,0.000000,0,0
33,24,0.200000,0.400000,0,0,0.000000,0,0.000000,0.000000,0.000000,0,0
33,25,0.200000,0.500000,0,0,0.000000,0,0.000000,0.000000,0.000000,0,0
33,26,0.200000,0.600000,0,0,0.000000,0,0.000000,0.000000,0.000000,0,0
33,27,0.200000,0.700000,0,0,0.000000,0,0.000000,0.000000,0.000000,0,0
33,28,0.200000,0.800000,0,0,0.000000,0,0.000000,0.000000,0.000000,0,0
33,29,0.200000,0.900000,0,0,0.000000,0,0.000000,0.000000,0.000000,0,0
33,30,0.300000,0.000000,0,0,0.000000,0,0.000000,0.000000,0.000000,0,0
33,31,0.300000,0.100000,0,0,0.000000,0,0.000000,0.000000,0.000000,0,0
33,32,0.300000,0.200000,0,0,0.000000,0,0.000000,0.000000,0.000000,0,0
33,33,0.300000,0.300000,0,0,0.000000,0,0.000000,0.000000,0.000000,0,0
33,34,0.300000,0.400000,0,0,0.000000,0,0.000000,0.000000,0.000000,0,0
33,35,0.300000,0.500000,0,0,0.000000,0,0.000000,0.000000,0.000000,0,0
33,36,0.300000,0.600000,0,0,0.000000,0,0.000000,0.000000,0.000000,0,0
33,37,0.300000,0.700000,0,0,0.000000,0,0.000000,0.000000,0.000000,0,0
33,38,0.300000,0.800000,0,0,0.000000,0,0.000000,0.000000,0.000000,0,0
33,39,0.300000,0.900000,0,0,0.000000,0,0.000000,0.000000,0.000000,0,0
33,40,0.400000,0.000000,0,0,0.000000,0,0.000000,0.000000,0.000000,100,45
33,41,0.400000,0.100000,0,0,0.000000,0,0.000000,0.000000,0.000000,0,0
33,42,0.400000,0.200000,0,0,0.000000,0,0.000000,0.000000,0.000000,0,0
33,43,0.400000,0.300000,0,0,0.000000,0,0.000000,0.000000,0.000000,0,0
33,44,0.400000,0.400000,0,0,0.000000,0,0.000000,0.000000,0.000000,0,0
33,45,0.400000,0.500000,0,0,0.000000,0,0.000000,0.000000,0.000000,0,0
33,46,0.400000,0.600000,0,0,0.000000,0,0.000000,0.000000,0.000000,0,0
33,47,0.400000,0.700000,0,0,0.000000,0,0.000000,0.000000,0.000000,0,0
33,48,0.400000,0.800000,0,0,0.000000,0,0.000000,0.000000,0.000000,0,0
33,49,0.400000,0.900000,0,0,0.000000,0,0.000000,0.000000,0.000000,100,71
33,50,0.500000,0.000000,0,0,0.000000,0,0.000000,0.000000,0.000000,0,0
33,51,0.500000,0.100000,0,0,0.000000,0,0.000000,0.000000,0.000000,0,0
33,52,0.500000,0.200000,0,0,0.000000,0,0.000000,0.000000,0.000000,0,0
33,53,0.500000,0.300000,0,0,0.000000,0,0.000000,0.000000,0.000000,0,0
33,54,0.500000,0.400000,0,0,0.000000,0,0.000000,0.000000,0.000000,0,0
33,55,0.500000,0.500000,0,0,0.000000,0,0.000000,0.000000,0.000000,0,0
33,56,0.500000,0.600000,0,0,0.000000,0,0.000000,0.000000,0.000000,0,0
33,57,0.500000,0.700000,0,0,0.000000,0,0.000000,0.000000,0.000000,0,0
33,58,0.500000,0.800000,0,0,0.000000,0,0.000000,0.000000,0.000000,0,0
33,59,0.500000,0.900000,0,0,0.000000,0,0.000000,0.000000,0.000000,0,0
33,60,0.600000,0.000000,0,0,0.000000,0,0.000000,0.000000,0.000000,0,0
33,61,0.600000,0.100000,0,0,0.000000,0,0.000000,0.000000,0.000000,0,0
33,62,0.600000,0.200000,0,0,0.000000,0,0.000000,0.000000,0.000000,0,0
33,63,0.600000,0.300000,0,0,0.000000,0,0.000000,0.000000,0.000000,0,0
33,64,0.600000,0.400000,0,0,0.000000,0,0.000000,0.000000,0.000000,0,0
33,65,0.600000,0.500000,0,0,0.000000,0,0.000000,0.000000,0.000000,0,0
33,66,0.600000,0.600000,0,0,0.000000,0,0.000000,0.000000,0.000000,0,0
33,67,0.600000,0.700000,0,0,0.000000,0,0.000000,0.000000,0.000000,0,0
33,68,0.600000,0.800000,0,0,0.000000,0,0.000000,0.000000,0.000000,0,0
33,69,0.600000,0.900000,0,0,0.000000,0,0.000000,0.000000,0.000000,0,0
33,70,0.700000,0.000000,0,0,0.000000,0,0.000000,0.000000,0.000000,0,0
33,71,0.700000,0.100000,0,0,0.000000,0,0.000000,0.000000,0.000000,0,0
33,72,0.700000,0.200000,0,0,0.000000,0,0.000000,0.000000,0.000000,0,0
33,73,0.700000,0.300000,0,0,0.000000,0,0.000000,0.000000,0.000000,0,0
33,74,0.700000,0.400000,0,0,0.000000,0,0.000000,0.000000,0.000000,0,0
33,75,0.700000,0.500000,0,0,0.000000,0,0.000000,0.000000,0.000000,0,0
33,76,0.700000,0.600000,0,0,0.000000,0,0.000000,0.000000,0.000000,0,0
33,77,0.700000,0.700000,0,0,0.000000,0,0.000000,0.000000,0.000000,0,0
33,78,0.700000,0.800000,0,0,0.000000,0,0.000000,0.000000,0.000000,0,0
33,79,0.700000,0.900000,0,0,0.000000,0,0.000000,0.000000,0.000000,0,0
33,80,0.800000,0.000000,0,0,0.000000,0,0.000000,0.000000,0.000000,0,0
33,81,0.800000,0.100000,0,0,0.000000,0,0.000000,0.000000,0.000000,0,0
33,82,0.800000,0.200000,0,0,0.000000,0,0.000000,0.000000,0.000000,0,0
33,83,0.800000,0.300000,0,0,0.000000,0,0.000000,0.000000,0.000000,0,0
33,84,0.800000,0.400000,0,0,0.000000,0,0.000000,0.000000,0.000000,0,0
33,85,0.800000,0.500000,0,0,0.000000,0,0.000000,0.000000,0.000000,0,0
33,86,0.800000,0.600000,0,0,0.000000,0,0.000000,0.000000,0.000000,0,0
33,87,0.800000,0.700000,0,0,0.000000,0,0.000000,0.000000,0.000000,0,0
33,88,0.800000,0.800000,0,0,0.000000,0,0.000000,0.000000,0.000000,0,0
33,89,0.800000,0.900000,0,0,0.000000,0,0.000000,0.000000,0.000000,0,0
33,90,0.900000,0.000000,0,0,0.000000,0,0.000000,0.000000,0.000000,0,0
33,91,0.900000,0.100000,0,0,0.000000,0,0.000000,0.000000,0.000000,0,0
33,92,0.900000,0.200000,0,0,0.000000,0,0.000000,0.000000,0.000000,0,0
33,93,0.900000,0.300000,0,0,0.000000,0,0.000000,0.000000,0.000000,0,0
33,94,0.900000,0.400000,0,0,0.000000,0,0.000000,0.000000,0.000000,0,0
33,95,0.900000,0.500000,0,0,0.000000,0,0.000000,0.000000,0.000000,0,0
33,96,0.900000,0.600000,0,0,0.000000,0,0.000000,0.000000,0.000000,0,0
33,97,0.900000,0.700000,0,0,0.000000,0,0.000000,0.000000,0.000000,0,0
33,98,0.900000,0.800000,0,0,0.000000,0,0.000000,0.000000,0.000000,0,0
33,99,0.900000,0.900000,0,34,0.000000,34,34.210526,3.421053,1170.360111,100,2
34,0,0.000000,0.000000,0,74,0.000000,74,74.414012,7.441401,5537.445255,100,1
34,1,0.000000,0.100000,0,0,0.000000,0,0.000000,0.000000,0.000000,0,0
34,2,0.000000,0.200000,0,0,0.000000,0,0.000000,0.000000,0.000000,0,0
34,3,0.000000,0.300000,0,0,0.000000,0,0.000000,0.000000,0.000000,0,0
34,4,0.000000,0.400000,0,0,0.000000,0,0.000000,0.000000,0.000000,0,0
34,5,0.000000,0.500000,0,0,0.000000,0,0.000000,0.000000,0.000000,0,0
34,6,0.000000,0.600000,0,0,0.000000,0,0.000000,0.000000,0.000000,0,0
34,7,0.000000,0.700000,0,0,0.000000,0,0.000000,0.000000,0.000000,0,0
34,8,0.000000,0.800000,0,0,0.000000,0,0.000000,0.000000,0.000000,0,0
34,9,0.000000,0.900000,0,74,0.000000,74,74.412038,7.441204,5537.151419,100,1
34,10,0.100000,0.000000,0,0,0.000000,0,0.000000,0.000000,0.000000,0,0
34,11,0.100000,0.100000,0,0,0.000000,0,0.000000,0.000000,0.000000,0,0
34,12,0.100000,0.200000,0,0,0.000000,0,0.000000,0.000000,0.000000,0,0
34,13,0.100000,0.300000,0,0,0.000000,0,0.000000,0.000000,0.000000,0,0
34,14,0.100000,0.400000,0,0,0.000000,0,0.000000,0.000000,0.000000,0,0
34,15,0.100000,0.500000,0,0,0.000000,0,0.000000,0.000000,0.000000,0,0
34,16,0.100000,0.600000,0,0,0.000000,0,0.000000,0.000000,0.000000,0,0
34,17,0.100000,0.700000,0,0,0.000000,0,0.000000,0.000000,0.000000,0,0
34,18,0.100000,0.800000,0,0,0.000000,0,0.000000,0.000000,0.000000,0,0
34,19,0.100000,0.900000,0,0,0.000000,0,0.000000,0.000000,0.000000,0,0
34,20,0.200000,0.000000,0,0,0.000000,0,0.000000,0.000000,0.000000,0,0
34,21,0.200000,0.100000,0,0,0.000000,0,0.000000,0.000000,0.000000,0,0
34,22,0.200000,0.200000,0,0,0.000000,0,0.000000,0.000000,0.000000,0,0
34,23,0.200000,0.300000,0,0,0.000000,0,0.000000,0.000000,0.000000,0,0
34,24,0.200000,0.400000,0,0,0.000000,0,0.000000,0.000000,0.000000,0,0
34,25,0.200000,0.500000,0,0,0.000000,0,0.000000,0.000000,0.000000,0,0
34,26,0.200000,0.600000,0,0,0.000000,0,0.000000,0.000000,0.000000,0,0
34,27,0.200000,0.700000,0,0,0.000000,0,0.000000,0.000000,0.000000,0,0
34,28,0.200000,0.800000,0,0,0.000000,0,0.000000,0.000000,0.000000,0,0
34,29,0.200000,0.900000,0,0,0.000000,0,0.000000,0.000000,0.000000,0,0
34,30,0.300000,0.000000,0,0,0.000000,0,0.000000,0.000000,0.000000,0,0
34,31,0.300000,0.100000,0,0,0.000000,0,0.000000,0.000000,0.000000,0,0
34,32,0.300000,0.200000,0,0,0.000000,0,0.000000,0.000000,0.000000,0,0
34,33,0.300000,0.300000,0,0,0.000000,0,0.000000,0.000000,0.000000,0,0
34,34,0.300000,0.400000,0,0,0.000000,0,0.000000,0.000000,0.000000,0,0
34,35,0.300000,0.500000,0,0,0.000000,0,0.000000,0.000000,0.000000,0,0
34,36,0.300000,0.600000,0,0,0.000000,0,0.000000,0.000000,0.000000,0,0
34,37,0.300000,0.700000,0,0,0.000000,0,0.000000,0.000000,0.000000,0,0
34,38,0.300000,0.800000,0,0,0.000000,0,0.000000,0.000000,0.000000,0,0
34,39,0.300000,0.900000,0,0,0.000000,0,0.000000,0.000000,0.000000,0,0
34,40,0.400000,0.000000,0,0,0.000000,0,0.000000,0.000000,0.000000,100,45
34,41,0.400000,0.100000,0,0,0.000000,0,0.000000,0.000000,0.000000,0,0
34,42,0.400000,0.200000,0,0,0.000000,0,0.000000,0.000000,0.000000,0,0
34,43,0.400000,0.300000,0,0,0.000000,0,0.000000,0.000000,0.000000,0,0
34,44,0.400000,0.400000,0,0,0.000000,0,0.000000,0.000000,0.000000,0,0
34,45,0.400000,0.500000,0,0,0.000000,0,0.000000,0.000000,0.000000,0,0
34,46,0.400000,0.600000,0,0,0.000000,0,0.000000,0.000000,0.000000,0,0
34,47,0.400000,0.700000,0,0,0.000000,0,0.000000,0.000000,0.000000,0,0
34,48,0.400000,0.800000,0,0,0.000000,0,0.000000,0.000000,0.000000,0,0
34,49,0.400000,0.900000,0,0,0.000000,0,0.000000,0.000000,0.000000,100,71
34,50,0.500000,0.000000,0,0,0.000000,0,0.000000,0.000000,0.000000,0,0
34,51,0.500000,0.100000,0,0,0.000000,0,0.000000,0.000000,0.000000,0,0
34,52,0.500000,0.200000,0,0,0.000000,0,0.000000,0.000000,0.000000,0,0
34,53,0.500000,0.300000,0,0,0.000000,0,0.000000,0.000000,0.000000,0,0
34,54,0.500000,0.400000,0,0,0.000000,0,0.000000,0.000000,0.000000,0,0
34,55,0.500000,0.500000,0,0,0.000000,0,0.000000,0.000000,0.000000,0,0
34,56,0.500000,0.600000,0,0,0.000000,0,0.000000,0.000000,0.000000,0,0
34,57,0.500000,0.700000,0,0,0.000000,0,0.000000,0.000000,0.000000,0,0
34,58,0.500000,0.800000,0,0,0.000000,0,0.000000,0.000000,0.000000,0,0
34,59,0.500000,0.900000,0,0,0.000000,0,0.000000,0.000000,0.000000,0,0
34,60,0.600000,0.000000,0,0,0.000000,0,0.000000,0.000000,0.000000,0,0
34,61,0.600000,0.100000,0,0,0.000000,0,0.000000,0.000000,0.000000,0,0
34,62,0.600000,0.200000,0,0,0.000000,0,0.000000,0.000000,0.000000,0,0
34,63,0.600000,0.300000,0,0,0.000000,0,0.000000,0.000000,0.000000,0,0
34,64,0.600000,0.400000,0,0,0.000000,0,0.000000,0.000000,0.000000,0,0
34,65,0.600000,0.500000,0,0,0.000000,0,0.000000,0.000000,0.000000,0,0
34,66,0.600000,0.600000,0,0,0.000000,0,0.000000,0.000000,0.000000,0,0
34,67,0.600000,0.700000,0,0,0.000000,0,0.000000,0.000000,0.000000,0,0
34,68,0.600000,0.800000,0,0,0.000000,0,0.000000,0.000000,0.000000,0,0
34,69,0.600000,0.900000,0,0,0.000000,0,0.000000,0.000000,0.000000,0,0
34,70,0.700000,0.000000,0,0,0.000000,0,0.000000,0.000000,0.000000,0,0
34,71,0.700000,0.100000,0,0,0.000000,0,0.000000,0.000000,0.000000,0,0
34,72,0.700000,0.200000,0,0,0.000000,0,0.000000,0.000000,0.000000,0,0
34,73,0.700000,0.300000,0,0,0.000000,0,0.000000,0.000000,0.000000,0,0
34,74,0.700000,0.400000,0,0,0.000000,0,0.000000,0.000000,0.000000,0,0
34,75,0.700000,0.500000,0,0,0.000000,0,0.000000,0.000000,0.000000,0,0
34,76,0.700000,0.600000,0,0,0.000000,0,0.000000,0.000000,0.000000,0,0
34,77,0.700000,0.700000,0,0,0.000000,0,0.000000,0.000000,0.000000,0,0
34,78,0.700000,0.800000,0,0,0.000000,0,0.000000,0.000000,0.000000,0,0
34,79,0.700000,0.900000,0,0,0.000000,0,0.000000,0.000000,0.000000,0,0
34,80,0.800000,0.000000,0,0,0.000000,0,0.000000,0.000000,0.000000,0,0
34,81,0.800000,0.100000,0,0,0.000000,0,0.000000,0.000000,0.000000,0,0
34,82,0.800000,0.200000,0,0,0.000000,0,0.000000,0.000000,0.000000,0,0
34,83,0.800000,0.300000,0,0,0.000000,0,0.000000,0.000000,0.000000,0,0
34,84,0.800000,0.400000,0,0,0.000000,0,0.000000,0.000000,0.000000,0,0
34,85,0.800000,0.500000,0,0,0.000000,0,0.000000,0.000000,0.000000,0,0
34,86,0.800000,0.600000,0,0,0.000000,0,0.000000,0.000000,0.000000,0,0
34,87,0.800000,0.700000,0,0,0.000000,0,0.000000,0.000000,0.000000,0,0
34,88,0.800000,0.800000,0,0,0.000000,0,0.000000,0.000000,0.000000,0,0
34,89,0.800000,0.900000,0,0,0.000000,0,0.000000,0.000000,0.000000,0,0
34,90,0.900000,0.000000,0,0,0.000000,0,0.000000,0.000000,0.000000,0,0
34,91,0.900000,0.100000,0,0,0.000000,0,0.000000,0.000000,0.000000,0,0
34,92,0.900000,0.200000,0,0,0.000000,0,0.000000,0.000000,0.000000,0,0
34,93,0.900000,0.300000,0,0,0.000000,0,0.000000,0.000000,0.000000,0,0
34,94,0.900000,0.400000,0,0,0.000000,0,0.000000,0.000000,0.000000,0,0
34,95,0.900000,0.500000,0,0,0.000000,0,0.000000,0.000000,0.000000,0,0
34,96,0.900000,0.600000,0,0,0.000000,0,0.000000,0.000000,0.000000,0,0
34,97,0.900000,0.700000,0,0,0.000000,0,0.000000,0.000000,0.000000,0,0
34,98,0.900000,0.800000,0,0,0.000000,0,0.000000,0.000000,0.000000,0,0
34,99,0.900000,0.900000,0,34,0.000000,34,34.210526,3.421053,1170.360111,100,2
35,0,0.000000,0.000000,0,74,0.000000,74,74.414012,7.441401,5537.445255,100,1
35,1,0.000000,0.100000,0,0,0.000000,0,0.000000,0.000000,0.000000,0,0
35,2,0.000000,0.200000,0,0,0.000000,0,0.000000,0.000000,0.000000,0,0
35,3,0.000000,0.300000,0,0,0.000000,0,0.000000,0.000000,0.000000,0,0
35,4,0.000000,0.400000,0,0,0.000000,0,0.000000,0.000000,0.000000,0,0
35,5,0.000000,0.500000,0,0,0.000000,0,0.000000,0.000000,0.000000,0,0
35,6,0.000000,0.600000,0,0,0.000000,0,0.000000,0.000000,0.000000,0,0
35,7,0.000000,0.700000,0,0,0.000000,0,0.000000,0.000000,0.000000,0,0
35,8,0.000000,0.800000,0,0,0.000000,0,0.000000,0.000000,0.000000,0,0
35,9,0.000000,0.900000,0,74,0.000000,74,74.412038,7.441204,5537.151419,100,1
35,10,0.100000,0.000000,0,0,0.000000,0,0.000000,0.000000,0.000000,0,0
35,11,0.100000,0.100000,0,0,0.000000,0,0.000000,0.000000,0.000000,0,0
35,12,0.100000,0.200000,0,0,0.000000,0,0.000000,0.000000,0.000000,0,0
35,13,0.100000,0.300000,0,0,0.000000,0,0.000000,0.000000,0.000000,0,0
35,14,0.100000,0.400000,0,0,0.000000,0,0.000000,0.000000,0.000000,0,0
35,15,0.100000,0.500000,0,0,0.000000,0,0.000000,0.000000,0.000000,0,0
35,16,0.100000,0.600000,0,0,0.000000,0,0.000000,0.000000,0.000000,0,0
35,17,0.100000,0.700000,0,0,0.000000,0,0.000000,0.000000,0.000000,0,0
35,18,0.100000,0.800000,0,0,0.000000,0,0.000000,0.000000,0.000000,0,0
35,19,0.100000,0.900000,0,0,0.000000,0,0.000000,0.000000,0.000000,0,0
35,20,0.200000,0.000000,0,0,0.000000,0,0.000000,0.000000,0.000000,0,0
35,21,0.200000,0.100000,0,0,0.000000,0,0.000000,0.000000,0.000000,0,0
35,22,0.200000,0.200000,0,0,0.000000,0,0.000000,0.000000,0.000000,0,0
35,23,0.200000,0.300000,0,0,0.000000,0,0.000000,0.000000,0.000000,0,0
35,24,0.200000,0.400000,0,0,0.000000,0,0.000000,0.000000,0.000000,0,0
35,25,0.200000,0.500000,0,0,0.000000,0,0.000000,0.000000,0.000000,0,0
35,26,0.200000,0.600000,0,0,0.000000,0,0.000000,0.000000,0.000000,0,0
35,27,0.200000,0.700000,0,0,0.000000,0,0.000000,0.000000,0.000000,0,0
35,28,0.200000,0.800000,0,0,0.000000,0,0.000000,0.000000,0.000000,0,0
35,29,0.200000,0.900000,0,0,0.000000,0,0.000000,0.000000,0.000000,0,0
35,30,0.300000,0.000000,0,0,0.000000,0,0.000000,0.000000,0.000000,0,0
35,31,0.300000,0.100000,0,0,0.000000,0,0.000000,0.000000,0.000000,0,0
35,32,0.300000,0.200000,0,0,0.000000,0,0.000000,0.000000,0.000000,0,0
35,33,0.300000,0.300000,0,0,0.000000,0,0.000000,0.000000,0.000000,0,0
35,34,0.300000,0.400000,0,0,0.000000,0,0.000000,0.000000,0.000000,0,0
35,35,0.300000,0.500000,0,0,0.000000,0,0.000000,0.000000,0.000000,0,0
35,36,0.300000,0.600000,0,0,0.000000,0,0.000000,0.000000,0.000000,0,0
35,37,0.300000,0.700000,0,0,0.000000,0,0.000000,0.000000,0.000000,0,0
35,38,0.300000,0.800000,0,0,0.000000,0,0.000000,0.000000,0.000000,0,0
35,39,0.300000,0.900000,0,0,0.000000,0,0.000000,0.000000,0.000000,0,0
35,40,0.400000,0.000000,0,0,0.000000,0,0.000000,0.000000,0.000000,100,45
35,41,0.400000,0.100000,0,0,0.000000,0,0.000000,0.000000,0.000000,0,0
35,42,0.400000,0.200000,0,0,0.000000,0,0.000000,0.000000,0.000000,0,0
35,43,0.400000,0.300000,0,0,0.000000,0,0.000000,0.000000,0.000000,0,0
35,44,0.400000,0.400000,0,0,0.000000,0,0.000000,0.000000,0.000000,0,0
35,45,0.400000,0.500000,0,0,0.000000,0,0.000000,0.000000,0.000000,0,0
35,46,0.400000,0.600000,0,0,0.000000,0,0.000000,0.000000,0.000000,0,0
35,47,0.400000,0.700000,0,0,0.000000,0,0.000000,0.000000,0.000000,0,0
35,48,0.400000,0.800000,0,0,0.000000,0,0.000000,0.000000,0.000000,0,0
35,49,0.400000,0.900000,0,0,0.000000,0,0.000000,0.000000,0.000000,100,71
35,50,0.500000,0.000000,0,0,0.000000,0,0.000000,0.000000,0.000000,0,0
35,51,0.500000,0.100000,0,0,0.000000,0,0.000000,0.000000,0.000000,0,0
35,52,0.500000,0.200000,0,0,0.000000,0,0.000000,0.000000,0.000000,0,0
35,53,0.500000,0.300000,0,0,0.000000,0,0.000000,0.000000,0.000000,0,0
35,54,0.500000,0.400000,0,0,0.000000,0,0.000000,0.000000,0.000000,0,0
35,55,0.500000,0.500000,0,0,0.000000,0,0.000000,0.000000,0.000000,0,0
35,56,0.500000,0.600000,0,0,0.000000,0,0.000000,0.000000,0.000000,0,0
35,57,0.500000,0.700000,0,0,0.000000,0,0.000000,0.000000,0.000000,0,0
35,58,0.500000,0.800000,0,0,0.000000,0,0.000000,0.000000,0.000000,0,0
35,59,0.500000,0.900000,0,0,0.000000,0,0.000000,0.000000,0.000000,0,0
35,60,0.600000,0.000000,0,0,0.000000,0,0.000000,0.000000,0.000000,0,0
35,61,0.600000,0.100000,0,0,0.000000,0,0.000000,0.000000,0.000000,0,0
35,62,0.600000,0.200000,0,0,0.000000,0,0.000000,0.000000,0.000000,0,0
35,63,0.600000,0.300000,0,0,0.000000,0,0.000000,0.000000,0.000000,0,0
35,64,0.600000,0.400000,0,0,0.000000,0,0.000000,0.000000,0.000000,0,0
35,65,0.600000,0.500000,0,0,0.000000,0,0.000000,0.000000,0.000000,0,0
35,66,0.600000,0.600000,0,0,0.000000,0,0.000000,0.000000,0.000000,0,0
35,67,0.600000,0.700000,0,0,0.000000,0,0.000000,0.000000,0.000000,0,0
35,68,0.600000,0.800000,0,0,0.000000,0,0.000000,0.000000,0.000000,0,0
35,69,0.600000,0.900000,0,0,0.000000,0,0.000000,0.000000,0.000000,0,0
35,70,0.700000,0.000000,0,0,0.000000,0,0.000000,0.000000,0.000000,0,0
35,71,0.700000,0.100000,0,0,0.000000,0,0.000000,0.000000,0.000000,0,0
35,72,0.700000,0.200000,0,0,0.000000,0,0.000000,0.000000,0.000000,0,0
35,73,0.700000,0.300000,0,0,0.000000,0,0.000000,0.000000,0.000000,0,0
35,74,0.700000,0.400000,0,0,0.000000,0,0.000000,0.000000,0.000000,0,0
35,75,0.700000,0.500000,0,0,0.000000,0,0.000000,0.000000,0.000000,0,0
35,76,0.700000,0.600000,0,0,0.000000,0,0.000000,0.000000,0.000000,0,0
35,77,0.700000,0.700000,0,0,0.000000,0,0.000000,0.000000,0.000000,0,0
35,78,0.700000,0.800000,0,0,0.000000,0,0.000000,0.000000,0.000000,0,0
35,79,0.700000,0.900000,0,0,0.000000,0,0.000000,0.000000,0.000000,0,0
35,80,0.800000,0.000000,0,0,0.000000,0,0.000000,0.000000,0.000000,0,0
35,81,0.800000,0.100000,0,0,0.000000,0,0.000000,0.000000,0.000000,0,0
35,82,0.800000,0.200000,0,0,0.000000,0,0.000000,0.000000,0.000000,0,0
35,83,0.800000,0.300000,0,0,0.000000,0,0.000000,0.000000,0.000000,0,0
35,84,0.800000,0.400000,0,0,0.000000,0,0.000000,0.000000,0.000000,0,0
35,85,0.800000,0.500000,0,0,0.000000,0,0.000000,0.000000,0.000000,0,0
35,86,0.800000,0.600000,0,0,0.000000,0,0.000000,0.000000,0.000000,0,0
35,87,0.800000,0.700000,0,0,0.000000,0,0.000000,0.000000,0.000000,0,0
35,88,0.800000,0.800000,0,0,0.000000,0,0.000000,0.000000,0.000000,0,0
35,89,0.800000,0.900000,0,0,0.000000,0,0.000000,0.000000,0.000000,0,0
35,90,0.900000,0.000000,0,0,0.000000,0,0.000000,0.000000,0.000000,0,0
35,91,0.900000,0.100000,0,0,0.000000,0,0.000000,0.000000,0.000000,0,0
35,92,0.900000,0.200000,0,0,0.000000,0,0.000000,0.000000,0.000000,0,0
35,93,0.900000,0.300000,0,0,0.000000,0,0.000000,0.000000,0.000000,0,0
35,94,0.900000,0.400000,0,0,0.000000,0,0.000000,0.000000,0.000000,0,0
35,95,0.900000,0.500000,0,0,0.000000,0,0.000000,0.000000,0.000000,0,0
35,96,0.900000,0.600000,0,0,0.000000,0,0.000000,0.000000,0.000000,0,0
35,97,0.900000,0.700000,0,0,0.000000,0,0.000000,0.000000,0.000000,0,0
35,98,0.900000,0.800000,0,0,0.000000,0,0.000000,0.000000,0.000000,0,0
35,99,0.900000,0.900000,0,34,0.000000,34,34.210526,3.421053,1170.360111,100,2
36,0,0.000000,0.000000,0,74,0.000000,74,74.414012,7.441401,5537.445255,100,1
36,1,0.000000,0.100000,0,0,0.000000,0,0.000000,0.000000,0.000000,0,0
36,2,0.000000,0.200000,0,0,0.000000,0,0.000000,0.000000,0.000000,0,0
36,3,0.000000,0.300000,0,0,0.000000,0,0.000000,0.000000,0.000000,0,0
36,4,0.000000,0.400000,0,0,0.000000,0,0.000000,0.000000,0.000000,0,0
36,5,0.000000,0.500000,0,0,0.000000,0,0.000000,0.000000,0.000000,0,0
36,6,0.000000,0.600000,0,0,0.000000,0,0.000000,0.000000,0.000000,0,0
36,7,0.000000,0.700000,0,0,0.000000,0,0.000000,0.000000,0.000000,0,0
36,8,0.000000,0.800000,0,0,0.000000,0,0.000000,0.000000,0.000000,0,0
36,9,0.000000,0.900000,0,74,0.000000,74,74.412038,7.441204,5537.151419,100,1
36,10,0.100000,0.000000,0,0,0.000000,0,0.000000,0.000000,0.000000,0,0
36,11,0.100000,0.100000,0,0,0.000000,0,0.000000,0.000000,0.000000,0,0
36,12,0.100000,0.200000,0,0,0.000000,0,0.000000,0.000000,0.000000,0,0
36,13,0.100000,0.300000,0,0,0.000000,0,0.000000,0.000000,0.000000,0,0
36,14,0.100000,0.400000,0,0,0.000000,0,0.000000,0.000000,0.000000,0,0
36,15,0.100000,0.500000,0,0,0.000000,0,0.000000,0.000000,0.000000,0,0
36,16,0.100000,0.600000,0,0,0.000000,0,0.000000,0.000000,0.000000,0,0
36,17,0.100000,0.700000,0,0,0.000000,0,0.000000,0.000000,0.000000,0,0
36,18,0.100000,0.800000,0,0,0.000000,0,0.000000,0.000000,0.000000,0,0
36,19,0.100000,0.900000,0,0,0.000000,0,0.000000,0.000000,0.000000,0,0
36,20,0.200000,0.000000,0,0,0.000000,0,0.000000,0.000000,0.000000,0,0
36,21,0.200000,0.100000,0,0,0.000000,0,0.000000,0.000000,0.000000,0,0
36,22,0.200000,0.200000,0,0,0.000000,0,0.000000,0.000000,0.000000,0,0
36,23,0.200000,0.300000,0,0,0.000000,0,0.000000,0.000000,0.000000,0,0
36,24,0.200000,0.400000,0,0,0.000000,0,0.000000,0.000000,0.000000,0,0
36,25,0.200000,0.500000,0,0,0.000000,0,0.000000,0.000000,0.000000,0,0
36,26,0.200000,0.600000,0,0,0.000000,0,0.000000,0.000000,0.000000,0,0
36,27,0.200000,0.700000,0,0,0.000000,0,0.000000,0.000000,0.000000,0,0
36,28,0.200000,0.800000,0,0,0.000000,0,0.000000,0.000000,0.000000,0,0
36,29,0.200000,0.900000,0,0,0.000000,0,0.000000,0.000000,0.000000,0,0
36,30,0.300000,0.000000,0,0,0.000000,0,0.000000,0.000000,0.000000,0,0
36,31,0.300000,0.100000,0,0,0.000000,0,0.000000,0.000000,0.000000,0,0
36,32,0.300000,0.200000,0,0,0.000000,0,0.000000,0.000000,0.000000,0,0
36,33,0.300000,0.300000,0,0,0.000000,0,0.000000,0.000000,0.000000,0,0
36,34,0.300000,0.400000,0,0,0.000000,0,0.000000,0.000000,0.000000,0,0
36,35,0.300000,0.500000,0,0,0.000000,0,0.000000,0.000000,0.000000,0,0
36,36,0.300000,0.600000,0,0,0.000000,0,0.000000,0.000000,0.000000,0,0
36,37,0.300000,0.700000,0,0,0.000000,0,0.000000,0.000000,0.000000,0,0
36,38,0.300000,0.800000,0,0,0.000000,0,0.000000,0.000000,0.000000,0,0
36,39,0.300000,0.900000,0,0,0.000000,0,0.000000,0.000000,0.000000,0,0
36,40,0.400000,0.000000,0,0,0.000000,0,0.000000,0.000000,0.000000,100,45
36,41,0.400000,0.100000,0,0,0.000000,0,0.000000,0.000000,0.000000,0,0
36,42,0.400000,0.200000,0,0,0.000000,0,0.000000,0.000000,0.000000,0,0
36,43,0.400000,0.300000,0,0,0.000000,0,0.000000,0.000000,0.000000,0,0
36,44,0.400000,0.400000,0,0,0.000000,0,0.000000,0.000000,0.000000,0,0
36,45,0.400000,0.500000,0,0,0.000000,0,0.000000,0.000000,0.000000,0,0
36,46,0.400000,0.600000,0,0,0.000000,0,0.000000,0.000000,0.000000,0,0
36,47,0.400000,0.700000,0,0,0.000000,0,0.000000,0.000000,0.000000,0,0
36,48,0.400000,0.800000,0,0,0.000000,0,0.000000,0.000000,0.000000,0,0
36,49,0.400000,0.900000,0,0,0.000000,0,0.000000,0.000000,0.000000,100,71
36,50,0.500000,0.000000,0,0,0.000000,0,0.000000,0.000000,0.000000,0,0
36,51,0.500000,0.100000,0,0,0.000000,0,0.000000,0.000000,0.000000,0,0
36,52,0.500000,0.200000,0,0,0.000000,0,0.000000,0.000000,0.000000,0,0
36,53,0.500000,0.300000,0,0,0.000000,0,0.000000,0.000000,0.000000,0,0
36,54,0.500000,0.400000,0,0,0.000000,0,0.000000,0.000000,0.000000,0,0
36,55,0.500000,0.500000,0,0,0.000000,0,0.000000,0.000000,0.000000,0,0
36,56,0.500000,0.600000,0,0,0.000000,0,0.000000,0.000000,0.000000,0,0
36,57,0.500000,0.700000,0,0,0.000000,0,0.000000,0.000000,0.000000,0,0
36,58,0.500000,0.800000,0,0,0.000000,0,0.000000,0.000000,0.000000,0,0
36,59,0.500000,0.900000,0,0,0.000000,0,0.000000,0.000000,0.000000,0,0
36,60,0.600000,0.000000,0,0,0.000000,0,0.000000,0.000000,0.000000,0,0
36,61,0.600000,0.100000,0,0,0.000000,0,0.000000,0.000000,0.000000,0,0
36,62,0.600000,0.200000,0,0,0.000000,0,0.000000,0.000000,0.000000,0,0
36,63,0.600000,0.300000,0,0,0.000000,0,0.000000,0.000000,0.000000,0,0
36,64,0.600000,0.400000,0,0,0.000000,0,0.000000,0.000000,0.000000,0,0
36,65,0.600000,0.500000,0,0,0.000000,0,0.000000,0.000000,0.000000,0,0
36,66,0.600000,0.600000,0,0,0.000000,0,0.000000,0.000000,0.000000,0,0
36,67,0.600000,0.700000,0,0,0.000000,0,0.000000,0.000000,0.000000,0,0
36,68,0.600000,0.800000,0,0,0.000000,0,0.000000,0.000000,0.000000,0,0
36,69,0.600000,0.900000,0,0,0.000000,0,0.000000,0.000000,0.000000,0,0
36,70,0.700000,0.000000,0,0,0.000000,0,0.000000,0.000000,0.000000,0,0
36,71,0.700000,0.100000,0,0,0.000000,0,0.000000,0.000000,0.000000,0,0
36,72,0.700000,0.200000,0,0,0.000000,0,0.000000,0.000000,0.000000,0,0
36,73,0.700000,0.300000,0,0,0.000000,0,0.000000,0.000000,0.000000,0,0
36,74,0.700000,0.400000,0,0,0.000000,0,0.000000,0.000000,0.000000,0,0
36,75,0.700000,0.500000,0,0,0.000000,0,0.000000,0.000000,0.000000,0,0
36,76,0.700000,0.600000,0,0,0.000000,0,0.000000,0.000000,0.000000,0,0
36,77,0.700000,0.700000,0,0,0.000000,0,0.000000,0.000000,0.000000,0,0
36,78,0.700000,0.800000,0,0,0.000000,0,0.000000,0.000000,0.000000,0,0
36,79,0.700000,0.900000,0,0,0.000000,0,0.000000,0.000000,0.000000,0,0
36,80,0.800000,0.000000,0,0,0.000000,0,0.000000,0.000000,0.000000,0,0
36,81,0.800000,0.100000,0,0,0.000000,0,0.000000,0.000000,0.000000,0,0
36,82,0.800000,0.200000,0,0,0.000000,0,0.000000,0.000000,0.000000,0,0
36,83,0.800000,0.300000,0,0,0.000000,0,0.000000,0.000000,0.000000,0,0
36,84,0.800000,0.400000,0,0,0.000000,0,0.000000,0.000000,0.000000,0,0
36,85,0.800000,0.500000,0,0,0.000000,0,0.000000,0.000000,0.000000,0,0
36,86,0.800000,0.600000,0,0,0.000000,0,0.000000,0.000000,0.000000,0,0
36,87,0.800000,0.700000,0,0,0.000000,0,0.000000,0.000000,0.000000,0,0
36,88,0.800000,0.800000,0,0,0.000000,0,0.000000,0.000000,0.000000,0,0
36,89,0.800000,0.900000,0,0,0.000000,0,0.000000,0.000000,0.000000,0,0
36,90,0.900000,0.000000,0,0,0.000000,0,0.000000,0.000000,0.000000,0,0
36,91,0.900000,0.100000,0,0,0.000000,0,0.000000,0.000000,0.000000,0,0
36,92,0.900000,0.200000,0,0,0.000000,0,0.000000,0.000000,0.000000,0,0
36,93,0.900000,0.300000,0,0,0.000000,0,0.000000,0.000000,0.000000,0,0
36,94,0.900000,0.400000,0,0,0.000000,0,0.000000,0.000000,0.000000,0,0
36,95,0.900000,0.500000,0,0,0.000000,0,0.000000,0.000000,0.000000,0,0
36,96,0.900000,0.600000,0,0,0.000000,0,0.000000,0.000000,0.000000,0,0
36,97,0.900000,0.700000,0,0,0.000000,0,0.000000,0.000000,0.000000,0,0
36,98,0.900000,0.800000,0,0,0.000000,0,0.000000,0.000000,0.000000,0,0
36,99,0.900000,0.900000,0,34,0.000000,34,34.210526,3.421053,1170.360111,100,2
37,0,0.000000,0.000000,0,74,0.000000,74,74.414012,7.441401,5537.445255,100,1
37,1,0.000000,0.100000,0,0,0.000000,0,0.000000,0.000000,0.000000,0,0
37,2,0.000000,0.200000,0,0,0.000000,0,0.000000,0.000000,0.000000,0,0
37,3,0.000000,0.300000,0,0,0.000000,0,0.000000,0.000000,0.000000,0,0
37,4,0.000000,0.400000,0,0,0.000000,0,0.000000,0.000000,0.000000,0,0
37,5,0.000000,0.500000,0,0,0.000000,0,0.000000,0.000000,0.000000,0,0
37,6,0.000000,0.600000,0,0,0.000000,0,0.000000,0.000000,0.000000,0,0
37,7,0.000000,0.700000,0,0,0.000000,0,0.000000,0.000000,0.000000,0,0
37,8,0.000000,0.800000,0,0,0.000000,0,0.000000,0.000000,0.000000,0,0
37,9,0.000000,0.900000,0,74,0.000000,74,74.412038,7.441204,5537.151419,100,1
37,10,0.100000,0.000000,0,0,0.000000,0,0.000000,0.000000,0.000000,0,0
37,11,0.100000,0.100000,0,0,0.000000,0,0.000000,0.000000,0.000000,0,0
37,12,0.100000,0.200000,0,0,0.000000,0,0.000000,0.000000,0.000000,0,0
37,13,0.100000,0.300000,0,0,0.000000,0,0.000000,0.000000,0.000000,0,0
37,14,0.100000,0.400000,0,0,0.000000,0,0.000000,0.000000,0.000000,0,0
37,15,0.100000,0.500000,0,0,0.000000,0,0.000000,0.000000,0.000000,0,0
37,16,0.100000,0.600000,0,0,0.000000,0,0.000000,0.000000,0.000000,0,0
37,17,0.100000,0.700000,0,0,0.000000,0,0.000000,0.000000,0.000000,0,0
37,18,0.100000,0.800000,0,0,0.000000,0,0.000000,0.000000,0.000000,0,0
37,19,0.100000,0.900000,0,0,0.000000,0,0.000000,0.000000,0.000000,0,0
37,20,0.200000,0.000000,0,0,0.000000,0,0.000000,0.000000,0.000000,0,0
37,21,0.200000,0.100000,0,0,0.000000,0,0.000000,0.000000,0.000000,0,0
37,22,0.200000,0.200000,0,0,0.000000,0,0.000000,0.000000,0.000000,0,0
37,23,0.200000,0.300000,0,0,0.000000,0,0.000000,0.000000,0.000000,0,0
37,24,0.200000,0.400000,0,0,0.000000,0,0.000000,0.000000,0.000000,0,0
37,25,0.200000,0.500000,0,0,0.000000,0,0.000000,0.000000,0.000000,0,0
37,26,0.200000,0.600000,0,0,0.000000,0,0.000000,0.000000,0.000000,0,0
37,27,0.200000,0.700000,0,0,0.000000,0,0.000000,0.000000,0.000000,0,0
37,28,0.200000,0.800000,0,0,0.000000,0,0.000000,0.000000,0.000000,0,0
37,29,0.200000,0.900000,0,0,0.000000,0,0.000000,0.000000,0.000000,0,0
37,30,0.300000,0.000000,0,0,0.000000,0,0.000000,0.000000,0.000000,0,0
37,31,0.300000,0.100000,0,0,0.000000,0,0.000000,0.000000,0.000000,0,0
37,32,0.300000,0.200000,0,0,0.000000,0,0.000000,0.000000,0.000000,0,0
37,33,0.300000,0.300000,0,0,0.000000,0,0.000000,0.000000,0.000000,0,0
37,34,0.300000,0.400000,0,0,0.000000,0,0.000000,0.000000,0.000000,0,0
37,35,0.300000,0.500000,0,0,0.000000,0,0.000000,0.000000,0.000000,0,0
37,36,0.300000,0.600000,0,0,0.000000,0,0.000000,0.000000,0.000000,0,0
37,37,0.300000,0.700000,0,0,0.000000,0,0.000000,0.000000,0.000000,0,0
37,38,0.300000,0.800000,0,0,0.000000,0,0.000000,0.000000,0.000000,0,0
37,39,0.300000,0.900000,0,0,0.000000,0,0.000000,0.000000,0.000000,0,0
37,40,0.400000,0.000000,0,0,0.000000,0,0.000000,0.000000,0.000000,100,45
37,41,0.400000,0.100000,0,0,0.000000,0,0.000000,0.000000,0.000000,0,0
37,42,0.400000,0.200000,0,0,0.000000,0,0.000000,0.000000,0.000000,0,0
37,43,0.400000,0.300000,0,0,0.000000,0,0.000000,0.000000,0.000000,0,0
37,44,0.400000,0.400000,0,0,0.000000,0,0.000000,0.000000,0.000000,0,0
37,45,0.400000,0.500000,0,0,0.000000,0,0.000000,0.000000,0.000000,0,0
37,46,0.400000,0.600000,0,0,0.000000,0,0.000000,0.000000,0.000000,0,0
37,47,0.400000,0.700000,0,0,0.000000,0,0.000000,0.000000,0.000000,0,0
37,48,0.400000,0.800000,0,0,0.000000,0,0.000000,0.000000,0.000000,0,0
37,49,0.400000,0.900000,0,0,0.000000,0,0.000000,0.000000,0.000000,100,71
37,50,0.500000,0.000000,0,0,0.000000,0,0.000000,0.000000,0.000000,0,0
37,51,0.500000,0.100000,0,0,0.000000,0,0.000000,0.000000,0.000000,0,0
37,52,0.500000,0.200000,0,0,0.000000,0,0.000000,0.000000,0.000000,0,0
37,53,0.500000,0.300000,0,0,0.000000,0,0.000000,0.000000,0.000000,0,0
37,54,0.500000,0.400000,0,0,0.000000,0,0.000000,0.000000,0.000000,0,0
37,55,0.500000,0.500000,0,0,0.000000,0,0.000000,0.000000,0.000000,0,0
37,56,0.500000,0.600000,0,0,0.000000,0,0.000000,0.000000,0.000000,0,0
37,57,0.500000,0.700000,0,0,0.000000,0,0.000000,0.000000,0.000000,0,0
37,58,0.500000,0.800000,0,0,0.000000,0,0.000000,0.000000,0.000000,0,0
37,59,0.500000,0.900000,0,0,0.000000,0,0.000000,0.000000,0.000000,0,0
37,60,0.600000,0.000000,0,0,0.000000,0,0.000000,0.000000,0.000000,0,0
37,61,0.600000,0.100000,0,0,0.000000,0,0.000000,0.000000,0.000000,0,0
37,62,0.600000,0.200000,0,0,0.000000,0,0.000000,0.000000,0.000000,0,0
37,63,0.600000,0.300000,0,0,0.000000,0,0.000000,0.000000,0.000000,0,0
37,64,0.600000,0.400000,0,0,0.000000,0,0.000000,0.000000,0.000000,0,0
37,65,0.600000,0.500000,0,0,0.000000,0,0.000000,0.000000,0.000000,0,0
37,66,0.600000,0.600000,0,0,0.000000,0,0.000000,0.000000,0.000000,0,0
37,67,0.600000,0.700000,0,0,0.000000,0,0.000000,0.000000,0.000000,0,0
37,68,0.600000,0.800000,0,0,0.000000,0,0.000000,0.000000,0.000000,0,0
37,69,0.600000,0.900000,0,0,0.000000,0,0.000000,0.000000,0.000000,0,0
37,70,0.700000,0.000000,0,0,0.000000,0,0.000000,0.000000,0.000000,0,0
37,71,0.700000,0.100000,0,0,0.000000,0,0.000000,0.000000,0.000000,0,0
37,72,0.700000,0.200000,0,0,0.000000,0,0.000000,0.000000,0.000000,0,0
37,73,0.700000,0.300000,0,0,0.000000,0,0.000000,0.000000,0.000000,0,0
37,74,0.700000,0.400000,0,0,0.000000,0,0.000000,0.000000,0.000000,0,0
37,75,0.700000,0.500000,0,0,0.000000,0,0.000000,0.000000,0.000000,0,0
37,76,0.700000,0.600000,0,0,0.000000,0,0.000000,0.000000,0.000000,0,0
37,77,0.700000,0.700000,0,0,0.000000,0,0.000000,0.000000,0.000000,0,0
37,78,0.700000,0.800000,0,0,0.000000,0,0.000000,0.000000,0.000000,0,0
37,79,0.700000,0.900000,0,0,0.000000,0,0.000000,0.000000,0.000000,0,0
37,80,0.800000,0.000000,0,0,0.000000,0,0.000000,0.000000,0.000000,0,0
37,81,0.800000,0.100000,0,0,0.000000,0,0.000000,0.000000,0.000000,0,0
37,82,0.800000,0.200000,0,0,0.000000,0,0.000000,0.000000,0.000000,0,0
37,83,0.800000,0.300000,0,0,0.000000,0,0.000000,0.000000,0.000000,0,0
37,84,0.800000,0.400000,0,0,0.000000,0,0.000000,0.000000,0.000000,0,0
37,85,0.800000,0.500000,0,0,0.000000,0,0.000000,0.000000,0.000000,0,0
37,86,0.800000,0.600000,0,0,0.000000,0,0.000000,0.000000,0.000000,0,0
37,87,0.800000,0.700000,0,0,0.000000,0,0.000000,0.000000,0.000000,0,0
37,88,0.800000,0.800000,0,0,0.000000,0,0.000000,0.000000,0.000000,0,0
37,89,0.800000,0.900000,0,0,0.000000,0,0.000000,0.000000,0.000000,0,0
37,90,0.900000,0.000000,0,0,0.000000,0,0.000000,0.000000,0.000000,0,0
37,91,0.900000,0.100000,0,0,0.000000,0,0.000000,0.000000,0.000000,0,0
37,92,0.900000,0.200000,0,0,0.000000,0,0.000000,0.000000,0.000000,0,0
37,93,0.900000,0.300000,0,0,0.000000,0,0.000000,0.000000,0.000000,0,0
37,94,0.900000,0.400000,0,0,0.000000,0,0.000000,0.000000,0.000000,0,0
37,95,0.900000,0.500000,0,0,0.000000,0,0.000000,0.000000,0.000000,0,0
37,96,0.900000,0.600000,0,0,0.000000,0,0.000000,0.000000,0.000000,0,0
37,97,0.900000,0.700000,0,0,0.000000,0,0.000000,0.000000,0.000000,0,0
37,98,0.900000,0.800000,0,0,0.000000,0,0.000000,0.000000,0.000000,0,0
37,99,0.900000,0.900000,0,53,0.000000,53,52.872453,5.287245,2795.496236,100,2
38,0,0.000000,0.000000,0,74,0.000000,74,74.414012,7.441401,5537.445255,100,1
38,1,0.000000,0.100000,0,0,0.000000,0,0.000000,0.000000,0.000000,0,0
38,2,0.000000,0.200000,0,0,0.000000,0,0.000000,0.000000,0.000000,0,0
38,3,0.000000,0.300000,0,0,0.000000,0,0.000000,0.000000,0.000000,0,0
38,4,0.000000,0.400000,0,0,0.000000,0,0.000000,0.000000,0.000000,0,0
38,5,0.000000,0.500000,0,0,0.000000,0,0.000000,0.000000,0.000000,0,0
38,6,0.000000,0.600000,0,0,0.000000,0,0.000000,0.000000,0.000000,0,0
38,7,0.000000,0.700000,0,0,0.000000,0,0.000000,0.000000,0.000000,0,0
38,8,0.000000,0.800000,0,0,0.000000,0,0.000000,0.000000,0.000000,0,0
38,9,0.000000,0.900000,0,74,0.000000,74,74.412038,7.441204,5537.151419,100,1
38,10,0.100000,0.000000,0,0,0.000000,0,0.000000,0.000000,0.000000,0,0
38,11,0.100000,0.100000,0,0,0.000000,0,0.000000,0.000000,0.000000,0,0
38,12,0.100000,0.200000,0,0,0.000000,0,0.000000,0.000000,0.000000,0,0
38,13,0.100000,0.300000,0,0,0.000000,0,0.000000,0.000000,0.000000,0,0
38,14,0.100000,0.400000,0,0,0.000000,0,0.000000,0.000000,0.000000,0,0
38,15,0.100000,0.500000,0,0,0.000000,0,0.000000,0.000000,0.000000,0,0
38,16,0.100000,0.600000,0,0,0.000000,0,0.000000,0.000000,0.000000,0,0
38,17,0.100000,0.700000,0,0,0.000000,0,0.000000,0.000000,0.000000,0,0
38,18,0.100000,0.800000,0,0,0.000000,0,0.000000,0.000000,0.000000,0,0
38,19,0.100000,0.900000,0,0,0.000000,0,0.000000,0.000000,0.000000,0,0
38,20,0.200000,0.000000,0,0,0.000000,0,0.000000,0.000000,0.000000,0,0
38,21,0.200000,0.100000,0,0,0.000000,0,0.000000,0.000000,0.000000,0,0
38,22,0.200000,0.200000,0,0,0.000000,0,0.000000,0.000000,0.000000,0,0
38,23,0.200000,0.300000,0,0,0.000000,0,0.000000,0.000000,0.000000,0,0
38,24,0.200000,0.400000,0,0,0.000000,0,0.000000,0.000000,0.000000,0,0
38,25,0.200000,0.500000,0,0,0.000000,0,0.000000,0.000000,0.000000,0,0
38,26,0.200000,0.600000,0,0,0.000000,0,0.000000,0.000000,0.000000,0,0
38,27,0.200000,0.700000,0,0,0.000000,0,0.000000,0.000000,0.000000,0,0
38,28,0.200000,0.800000,0,0,0.000000,0,0.000000,0.000000,0.000000,0,0
38,29,0.200000,0.900000,0,0,0.000000,0,0.000000,0.000000,0.000000,0,0
38,30,0.300000,0.000000,0,0,0.000000,0,0.000000,0.000000,0.000000,0,0
38,31,0.300000,0.100000,0,0,0.000000,0,0.000000,0.000000,0.000000,0,0
38,32,0.300000,0.200000,0,0,0.000000,0,0.000000,0.000000,0.000000,0,0
38,33,0.300000,0.300000,0,0,0.000000,0,0.000000,0.000000,0.000000,0,0
38,34,0.300000,0.400000,0,0,0.000000,0,0.000000,0.000000,0.000000,0,0
38,35,0.300000,0.500000,0,0,0.000000,0,0.000000,0.000000,0.000000,0,0
38,36,0.300000,0.600000,0,0,0.000000,0,0.000000,0.000000,0.000000,0,0
38,37,0.300000,0.700000,0,0,0.000000,0,0.000000,0.000000,0.000000,0,0
38,38,0.300000,0.800000,0,0,0.000000,0,0.000000,0.000000,0.000000,0,0
38,39,0.300000,0.900000,0,0,0.000000,0,0.000000,0.000000,0.000000,0,0
38,40,0.400000,0.000000,0,0,0.000000,0,0.000000,0.000000,0.000000,100,45
38,41,0.400000,0.100000,0,0,0.000000,0,0.000000,0.000000,0.000000,0,0
38,42,0.400000,0.200000,0,0,0.000000,0,0.000000,0.000000,0.000000,0,0
38,43,0.400000,0.300000,0,0,0.000000,0,0.000000,0.000000,0.000000,0,0
38,44,0.400000,0.400000,0,0,0.000000,0,0.000000,0.000000,0.000000,0,0
38,45,0.400000,0.500000,0,0,0.000000,0,0.000000,0.000000,0.000000,0,0
38,46,0.400000,0.600000,0,0,0.000000,0,0.000000,0.000000,0.000000,0,0
38,47,0.400000,0.700000,0,0,0.000000,0,0.000000,0.000000,0.000000,0,0
38,48,0.400000,0.800000,0,0,0.000000,0,0.000000,0.000000,0.000000,0,0
38,49,0.400000,0.900000,0,0,0.000000,0,0.000000,0.000000,0.000000,100,71
38,50,0.500000,0.000000,0,0,0.000000,0,0.000000,0.000000,0.000000,0,0
38,51,0.500000,0.100000,0,0,0.000000,0,0.000000,0.000000,0.000000,0,0
38,52,0.500000,0.200000,0,0,0.000000,0,0.000000,0.000000,0.000000,0,0
38,53,0.500000,0.300000,0,0,0.000000,0,0.000000,0.000000,0.000000,0,0
38,54,0.500000,0.400000,0,0,0.000000,0,0.000000,0.000000,0.000000,0,0
38,55,0.500000,0.500000,0,0,0.000000,0,0.000000,0.000000,0.000000,0,0
38,56,0.500000,0.600000,0,0,0.000000,0,0.000000,0.000000,0.000000,0,0
38,57,0.500000,0.700000,0,0,0.000000,0,0.000000,0.000000,0.000000,0,0
38,58,0.500000,0.800000,0,0,0.000000,0,0.000000,0.000000,0.000000,0,0
38,59,0.500000,0.900000,0,0,0.000000,0,0.000000,0.000000,0.000000,0,0
38,60,0.600000,0.000000,0,0,0.000000,0,0.000000,0.000000,0.000000,0,0
38,61,0.600000,0.100000,0,0,0.000000,0,0.000000,0.000000,0.000000,0,0
38,62,0.600000,0.200000,0,0,0.000000,0,0.000000,0.000000,0.000000,0,0
38,63,0.600000,0.300000,0,0,0.000000,0,0.000000,0.000000,0.000000,0,0
38,64,0.600000,0.400000,0,0,0.000000,0,0.000000,0.000000,0.000000,0,0
38,65,0.600000,0.500000,0,0,0.000000,0,0.000000,0.000000,0.000000,0,0
38,66,0.600000,0.600000,0,0,0.000000,0,0.000000,0.000000,0.000000,0,0
38,67,0.600000,0.700000,0,0,0.000000,0,0.000000,0.000000,0.000000,0,0
38,68,0.600000,0.800000,0,0,0.000000,0,0.000000,0.000000,0.000000,0,0
38,69,0.600000,0.900000,0,0,0.000000,0,0.000000,0.000000,0.000000,0,0
38,70,0.700000,0.000000,0,0,0.000000,0,0.000000,0.000000,0.000000,0,0
38,71,0.700000,0.100000,0,0,0.000000,0,0.000000,0.000000,0.000000,0,0
38,72,0.700000,0.200000,0,0,0.000000,0,0.000000,0.000000,0.000000,0,0
38,73,0.700000,0.300000,0,0,0.000000,0,0.000000,0.000000,0.000000,0,0
38,74,0.700000,0.400000,0,0,0.000000,0,0.000000,0.000000,0.000000,0,0
38,75,0.700000,0.500000,0,0,0.000000,0,0.000000,0.000000,0.000000,0,0
38,76,0.700000,0.600000,0,0,0.000000,0,0.000000,0.000000,0.000000,0,0
38,77,0.700000,0.700000,0,0,0.000000,0,0.000000,0.000000,0.000000,0,0
38,78,0.700000,0.800000,0,0,0.000000,0,0.000000,0.000000,0.000000,0,0
38,79,0.700000,0.900000,0,0,0.000000,0,0.000000,0.000000,0.000000,0,0
38,80,0.800000,0.000000,0,0,0.000000,0,0.000000,0.000000,0.000000,0,0
38,81,0.800000,0.100000,0,0,0.000000,0,0.000000,0.000000,0.000000,0,0
38,82,0.800000,0.200000,0,0,0.000000,0,0.000000,0.000000,0.000000,0,0
38,83,0.800000,0.300000,0,0,0.000000,0,0.000000,0.000000,0.000000,0,0
38,84,0.800000,0.400000,0,0,0.000000,0,0.000000,0.000000,0.000000,0,0
38,85,0.800000,0.500000,0,0,0.000000,0,0.000000,0.000000,0.000000,0,0
38,86,0.800000,0.600000,0,0,0.000000,0,0.000000,0.000000,0.000000,0,0
38,87,0.800000,0.700000,0,0,0.000000,0,0.000000,0.000000,0.000000,0,0
38,88,0.800000,0.800000,0,0,0.000000,0,0.000000,0.000000,0.000000,0,0
38,89,0.800000,0.900000,0,0,0.000000,0,0.000000,0.000000,0.000000,0,0
38,90,0.900000,0.000000,0,0,0.000000,0,0.000000,0.000000,0.000000,0,0
38,91,0.900000,0.100000,0,0,0.000000,0,0.000000,0.000000,0.000000,0,0
38,92,0.900000,0.200000,0,0,0.000000,0,0.000000,0.000000,0.000000,0,0
38,93,0.900000,0.300000,0,0,0.000000,0,0.000000,0.000000,0.000000,0,0
38,94,0.900000,0.400000,0,0,0.000000,0,0.000000,0.000000,0.000000,0,0
38,95,0.900000,0.500000,0,0,0.000000,0,0.000000,0.000000,0.000000,0,0
38,96,0.900000,0.600000,0,0,0.000000,0,0.000000,0.000000,0.000000,0,0
38,97,0.900000,0.700000,0,0,0.000000,0,0.000000,0.000000,0.000000,0,0
38,98,0.900000,0.800000,0,0,0.000000,0,0.000000,0.000000,0.000000,0,0
38,99,0.900000,0.900000,0,53,0.000000,53,53.844483,5.384448,2899.228329,100,1
39,0,0.000000,0.000000,0,74,0.000000,74,74.414012,7.441401,5537.445255,100,1
39,1,0.000000,0.100000,0,0,0.000000,0,0.000000,0.000000,0.000000,0,0
39,2,0.000000,0.200000,0,0,0.000000,0,0.000000,0.000000,0.000000,0,0
39,3,0.000000,0.300000,0,0,0.000000,0,0.000000,0.000000,0.000000,0,0
39,4,0.000000,0.400000,0,0,0.000000,0,0.000000,0.000000,0.000000,0,0
39,5,0.000000,0.500000,0,0,0.000000,0,0.000000,0.000000,0.000000,0,0
39,6,0.000000,0.600000,0,0,0.000000,0,0.000000,0.000000,0.000000,0,0
39,7,0.000000,0.700000,0,0,0.000000,0,0.000000,0.000000,0.000000,0,0
39,8,0.000000,0.800000,0,0,0.000000,0,0.000000,0.000000,0.000000,0,0
39,9,0.000000,0.900000,0,74,0.000000,74,74.412038,7.441204,5537.151419,100,1
39,10,0.100000,0.000000,0,0,0.000000,0,0.000000,0.000000,0.000000,0,0
39,11,0.100000,0.100000,0,0,0.000000,0,0.000000,0.000000,0.000000,0,0
39,12,0.100000,0.200000,0,0,0.000000,0,0.000000,0.000000,0.000000,0,0
39,13,0.100000,0.300000,0,0,0.000000,0,0.000000,0.000000,0.000000,0,0
39,14,0.100000,0.400000,0,0,0.000000,0,0.000000,0.000000,0.000000,0,0
39,15,0.100000,0.500000,0,0,0.000000,0,0.000000,0.000000,0.000000,0,0
39,16,0.100000,0.600000,0,0,0.000000,0,0.000000,0.000000,0.000000,0,0
39,17,0.100000,0.700000,0,0,0.000000,0,0.000000,0.000000,0.000000,0,0
39,18,0.100000,0.800000,0,0,0.000000,0,0.000000,0.000000,0.000000,0,0
39,19,0.100000,0.900000,0,0,0.000000,0,0.000000,0.000000,0.000000,0,0
39,20,0.200000,0.000000,0,0,0.000000,0,0.000000,0.000000,0.000000,0,0
39,21,0.200000,0.100000,0,0,0.000000,0,0.000000,0.000000,0.000000,0,0
39,22,0.200000,0.200000,0,0,0.000000,0,0.000000,0.000000,0.000000,0,0
39,23,0.200000,0.300000,0,0,0.000000,0,0.000000,0.000000,0.000000,0,0
39,24,0.200000,0.400000,0,0,0.000000,0,0.000000,0.000000,0.000000,0,0
39,25,0.200000,0.500000,0,0,0.000000,0,0.000000,0.000000,0.000000,0,0
39,26,0.200000,0.600000,0,0,0.000000,0,0.000000,0.000000,0.000000,0,0
39,27,0.200000,0.700000,0,0,0.000000,0,0.000000,0.000000,0.000000,0,0
39,28,0.200000,0.800000,0,0,0.000000,0,0.000000,0.000000,0.000000,0,0
39,29,0.200000,0.900000,0,0,0.000000,0,0.000000,0.000000,0.000000,0,0
39,30,0.300000,0.000000,0,0,0.000000,0,0.000000,0.000000,0.000000,0,0
39,31,0.300000,0.100000,0,0,0.000000,0,0.000000,0.000000,0.000000,0,0
39,32,0.300000,0.200000,0,0,0.000000,0,0.000000,0.000000,0.000000,0,0
39,33,0.300000,0.300000,0,0,0.000000,0,0.000000,0.000000,0.000000,0,0
39,34,0.300000,0.400000,0,0,0.000000,0,0.000000,0.000000,0.000000,0,0
39,35,0.300000,0.500000,0,0,0.000000,0,0.000000,0.000000,0.000000,0,0
39,36,0.300000,0.600000,0,0,0.000000,0,0.000000,0.000000,0.000000,0,0
39,37,0.300000,0.700000,0,0,0.000000,0,0.000000,0.000000,0.000000,0,0
39,38,0.300000,0.800000,0,0,0.000000,0,0.000000,0.000000,0.000000,0,0
39,39,0.300000,0.900000,0,0,0.000000,0,0.000000,0.000000,0.000000,0,0
39,40,0.400000,0.000000,0,0,0.000000,0,0.000000,0.000000,0.000000,100,45
39,41,0.400000,0.100000,0,0,0.000000,0,0.000000,0.000000,0.000000,0,0
39,42,0.400000,0.200000,0,0,0.000000,0,0.000000,0.000000,0.000000,0,0
39,43,0.400000,0.300000,0,0,0.000000,0,0.000000,0.000000,0.000000,0,0
39,44,0.400000,0.400000,0,0,0.000000,0,0.000000,0.000000,0.000000,0,0
39,45,0.400000,0.500000,0,0,0.000000,0,0.000000,0.000000,0.000000,0,0
39,46,0.400000,0.600000,0,0,0.000000,0,0.000000,0.000000,0.000000,0,0
39,47,0.400000,0.700000,0,0,0.000000,0,0.000000,0.000000,0.000000,0,0
39,48,0.400000,0.800000,0,0,0.000000,0,0.000000,0.000000,0.000000,0,0
39,49,0.400000,0.900000,0,0,0.000000,0,0.000000,0.000000,0.000000,100,71
39,50,0.500000,0.000000,0,0,0.000000,0,0.000000,0.000000,0.000000,0,0
39,51,0.500000,0.100000,0,0,0.000000,0,0.000000,0.000000,0.000000,0,0
39,52,0.500000,0.200000,0,0,0.000000,0,0.000000,0.000000,0.000000,0,0
39,53,0.500000,0.300000,0,0,0.000000,0,0.000000,0.000000,0.000000,0,0
39,54,0.500000,0.400000,0,0,0.000000,0,0.000000,0.000000,0.000000,0,0
39,55,0.500000,0.500000,0,0,0.000000,0,0.000000,0.000000,0.000000,0,0
39,56,0.500000,0.600000,0,0,0.000000,0,0.000000,0.000000,0.000000,0,0
39,57,0.500000,0.700000,0,0,0.000000,0,0.000000,0.000000,0.000000,0,0
39,58,0.500000,0.800000,0,0,0.000000,0,0.000000,0.000000,0.000000,0,0
39,59,0.500000,0.900000,0,0,0.000000,0,0.000000,0.000000,0.000000,0,0
39,60,0.600000,0.000000,0,0,0.000000,0,0.000000,0.000000,0.000000,0,0
39,61,0.600000,0.100000,0,0,0.000000,0,0.000000,0.000000,0.000000,0,0
39,62,0.600000,0.200000,0,0,0.000000,0,0.000000,0.000000,0.000000,0,0
39,63,0.600000,0.300000,0,0,0.000000,0,0.000000,0.000000,0.000000,0,0
39,64,0.600000,0.400000,0,0,0.000000,0,0.000000,0.000000,0.000000,0,0
39,65,0.600000,0.500000,0,0,0.000000,0,0.000000,0.000000,0.000000,0,0
39,66,0.600000,0.600000,0,0,0.000000,0,0.000000,0.000000,0.000000,0,0
39,67,0.600000,0.700000,0,0,0.000000,0,0.000000,0.000000,0.000000,0,0
39,68,0.600000,0.800000,0,0,0.000000,0,0.000000,0.000000,0.000000,0,0
39,69,0.600000,0.900000,0,0,0.000000,0,0.000000,0.000000,0.000000,0,0
39,70,0.700000,0.000000,0,0,0.000000,0,0.000000,0.000000,0.000000,0,0
39,71,0.700000,0.100000,0,0,0.000000,0,0.000000,0.000000,0.000000,0,0
39,72,0.700000,0.200000,0,0,0.000000,0,0.000000,0.000000,0.000000,0,0
39,73,0.700000,0.300000,0,0,0.000000,0,0.000000,0.000000,0.000000,0,0
39,74,0.700000,0.400000,0,0,0.000000,0,0.000000,0.000000,0.000000,0,0
39,75,0.700000,0.500000,0,0,0.000000,0,0.000000,0.000000,0.000000,0,0
39,76,0.700000,0.600000,0,0,0.000000,0,0.000000,0.000000,0.000000,0,0
39,77,0.700000,0.700000,0,0,0.000000,0,0.000000,0.000000,0.000000,0,0
39,78,0.700000,0.800000,0,0,0.000000,0,0.000000,0.000000,0.000000,0,0
39,79,0.700000,0.900000,0,0,0.000000,0,0.000000,0.000000,0.000000,0,0
39,80,0.800000,0.000000,0,0,0.000000,0,0.000000,0.000000,0.000000,0,0
39,81,0.800000,0.100000,0,0,0.000000,0,0.000000,0.000000,0.000000,0,0
39,82,0.800000,0.200000,0,0,0.000000,0,0.000000,0.000000,0.000000,0,0
39,83,0.800000,0.300000,0,0,0.000000,0,0.000000,0.000000,0.000000,0,0
39,84,0.800000,0.400000,0,0,0.000000,0,0.000000,0.000000,0.000000,0,0
39,85,0.800000,0.500000,0,0,0.000000,0,0.000000,0.000000,0.000000,0,0
39,86,0.800000,0.600000,0,0,0.000000,0,0.000000,0.000000,0.000000,0,0
39,87,0.800000,0.700000,0,0,0.000000,0,0.000000,0.000000,0.000000,0,0
39,88,0.800000,0.800000,0,0,0.000000,0,0.000000,0.000000,0.000000,0,0
39,89,0.800000,0.900000,0,0,0.000000,0,0.000000,0.000000,0.000000,0,0
39,90,0.900000,0.000000,0,0,0.000000,0,0.000000,0.000000,0.000000,0,0
39,91,0.900000,0.100000,0,0,0.000000,0,0.000000,0.000000,0.000000,0,0
39,92,0.900000,0.200000,0,0,0.000000,0,0.000000,0.000000,0.000000,0,0
39,93,0.900000,0.300000,0,0,0.000000,0,0.000000,0.000000,0.000000,0,0
39,94,0.900000,0.400000,0,0,0.000000,0,0.000000,0.000000,0.000000,0,0
39,95,0.900000,0.500000,0,0,0.000000,0,0.000000,0.000000,0.000000,0,0
39,96,0.900000,0.600000,0,0,0.000000,0,0.000000,0.000000,0.000000,0,0
39,97,0.900000,0.700000,0,0,0.000000,0,0.000000,0.000000,0.000000,0,0
39,98,0.900000,0.800000,0,0,0.000000,0,0.000000,0.000000,0.000000,0,0
39,99,0.900000,0.900000,0,53,0.000000,53,53.844483,5.384448,2899.228329,100,1
40,0,0.000000,0.000000,0,74,0.000000,74,74.414012,7.441401,5537.445255,100,1
40,1,0.000000,0.100000,0,0,0.000000,0,0.000000,0.000000,0.000000,0,0
40,2,0.000000,0.200000,0,0,0.000000,0,0.000000,0.000000,0.000000,0,0
40,3,0.000000,0.300000,0,0,0.000000,0,0.000000,0.000000,0.000000,0,0
40,4,0.000000,0.400000,0,0,0.000000,0,0.000000,0.000000,0.000000,0,0
40,5,0.000000,0.500000,0,0,0.000000,0,0.000000,0.000000,0.000000,0,0
40,6,0.000000,0.600000,0,0,0.000000,0,0.000000,0.000000,0.000000,0,0
40,7,0.000000,0.700000,0,0,0.000000,0,0.000000,0.000000,0.000000,0,0
40,8,0.000000,0.800000,0,0,0.000000,0,0.000000,0.000000,0.000000,0,0
40,9,0.000000,0.900000,0,74,0.000000,74,74.412038,7.441204,5537.151419,100,1
40,10,0.100000,0.000000,0,0,0.000000,0,0.000000,0.000000,0.000000,0,0
40,11,0.100000,0.100000,0,0,0.000000,0,0.000000,0.000000,0.000000,0,0
40,12,0.100000,0.200000,0,0,0.000000,0,0.000000,0.000000,0.000000,0,0
40,13,0.100000,0.300000,0,0,0.000000,0,0.000000,0.000000,0.000000,0,0
40,14,0.100000,0.400000,0,0,0.000000,0,0.000000,0.000000,0.000000,0,0
40,15,0.100000,0.500000,0,0,0.000000,0,0.000000,0.000000,0.000000,0,0
40,16,0.100000,0.600000,0,0,0.000000,0,0.000000,0.000000,0.000000,0,0
40,17,0.100000,0.700000,0,0,0.000000,0,0.000000,0.000000,0.000000,0,0
40,18,0.100000,0.800000,0,0,0.000000,0,0.000000,0.000000,0.000000,0,0
40,19,0.100000,0.900000,0,0,0.000000,0,0.000000,0.000000,0.000000,0,0
40,20,0.200000,0.000000,0,0,0.000000,0,0.000000,0.000000,0.000000,0,0
40,21,0.200000,0.100000,0,0,0.000000,0,0.000000,0.000000,0.000000,0,0
40,22,0.200000,0.200000,0,0,0.000000,0,0.000000,0.000000,0.000000,0,0
40,23,0.200000,0.300000,0,0,0.000000,0,0.000000,0.000000,0.000000,0,0
40,24,0.200000,0.400000,0,0,0.000000,0,0.000000,0.000000,0.000000,0,0
40,25,0.200000,0.500000,0,0,0.000000,0,0.000000,0.000000,0.000000,0,0
40,26,0.200000,0.600000,0,0,0.000000,0,0.000000,0.000000,0.000000,0,0
40,27,0.200000,0.700000,0,0,0.000000,0,0.000000,0.000000,0.000000,0,0
40,28,0.200000,0.800000,0,0,0.000000,0,0.000000,0.000000,0.000000,0,0
40,29,0.200000,0.900000,0,0,0.000000,0,0.000000,0.000000,0.000000,0,0
40,30,0.300000,0.000000,0,0,0.000000,0,0.000000,0.000000,0.000000,0,0
40,31,0.300000,0.100000,0,0,0.000000,0,0.000000,0.000000,0.000000,0,0
40,32,0.300000,0.200000,0,0,0.000000,0,0.000000,0.000000,0.000000,0,0
40,33,0.300000,0.300000,0,0,0.000000,0,0.000000,0.000000,0.000000,0,0
40,34,0.300000,0.400000,0,0,0.000000,0,0.000000,0.000000,0.000000,0,0
40,35,0.300000,0.500000,0,0,0.000000,0,0.000000,0.000000,0.000000,0,0
40,36,0.300000,0.600000,0,0,0.000000,0,0.000000,0.000000,0.000000,0,0
40,37,0.300000,0.700000,0,0,0.000000,0,0.000000,0.000000,0.000000,0,0
40,38,0.300000,0.800000,0,0,0.000000,0,0.000000,0.000000,0.000000,0,0
40,39,0.300000,0.900000,0,0,0.000000,0,0.000000,0.000000,0.000000,0,0
40,40,0.400000,0.000000,0,0,0.000000,0,0.000000,0.000000,0.000000,100,45
40,41,0.400000,0.100000,0,0,0.000000,0,0.000000,0.000000,0.000000,0,0
40,42,0.400000,0.200000,0,0,0.000000,0,0.000000,0.000000,0.000000,0,0
40,43,0.400000,0.300000,0,0,0.000000,0,0.000000,0.000000,0.000000,0,0
40,44,0.400000,0.400000,0,0,0.000000,0,0.000000,0.000000,0.000000,0,0
40,45,0.400000,0.500000,0,0,0.000000,0,0.000000,0.000000,0.000000,0,0
40,46,0.400000,0.600000,0,0,0.000000,0,0.000000,0.000000,0.000000,0,0
40,47,0.400000,0.700000,0,0,0.000000,0,0.000000,0.000000,0.000000,0,0
40,48,0.400000,0.800000,0,0,0.000000,0,0.000000,0.000000,0.000000,0,0
40,49,0.400000,0.900000,0,0,0.000000,0,0.000000,0.000000,0.000000,100,71
40,50,0.500000,0.000000,0,0,0.000000,0,0.000000,0.000000,0.000000,0,0
40,51,0.500000,0.100000,0,0,0.000000,0,0.000000,0.000000,0.000000,0,0
40,52,0.500000,0.200000,0,0,0.000000,0,0.000000,0.000000,0.000000,0,0
40,53,0.500000,0.300000,0,0,0.000000,0,0.000000,0.000000,0.000000,0,0
40,54,0.500000,0.400000,0,0,0.000000,0,0.000000,0.000000,0.000000,0,0
40,55,0.500000,0.500000,0,0,0.000000,0,0.000000,0.000000,0.000000,0,0
40,56,0.500000,0.600000,0,0,0.000000,0,0.000000,0.000000,0.000000,0,0
40,57,0.500000,0.700000,0,0,0.000000,0,0.000000,0.000000,0.000000,0,0
40,58,0.500000,0.800000,0,0,0.000000,0,0.000000,0.000000,0.000000,0,0
40,59,0.500000,0.900000,0,0,0.000000,0,0.000000,0.000000,0.000000,0,0
40,60,0.600000,0.000000,0,0,0.000000,0,0.000000,0.000000,0.000000,0,0
40,61,0.600000,0.100000,0,0,0.000000,0,0.000000,0.000000,0.000000,0,0
40,62,0.600000,0.200000,0,0,0.000000,0,0.000000,0.000000,0.000000,0,0
40,63,0.600000,0.300000,0,0,0.000000,0,0.000000,0.000000,0.000000,0,0
40,64,0.600000,0.400000,0,0,0.000000,0,0.000000,0.000000,0.000000,0,0
40,65,0.600000,0.500000,0,0,0.000000,0,0.000000,0.000000,0.000000,0,0
40,66,0.600000,0.600000,0,0,0.000000,0,0.000000,0.000000,0.000000,0,0
40,67,0.600000,0.700000,0,0,0.000000,0,0.000000,0.000000,0.000000,0,0
40,68,0.600000,0.800000,0,0,0.000000,0,0.000000,0.000000,0.000000,0,0
40,69,0.600000,0.900000,0,0,0.000000,0,0.000000,0.000000,0.000000,0,0
40,70,0.700000,0.000000,0,0,0.000000,0,0.000000,0.000000,0.000000,0,0
40,71,0.700000,0.100000,0,0,0.000000,0,0.000000,0.000000,0.000000,0,0
40,72,0.700000,0.200000,0,0,0.000000,0,0.000000,0.000000,0.000000,0,0
40,73,0.700000,0.300000,0,0,0.000000,0,0.000000,0.000000,0.000000,0,0
40,74,0.700000,0.400000,0,0,0.000000,0,0.000000,0.000000,0.000000,0,0
40,75,0.700000,0.500000,0,0,0.000000,0,0.000000,0.000000,0.000000,0,0
40,76,0.700000,0.600000,0,0,0.000000,0,0.000000,0.000000,0.000000,0,0
40,77,0.700000,0.700000,0,0,0.000000,0,0.000000,0.000000,0.000000,0,0
40,78,0.700000,0.800000,0,0,0.000000,0,0.000000,0.000000,0.000000,0,0
40,79,0.700000,0.900000,0,0,0.000000,0,0.000000,0.000000,0.000000,0,0
40,80,0.800000,0.000000,0,0,0.000000,0,0.000000,0.000000,0.000000,0,0
40,81,0.800000,0.100000,0,0,0.000000,0,0.000000,0.000000,0.000000,0,0
40,82,0.800000,0.200000,0,0,0.000000,0,0.000000,0.000000,0.000000,0,0
40,83,0.800000,0.300000,0,0,0.000000,0,0.000000,0.000000,0.000000,0,0
40,84,0.800000,0.400000,0,0,0.000000,0,0.000000,0.000000,0.000000,0,0
40,85,0.800000,0.500000,0,0,0.000000,0,0.000000,0.000000,0.000000,0,0
40,86,0.800000,0.600000,0,0,0.000000,0,0.000000,0.000000,0.000000,0,0
40,87,0.800000,0.700000,0,0,0.000000,0,0.000000,0.000000,0.000000,0,0
40,88,0.800000,0.800000,0,0,0.000000,0,0.000000,0.000000,0.000000,0,0
40,89,0.800000,0.900000,0,0,0.000000,0,0.000000,0.000000,0.000000,0,0
40,90,0.900000,0.000000,0,0,0.000000,0,0.000000,0.000000,0.000000,0,0
40,91,0.900000,0.100000,0,0,0.000000,0,0.000000,0.000000,0.000000,0,0
40,92,0.900000,0.200000,0,0,0.000000,0,0.000000,0.000000,0.000000,0,0
40,93,0.900000,0.300000,0,0,0.000000,0,0.000000,0.000000,0.000000,0,0
40,94,0.900000,0.400000,0,0,0.000000,0,0.000000,0.000000,0.000000,0,0
40,95,0.900000,0.500000,0,0,0.000000,0,0.000000,0.000000,0.000000,0,0
40,96,0.900000,0.600000,0,0,0.000000,0,0.000000,0.000000,0.000000,0,0
40,97,0.900000,0.700000,0,0,0.000000,0,0.000000,0.000000,0.000000,0,0
40,98,0.900000,0.800000,0,0,0.000000,0,0.000000,0.000000,0.000000,0,0
40,99,0.900000,0.900000,0,53,0.000000,53,53.844483,5.384448,2899.228329,100,1
41,0,0.000000,0.000000,0,74,0.000000,74,74.414012,7.441401,5537.445255,100,1
41,1,0.000000,0.100000,0,0,0.000000,0,0.000000,0.000000,0.000000,0,0
41,2,0.000000,0.200000,0,0,0.000000,0,0.000000,0.000000,0.000000,0,0
41,3,0.000000,0.300000,0,0,0.000000,0,0.000000,0.000000,0.000000,0,0
41,4,0.000000,0.400000,0,0,0.000000,0,0.000000,0.000000,0.000000,0,0
41,5,0.000000,0.500000,0,0,0.000000,0,0.000000,0.000000,0.000000,0,0
41,6,0.000000,0.600000,0,0,0.000000,0,0.000000,0.000000,0.000000,0,0
41,7,0.000000,0.700000,0,0,0.000000,0,0.000000,0.000000,0.000000,0,0
41,8,0.000000,0.800000,0,0,0.000000,0,0.000000,0.000000,0.000000,0,0
41,9,0.000000,0.900000,0,74,0.000000,74,74.412038,7.441204,5537.151419,100,1
41,10,0.100000,0.000000,0,0,0.000000,0,0.000000,0.000000,0.000000,0,0
41,11,0.100000,0.100000,0,0,0.000000,0,0.000000,0.000000,0.000000,0,0
41,12,0.100000,0.200000,0,0,0.000000,0,0.000000,0.000000,0.000000,0,0
41,13,0.100000,0.300000,0,0,0.000000,0,0.000000,0.000000,0.000000,0,0
41,14,0.100000,0.400000,0,0,0.000000,0,0.000000,0.000000,0.000000,0,0
41,15,0.100000,0.500000,0,0,0.000000,0,0.000000,0.000000,0.000000,0,0
41,16,0.100000,0.600000,0,0,0.000000,0,0.000000,0.000000,0.000000,0,0
41,17,0.100000,0.700000,0,0,0.000000,0,0.000000,0.000000,0.000000,0,0
41,18,0.100000,0.800000,0,0,0.000000,0,0.000000,0.000000,0.000000,0,0
41,19,0.100000,0.900000,0,0,0.000000,0,0.000000,0.000000,0.000000,0,0
41,20,0.200000,0.000000,0,0,0.000000,0,0.000000,0.000000,0.000000,0,0
41,21,0.200000,0.100000,0,0,0.000000,0,0.000000,0.000000,0.000000,0,0
41,22,0.200000,0.200000,0,0,0.000000,0,0.000000,0.000000,0.000000,0,0
41,23,0.200000,0.300000,0,0,0.000000,0,0.000000,0.000000,0.000000,0,0
41,24,0.200000,0.400000,0,0,0.000000,0,0.000000,0.000000,0.000000,0,0
41,25,0.200000,0.500000,0,0,0.000000,0,0.000000,0.000000,0.000000,0,0
41,26,0.200000,0.600000,0,0,0.000000,0,0.000000,0.000000,0.000000,0,0
41,27,0.200000,0.700000,0,0,0.000000,0,0.000000,0.000000,0.000000,0,0
41,28,0.200000,0.800000,0,0,0.000000,0,0.000000,0.000000,0.000000,0,0
41,29,0.200000,0.900000,0,0,0.000000,0,0.000000,0.000000,0.000000,0,0
41,30,0.300000,0.000000,0,0,0.000000,0,0.000000,0.000000,0.000000,0,0
41,31,0.300000,0.100000,0,0,0.000000,0,0.000000,0.000000,0.000000,0,0
41,32,0.300000,0.200000,0,0,0.000000,0,0.000000,0.000000,0.000000,0,0
41,33,0.300000,0.300000,0,0,0.000000,0,0.000000,0.000000,0.000000,0,0
41,34,0.300000,0.400000,0,0,0.000000,0,0.000000,0.000000,0.000000,0,0
41,35,0.300000,0.500000,0,0,0.000000,0,0.000000,0.000000,0.000000,0,0
41,36,0.300000,0.600000,0,0,0.000000,0,0.000000,0.000000,0.000000,0,0
41,37,0.300000,0.700000,0,0,0.000000,0,0.000000,0.000000,0.000000,0,0
41,38,0.300000,0.800000,0,0,0.000000,0,0.000000,0.000000,0.000000,0,0
41,39,0.300000,0.900000,0,0,0.000000,0,0.000000,0.000000,0.000000,0,0
41,40,0.400000,0.000000,0,0,0.000000,0,0.000000,0.000000,0.000000,100,45
41,41,0.400000,0.100000,0,0,0.000000,0,0.000000,0.000000,0.000000,0,0
41,42,0.400000,0.200000,0,0,0.000000,0,0.000000,0.000000,0.000000,0,0
41,43,0.400000,0.300000,0,0,0.000000,0,0.000000,0.000000,0.000000,0,0
41,44,0.400000,0.400000,0,0,0.000000,0,0.000000,0.000000,0.000000,0,0
41,45,0.400000,0.500000,0,0,0.000000,0,0.000000,0.000000,0.000000,0,0
41,46,0.400000,0.600000,0,0,0.000000,0,0.000000,0.000000,0.000000,0,0
41,47,0.400000,0.700000,0,0,0.000000,0,0.000000,0.000000,0.000000,0,0
41,48,0.400000,0.800000,0,0,0.000000,0,0.000000,0.000000,0.000000,0,0
41,49,0.400000,0.900000,0,0,0.000000,0,0.000000,0.000000,0.000000,100,71
41,50,0.500000,0.000000,0,0,0.000000,0,0.000000,0.000000,0.000000,0,0
41,51,0.500000,0.100000,0,0,0.000000,0,0.000000,0.000000,0.000000,0,0
41,52,0.500000,0.200000,0,0,0.000000,0,0.000000,0.000000,0.000000,0,0
41,53,0.500000,0.300000,0,0,0.000000,0,0.000000,0.000000,0.000000,0,0
41,54,0.500000,0.400000,0,0,0.000000,0,0.000000,0.000000,0.000000,0,0
41,55,0.500000,0.500000,0,0,0.000000,0,0.000000,0.000000,0.000000,0,0
41,56,0.500000,0.600000,0,0,0.000000,0,0.000000,0.000000,0.000000,0,0
41,57,0.500000,0.700000,0,0,0.000000,0,0.000000,0.000000,0.000000,0,0
41,58,0.500000,0.800000,0,0,0.000000,0,0.000000,0.000000,0.000000,0,0
41,59,0.500000,0.900000,0,0,0.000000,0,0.000000,0.000000,0.000000,0,0
41,60,0.600000,0.000000,0,0,0.000000,0,0.000000,0.000000,0.000000,0,0
41,61,0.600000,0.100000,0,0,0.000000,0,0.000000,0.000000,0.000000,0,0
41,62,0.600000,0.200000,0,0,0.000000,0,0.000000,0.000000,0.000000,0,0
41,63,0.600000,0.300000,0,0,0.000000,0,0.000000,0.000000,0.000000,0,0
41,64,0.600000,0.400000,0,0,0.000000,0,0.000000,0.000000,0.000000,0,0
41,65,0.600000,0.500000,0,0,0.000000,0,0.000000,0.000000,0.000000,0,0
41,66,0.600000,0.600000,0,0,0.000000,0,0.000000,0.000000,0.000000,0,0
41,67,0.600000,0.700000,0,0,0.000000,0,0.000000,0.000000,0.000000,0,0
41,68,0.600000,0.800000,0,0,0.000000,0,0.000000,0.000000,0.000000,0,0
41,69,0.600000,0.900000,0,0,0.000000,0,0.000000,0.000000,0.000000,0,0
41,70,0.700000,0.000000,0,0,0.000000,0,0.000000,0.000000,0.000000,0,0
41,71,0.700000,0.100000,0,0,0.000000,0,0.000000,0.000000,0.000000,0,0
41,72,0.700000,0.200000,0,0,0.000000,0,0.000000,0.000000,0.000000,0,0
41,73,0.700000,0.300000,0,0,0.000000,0,0.000000,0.000000,0.000000,0,0
41,74,0.700000,0.400000,0,0,0.000000,0,0.000000,0.000000,0.000000,0,0
41,75,0.700000,0.500000,0,0,0.000000,0,0.000000,0.000000,0.000000,0,0
41,76,0.700000,0.600000,0,0,0.000000,0,0.000000,0.000000,0.000000,0,0
41,77,0.700000,0.700000,0,0,0.000000,0,0.000000,0.000000,0.000000,0,0
41,78,0.700000,0.800000,0,0,0.000000,0,0.000000,0.000000,0.000000,0,0
41,79,0.700000,0.900000,0,0,0.000000,0,0.000000,0.000000,0.000000,0,0
41,80,0.800000,0.000000,0,0,0.000000,0,0.000000,0.000000,0.000000,0,0
41,81,0.800000,0.100000,0,0,0.000000,0,0.000000,0.000000,0.000000,0,0
41,82,0.800000,0.200000,0,0,0.000000,0,0.000000,0.000000,0.000000,0,0
41,83,0.800000,0.300000,0,0,0.000000,0,0.000000,0.000000,0.000000,0,0
41,84,0.800000,0.400000,0,0,0.000000,0,0.000000,0.000000,0.000000,0,0
41,85,0.800000,0.500000,0,0,0.000000,0,0.000000,0.000000,0.000000,0,0
41,86,0.800000,0.600000,0,0,0.000000,0,0.000000,0.000000,0.000000,0,0
41,87,0.800000,0.700000,0,0,0.000000,0,0.000000,0.000000,0.000000,0,0
41,88,0.800000,0.800000,0,0,0.000000,0,0.000000,0.000000,0.000000,0,0
41,89,0.800000,0.900000,0,0,0.000000,0,0.000000,0.000000,0.000000,0,0
41,90,0.900000,0.000000,0,0,0.000000,0,0.000000,0.000000,0.000000,0,0
41,91,0.900000,0.100000,0,0,0.000000,0,0.000000,0.000000,0.000000,0,0
41,92,0.900000,0.200000,0,0,0.000000,0,0.000000,0.000000,0.000000,0,0
41,93,0.900000,0.300000,0,0,0.000000,0,0.000000,0.000000,0.000000,0,0
41,94,0.900000,0.400000,0,0,0.000000,0,0.000000,0.000000,0.000000,0,0
41,95,0.900000,0.500000,0,0,0.000000,0,0.000000,0.000000,0.000000,0,0
41,96,0.900000,0.600000,0,0,0.000000,0,0.000000,0.000000,0.000000,0,0
41,97,0.900000,0.700000,0,0,0.000000,0,0.000000,0.000000,0.000000,0,0
41,98,0.900000,0.800000,0,0,0.000000,0,0.000000,0.000000,0.000000,0,0
41,99,0.900000,0.900000,0,53,0.000000,53,53.844483,5.384448,2899.228329,100,1
42,0,0.000000,0.000000,0,74,0.000000,74,74.414012,7.441401,5537.445255,100,1
42,1,0.000000,0.100000,0,0,0.000000,0,0.000000,0.000000,0.000000,0,0
42,2,0.000000,0.200000,0,0,0.000000,0,0.000000,0.000000,0.000000,0,0
42,3,0.000000,0.300000,0,0,0.000000,0,0.000000,0.000000,0.000000,0,0
42,4,0.000000,0.400000,0,0,0.000000,0,0.000000,0.000000,0.000000,0,0
42,5,0.000000,0.500000,0,0,0.000000,0,0.000000,0.000000,0.000000,0,0
42,6,0.000000,0.600000,0,0,0.000000,0,0.000000,0.000000,0.000000,0,0
42,7,0.000000,0.700000,0,0,0.000000,0,0.000000,0.000000,0.000000,0,0
42,8,0.000000,0.800000,0,0,0.000000,0,0.000000,0.000000,0.000000,0,0
42,9,0.000000,0.900000,0,74,0.000000,74,74.412038,7.441204,5537.151419,100,1
42,10,0.100000,0.000000,0,0,0.000000,0,0.000000,0.000000,0.000000,0,0
42,11,0.100000,0.100000,0,0,0.000000,0,0.000000,0.000000,0.000000,0,0
42,12,0.100000,0.200000,0,0,0.000000,0,0.000000,0.000000,0.000000,0,0
42,13,0.100000,0.300000,0,0,0.000000,0,0.000000,0.000000,0.000000,0,0
42,14,0.100000,0.400000,0,0,0.000000,0,0.000000,0.000000,0.000000,0,0
42,15,0.100000,0.500000,0,0,0.000000,0,0.000000,0.000000,0.000000,0,0
42,16,0.100000,0.600000,0,0,0.000000,0,0.000000,0.000000,0.000000,0,0
42,17,0.100000,0.700000,0,0,0.000000,0,0.000000,0.000000,0.000000,0,0
42,18,0.100000,0.800000,0,0,0.000000,0,0.000000,0.000000,0.000000,0,0
42,19,0.100000,0.900000,0,0,0.000000,0,0.000000,0.000000,0.000000,0,0
42,20,0.200000,0.000000,0,0,0.000000,0,0.000000,0.000000,0.000000,0,0
42,21,0.200000,0.100000,0,0,0.000000,0,0.000000,0.000000,0.000000,0,0
42,22,0.200000,0.200000,0,0,0.000000,0,0.000000,0.000000,0.000000,0,0
42,23,0.200000,0.300000,0,0,0.000000,0,0.000000,0.000000,0.000000,0,0
42,24,0.200000,0.400000,0,0,0.000000,0,0.000000,0.000000,0.000000,0,0
42,25,0.200000,0.500000,0,0,0.000000,0,0.000000,0.000000,0.000000,0,0
42,26,0.200000,0.600000,0,0,0.000000,0,0.000000,0.000000,0.000000,0,0
42,27,0.200000,0.700000,0,0,0.000000,0,0.000000,0.000000,0.000000,0,0
42,28,0.200000,0.800000,0,0,0.000000,0,0.000000,0.000000,0.000000,0,0
42,29,0.200000,0.900000,0,0,0.000000,0,0.000000,0.000000,0.000000,0,0
42,30,0.300000,0.000000,0,0,0.000000,0,0.000000,0.000000,0.000000,0,0
42,31,0.300000,0.100000,0,0,0.000000,0,0.000000,0.000000,0.000000,0,0
42,32,0.300000,0.200000,0,0,0.000000,0,0.000000,0.000000,0.000000,0,0
42,33,0.300000,0.300000,0,0,0.000000,0,0.000000,0.000000,0.000000,0,0
42,34,0.300000,0.400000,0,0,0.000000,0,0.000000,0.000000,0.000000,0,0
42,35,0.300000,0.500000,0,0,0.000000,0,0.000000,0.000000,0.000000,0,0
42,36,0.300000,0.600000,0,0,0.000000,0,0.000000,0.000000,0.000000,0,0
42,37,0.300000,0.700000,0,0,0.000000,0,0.000000,0.000000,0.000000,0,0
42,38,0.300000,0.800000,0,0,0.000000,0,0.000000,0.000000,0.000000,0,0
42,39,0.300000,0.900000,0,0,0.000000,0,0.000000,0.000000,0.000000,0,0
42,40,0.400000,0.000000,0,0,0.000000,0,0.000000,0.000000,0.000000,100,45
42,41,0.400000,0.100000,0,0,0.000000,0,0.000000,0.000000,0.000000,0,0
42,42,0.400000,0.200000,0,0,0.000000,0,0.000000,0.000000,0.000000,0,0
42,43,0.400000,0.300000,0,0,0.000000,0,0.000000,0.000000,0.000000,0,0
42,44,0.400000,0.400000,0,0,0.000000,0,0.000000,0.000000,0.000000,0,0
42,45,0.400000,0.500000,0,0,0.000000,0,0.000000,0.000000,0.000000,0,0
42,46,0.400000,0.600000,0,0,0.000000,0,0.000000,0.000000,0.000000,0,0
42,47,0.400000,0.700000,0,0,0.000000,0,0.000000,0.000000,0.000000,0,0
42,48,0.400000,0.800000,0,0,0.000000,0,0.000000,0.000000,0.000000,0,0
42,49,0.400000,0.900000,0,0,0.000000,0,0.000000,0.000000,0.000000,100,71
42,50,0.500000,0.000000,0,0,0.000000,0,0.000000,0.000000,0.000000,0,0
42,51,0.500000,0.100000,0,0,0.000000,0,0.000000,0.000000,0.000000,0,0
42,52,0.500000,0.200000,0,0,0.000000,0,0.000000,0.000000,0.000000,0,0
42,53,0.500000,0.300000,0,0,0.000000,0,0.000000,0.000000,0.000000,0,0
42,54,0.500000,0.400000,0,0,0.000000,0,0.000000,0.000000,0.000000,0,0
42,55,0.500000,0.500000,0,0,0.000000,0,0.000000,0.000000,0.000000,0,0
42,56,0.500000,0.600000,0,0,0.000000,0,0.000000,0.000000,0.000000,0,0
42,57,0.500000,0.700000,0,0,0.000000,0,0.000000,0.000000,0.000000,0,0
42,58,0.500000,0.800000,0,0,0.000000,0,0.000000,0.000000,0.000000,0,0
42,59,0.500000,0.900000,0,0,0.000000,0,0.000000,0.000000,0.000000,0,0
42,60,0.600000,0.000000,0,0,0.000000,0,0.000000,0.000000,0.000000,0,0
42,61,0.600000,0.100000,0,0,0.000000,0,0.000000,0.000000,0.000000,0,0
42,62,0.600000,0.200000,0,0,0.000000,0,0.000000,0.000000,0.000000,0,0
42,63,0.600000,0.300000,0,0,0.000000,0,0.000000,0.000000,0.000000,0,0
42,64,0.600000,0.400000,0,0,0.000000,0,0.000000,0.000000,0.000000,0,0
42,65,0.600000,0.500000,0,0,0.000000,0,0.000000,0.000000,0.000000,0,0
42,66,0.600000,0.600000,0,0,0.000000,0,0.000000,0.000000,0.000000,0,0
42,67,0.600000,0.700000,0,0,0.000000,0,0.000000,0.000000,0.000000,0,0
42,68,0.600000,0.800000,0,0,0.000000,0,0.000000,0.000000,0.000000,0,0
42,69,0.600000,0.900000,0,0,0.000000,0,0.000000,0.000000,0.000000,0,0
42,70,0.700000,0.000000,0,0,0.000000,0,0.000000,0.000000,0.000000,0,0
42,71,0.700000,0.100000,0,0,0.000000,0,0.000000,0.000000,0.000000,0,0
42,72,0.700000,0.200000,0,0,0.000000,0,0.000000,0.000000,0.000000,0,0
42,73,0.700000,0.300000,0,0,0.000000,0,0.000000,0.000000,0.000000,0,0
42,74,0.700000,0.400000,0,0,0.000000,0,0.000000,0.000000,0.000000,0,0
42,75,0.700000,0.500000,0,0,0.000000,0,0.000000,0.000000,0.000000,0,0
42,76,0.700000,0.600000,0,0,0.000000,0,0.000000,0.000000,0.000000,0,0
42,77,0.700000,0.700000,0,0,0.000000,0,0.000000,0.000000,0.000000,0,0
42,78,0.700000,0.800000,0,0,0.000000,0,0.000000,0.000000,0.000000,0,0
42,79,0.700000,0.900000,0,0,0.000000,0,0.000000,0.000000,0.000000,0,0
42,80,0.800000,0.000000,0,0,0.000000,0,0.000000,0.000000,0.000000,0,0
42,81,0.800000,0.100000,0,0,0.000000,0,0.000000,0.000000,0.000000,0,0
42,82,0.800000,0.200000,0,0,0.000000,0,0.000000,0.000000,0.000000,0,0
42,83,0.800000,0.300000,0,0,0.000000,0,0.000000,0.000000,0.000000,0,0
42,84,0.800000,0.400000,0,0,0.000000,0,0.000000,0.000000,0.000000,0,0
42,85,0.800000,0.500000,0,0,0.000000,0,0.000000,0.000000,0.000000,0,0
42,86,0.800000,0.600000,0,0,0.000000,0,0.000000,0.000000,0.000000,0,0
42,87,0.800000,0.700000,0,0,0.000000,0,0.000000,0.000000,0.000000,0,0
42,88,0.800000,0.800000,0,0,0.000000,0,0.000000,0.000000,0.000000,0,0
42,89,0.800000,0.900000,0,0,0.000000,0,0.000000,0.000000,0.000000,0,0
42,90,0.900000,0.000000,0,0,0.000000,0,0.000000,0.000000,0.000000,0,0
42,91,0.900000,0.100000,0,0,0.000000,0,0.000000,0.000000,0.000000,0,0
42,92,0.900000,0.200000,0,0,0.000000,0,0.000000,0.000000,0.000000,0,0
42,93,0.900000,0.300000,0,0,0.000000,0,0.000000,0.000000,0.000000,0,0
42,94,0.900000,0.400000,0,0,0.000000,0,0.000000,0.000000,0.000000,0,0
42,95,0.900000,0.500000,0,0,0.000000,0,0.000000,0.000000,0.000000,0,0
42,96,0.900000,0.600000,0,0,0.000000,0,0.000000,0.000000,0.000000,0,0
42,97,0.900000,0.700000,0,0,0.000000,0,0.000000,0.000000,0.000000,0,0
42,98,0.900000,0.800000,0,0,0.000000,0,0.000000,0.000000,0.000000,0,0
42,99,0.900000,0.900000,0,53,0.000000,53,53.844483,5.384448,2899.228329,100,1
43,0,0.000000,0.000000,0,74,0.000000,74,74.414012,7.441401,5537.445255,100,1
43,1,0.000000,0.100000,0,0,0.000000,0,0.000000,0.000000,0.000000,0,0
43,2,0.000000,0.200000,0,0,0.000000,0,0.000000,0.000000,0.000000,0,0
43,3,0.000000,0.300000,0,0,0.000000,0,0.000000,0.000000,0.000000,0,0
43,4,0.000000,0.400000,0,0,0.000000,0,0.000000,0.000000,0.000000,0,0
43,5,0.000000,0.500000,0,0,0.000000,0,0.000000,0.000000,0.000000,0,0
43,6,0.000000,0.600000,0,0,0.000000,0,0.000000,0.000000,0.000000,0,0
43,7,0.000000,0.700000,0,0,0.000000,0,0.000000,0.000000,0.000000,0,0
43,8,0.000000,0.800000,0,0,0.000000,0,0.000000,0.000000,0.000000,0,0
43,9,0.000000,0.900000,0,74,0.000000,74,74.412038,7.441204,5537.151419,100,1
43,10,0.100000,0.000000,0,0,0.000000,0,0.000000,0.000000,0.000000,0,0
43,11,0.100000,0.100000,0,0,0.000000,0,0.000000,0.000000,0.000000,0,0
43,12,0.100000,0.200000,0,0,0.000000,0,0.000000,0.000000,0.000000,0,0
43,13,0.100000,0.300000,0,0,0.000000,0,0.000000,0.000000,0.000000,0,0
43,14,0.100000,0.400000,0,0,0.000000,0,0.000000,0.000000,0.000000,0,0
43,15,0.100000,0.500000,0,0,0.000000,0,0.000000,0.000000,0.000000,0,0
43,16,0.100000,0.600000,0,0,0.000000,0,0.000000,0.000000,0.000000,0,0
43,17,0.100000,0.700000,0,0,0.000000,0,0.000000,0.000000,0.000000,0,0
43,18,0.100000,0.800000,0,0,0.000000,0,0.000000,0.000000,0.000000,0,0
43,19,0.100000,0.900000,0,0,0.000000,0,0.000000,0.000000,0.000000,0,0
43,20,0.200000,0.000000,0,0,0.000000,0,0.000000,0.000000,0.000000,0,0
43,21,0.200000,0.100000,0,0,0.000000,0,0.000000,0.000000,0.000000,0,0
43,22,0.200000,0.200000,0,0,0.000000,0,0.000000,0.000000,0.000000,0,0
43,23,0.200000,0.300000,0,0,0.000000,0,0.000000,0.000000,0.000000,0,0
43,24,0.200000,0.400000,0,0,0.000000,0,0.000000,0.000000,0.000000,0,0
43,25,0.200000,0.500000,0,0,0.000000,0,0.000000,0.000000,0.000000,0,0
43,26,0.200000,0.600000,0,0,0.000000,0,0.000000,0.000000,0.000000,0,0
43,27,0.200000,0.700000,0,0,0.000000,0,0.000000,0.000000,0.000000,0,0
43,28,0.200000,0.800000,0,0,0.000000,0,0.000000,0.000000,0.000000,0,0
43,29,0.200000,0.900000,0,0,0.000000,0,0.000000,0.000000,0.000000,0,0
43,30,0.300000,0.000000,0,0,0.000000,0,0.000000,0.000000,0.000000,0,0
43,31,0.300000,0.100000,0,0,0.000000,0,0.000000,0.000000,0.000000,0,0
43,32,0.300000,0.200000,0,0,0.000000,0,0.000000,0.000000,0.000000,0,0
43,33,0.300000,0.300000,0,0,0.000000,0,0.000000,0.000000,0.000000,0,0
43,34,0.300000,0.400000,0,0,0.000000,0,0.000000,0.000000,0.000000,0,0
43,35,0.300000,0.500000,0,0,0.000000,0,0.000000,0.000000,0.000000,0,0
43,36,0.300000,0.600000,0,0,0.000000,0,0.000000,0.000000,0.000000,0,0
43,37,0.300000,0.700000,0,0,0.000000,0,0.000000,0.000000,0.000000,0,0
43,38,0.300000,0.800000,0,0,0.000000,0,0.000000,0.000000,0.000000,0,0
43,39,0.300000,0.900000,0,0,0.000000,0,0.000000,0.000000,0.000000,0,0
43,40,0.400000,0.000000,0,0,0.000000,0,0.000000,0.000000,0.000000,100,45
43,41,0.400000,0.100000,0,0,0.000000,0,0.000000,0.000000,0.000000,0,0
43,42,0.400000,0.200000,0,0,0.000000,0,0.000000,0.000000,0.000000,0,0
43,43,0.400000,0.300000,0,0,0.000000,0,0.000000,0.000000,0.000000,0,0
43,44,0.400000,0.400000,0,0,0.000000,0,0.000000,0.000000,0.000000,0,0
43,45,0.400000,0.500000,0,0,0.000000,0,0.000000,0.000000,0.000000,0,0
43,46,0.400000,0.600000,0,0,0.000000,0,0.000000,0.000000,0.000000,0,0
43,47,0.400000,0.700000,0,0,0.000000,0,0.000000,0.000000,0.000000,0,0
43,48,0.400000,0.800000,0,0,0.000000,0,0.000000,0.000000,0.000000,0,0
43,49,0.400000,0.900000,0,0,0.000000,0,0.000000,0.000000,0.000000,100,71
43,50,0.500000,0.000000,0,0,0.000000,0,0.000000,0.000000,0.000000,0,0
43,51,0.500000,0.100000,0,0,0.000000,0,0.000000,0.000000,0.000000,0,0
43,52,0.500000,0.200000,0,0,0.000000,0,0.000000,0.000000,0.000000,0,0
43,53,0.500000,0.300000,0,0,0.000000,0,0.000000,0.000000,0.000000,0,0
43,54,0.500000,0.400000,0,0,0.000000,0,0.000000,0.000000,0.000000,0,0
43,55,0.500000,0.500000,0,0,0.000000,0,0.000000,0.000000,0.000000,0,0
43,56,0.500000,0.600000,0,0,0.000000,0,0.000000,0.000000,0.000000,0,0
43,57,0.500000,0.700000,0,0,0.000000,0,0.000000,0.000000,0.000000,0,0
43,58,0.500000,0.800000,0,0,0.000000,0,0.000000,0.000000,0.000000,0,0
43,59,0.500000,0.900000,0,0,0.000000,0,0.000000,0.000000,0.000000,0,0
43,60,0.600000,0.000000,0,0,0.000000,0,0.000000,0.000000,0.000000,0,0
43,61,0.600000,0.100000,0,0,0.000000,0,0.000000,0.000000,0.000000,0,0
43,62,0.600000,0.200000,0,0,0.000000,0,0.000000,0.000000,0.000000,0,0
43,63,0.600000,0.300000,0,0,0.000000,0,0.000000,0.000000,0.000000,0,0
43,64,0.600000,0.400000,0,0,0.000000,0,0.000000,0.000000,0.000000,0,0
43,65,0.600000,0.500000,0,0,0.000000,0,0.000000,0.000000,0.000000,0,0
43,66,0.600000,0.600000,0,0,0.000000,0,0.000000,0.000000,0.000000,0,0
43,67,0.600000,0.700000,0,0,0.000000,0,0.000000,0.000000,0.000000,0,0
43,68,0.600000,0.800000,0,0,0.000000,0,0.000000,0.000000,0.000000,0,0
43,69,0.600000,0.900000,0,0,0.000000,0,0.000000,0.000000,0.000000,0,0
43,70,0.700000,0.000000,0,0,0.000000,0,0.000000,0.000000,0.000000,0,0
43,71,0.700000,0.100000,0,0,0.000000,0,0.000000,0.000000,0.000000,0,0
43,72,0.700000,0.200000,0,0,0.000000,0,0.000000,0.000000,0.000000,0,0
43,73,0.700000,0.300000,0,0,0.000000,0,0.000000,0.000000,0.000000,0,0
43,74,0.700000,0.400000,0,0,0.000000,0,0.000000,0.000000,0.000000,0,0
43,75,0.700000,0.500000,0,0,0.000000,0,0.000000,0.000000,0.000000,0,0
43,76,0.700000,0.600000,0,0,0.000000,0,0.000000,0.000000,0.000000,0,0
43,77,0.700000,0.700000,0,0,0.000000,0,0.000000,0.000000,0.000000,0,0
43,78,0.700000,0.800000,0,0,0.000000,0,0.000000,0.000000,0.000000,0,0
43,79,0.700000,0.900000,0,0,0.000000,0,0.000000,0.000000,0.000000,0,0
43,80,0.800000,0.000000,0,0,0.000000,0,0.000000,0.000000,0.000000,0,0
43,81,0.800000,0.100000,0,0,0.000000,0,0.000000,0.000000,0.000000,0,0
43,82,0.800000,0.200000,0,0,0.000000,0,0.000000,0.000000,0.000000,0,0
43,83,0.800000,0.300000,0,0,0.000000,0,0.000000,0.000000,0.000000,0,0
43,84,0.800000,0.400000,0,0,0.000000,0,0.000000,0.000000,0.000000,0,0
43,85,0.800000,0.500000,0,0,0.000000,0,0.000000,0.000000,0.000000,0,0
43,86,0.800000,0.600000,0,0,0.000000,0,0.000000,0.000000,0.000000,0,0
43,87,0.800000,0.700000,0,0,0.000000,0,0.000000,0.000000,0.000000,0,0
43,88,0.800000,0.800000,0,0,0.000000,0,0.000000,0.000000,0.000000,0,0
43,89,0.800000,0.900000,0,0,0.000000,0,0.000000,0.000000,0.000000,0,0
43,90,0.900000,0.000000,0,0,0.000000,0,0.000000,0.000000,0.000000,0,0
43,91,0.900000,0.100000,0,0,0.000000,0,0.000000,0.000000,0.000000,0,0
43,92,0.900000,0.200000,0,0,0.000000,0,0.000000,0.000000,0.000000,0,0
43,93,0.900000,0.300000,0,0,0.000000,0,0.000000,0.000000,0.000000,0,0
43,94,0.900000,0.400000,0,0,0.000000,0,0.000000,0.000000,0.000000,0,0
43,95,0.900000,0.500000,0,0,0.000000,0,0.000000,0.000000,0.000000,0,0
43,96,0.900000,0.600000,0,0,0.000000,0,0.000000,0.000000,0.000000,0,0
43,97,0.900000,0.700000,0,0,0.000000,0,0.000000,0.000000,0.000000,0,0
43,98,0.900000,0.800000,0,0,0.000000,0,0.000000,0.000000,0.000000,0,0
43,99,0.900000,0.900000,0,53,0.000000,53,53.844483,5.384448,2899.228329,100,1
44,0,0.000000,0.000000,0,74,0.000000,74,74.414012,7.441401,5537.445255,100,1
44,1,0.000000,0.100000,0,0,0.000000,0,0.000000,0.000000,0.000000,0,0
44,2,0.000000,0.200000,0,0,0.000000,0,0.000000,0.000000,0.000000,0,0
44,3,0.000000,0.300000,0,0,0.000000,0,0.000000,0.000000,0.000000,0,0
44,4,0.000000,0.400000,0,0,0.000000,0,0.000000,0.000000,0.000000,0,0
44,5,0.000000,0.500000,0,0,0.000000,0,0.000000,0.000000,0.000000,0,0
44,6,0.000000,0.600000,0,0,0.000000,0,0.000000,0.000000,0.000000,0,0
44,7,0.000000,0.700000,0,0,0.000000,0,0.000000,0.000000,0.000000,0,0
44,8,0.000000,0.800000,0,0,0.000000,0,0.000000,0.000000,0.000000,0,0
44,9,0.000000,0.900000,0,74,0.000000,74,74.412038,7.441204,5537.151419,100,1
44,10,0.100000,0.000000,0,0,0.000000,0,0.000000,0.000000,0.000000,0,0
44,11,0.100000,0.100000,0,0,0.000000,0,0.000000,0.000000,0.000000,0,0
44,12,0.100000,0.200000,0,0,0.000000,0,0.000000,0.000000,0.000000,0,0
44,13,0.100000,0.300000,0,0,0.000000,0,0.000000,0.000000,0.000000,0,0
44,14,0.100000,0.400000,0,0,0.000000,0,0.000000,0.000000,0.000000,0,0
44,15,0.100000,0.500000,0,0,0.000000,0,0.000000,0.000000,0.000000,0,0
44,16,0.100000,0.600000,0,0,0.000000,0,0.000000,0.000000,0.000000,0,0
44,17,0.100000,0.700000,0,0,0.000000,0,0.000000,0.000000,0.000000,0,0
44,18,0.100000,0.800000,0,0,0.000000,0,0.000000,0.000000,0.000000,0,0
44,19,0.100000,0.900000,0,0,0.000000,0,0.000000,0.000000,0.000000,0,0
44,20,0.200000,0.000000,0,0,0.000000,0,0.000000,0.000000,0.000000,0,0
44,21,0.200000,0.100000,0,0,0.000000,0,0.000000,0.000000,0.000000,0,0
44,22,0.200000,0.200000,0,0,0.000000,0,0.000000,0.000000,0.000000,0,0
44,23,0.200000,0.300000,0,0,0.000000,0,0.000000,0.000000,0.000000,0,0
44,24,0.200000,0.400000,0,0,0.000000,0,0.000000,0.000000,0.000000,0,0
44,25,0.200000,0.500000,0,0,0.000000,0,0.000000,0.000000,0.000000,0,0
44,26,0.200000,0.600000,0,0,0.000000,0,0.000000,0.000000,0.000000,0,0
44,27,0.200000,0.700000,0,0,0.000000,0,0.000000,0.000000,0.000000,0,0
44,28,0.200000,0.800000,0,0,0.000000,0,0.000000,0.000000,0.000000,0,0
44,29,0.200000,0.900000,0,0,0.000000,0,0.000000,0.000000,0.000000,0,0
44,30,0.300000,0.000000,0,0,0.000000,0,0.000000,0.000000,0.000000,0,0
44,31,0.300000,0.100000,0,0,0.000000,0,0.000000,0.000000,0.000000,0,0
44,32,0.300000,0.200000,0,0,0.000000,0,0.000000,0.000000,0.000000,0,0
44,33,0.300000,0.300000,0,0,0.000000,0,0.000000,0.000000,0.000000,0,0
44,34,0.300000,0.400000,0,0,0.000000,0,0.000000,0.000000,0.000000,0,0
44,35,0.300000,0.500000,0,0,0.000000,0,0.000000,0.000000,0.000000,0,0
44,36,0.300000,0.600000,0,0,0.000000,0,0.000000,0.000000,0.000000,0,0
44,37,0.300000,0.700000,0,0,0.000000,0,0.000000,0.000000,0.000000,0,0
44,38,0.300000,0.800000,0,0,0.000000,0,0.000000,0.000000,0.000000,0,0
44,39,0.300000,0.900000,0,0,0.000000,0,0.000000,0.000000,0.000000,0,0
44,40,0.400000,0.000000,0,0,0.000000,0,0.000000,0.000000,0.000000,100,45
44,41,0.400000,0.100000,0,0,0.000000,0,0.000000,0.000000,0.000000,0,0
44,42,0.400000,0.200000,0,0,0.000000,0,0.000000,0.000000,0.000000,0,0
44,43,0.400000,0.300000,0,0,0.000000,0,0.000000,0.000000,0.000000,0,0
44,44,0.400000,0.400000,0,0,0.000000,0,0.000000,0.000000,0.000000,0,0
44,45,0.400000,0.500000,0,0,0.000000,0,0.000000,0.000000,0.000000,0,0
44,46,0.400000,0.600000,0,0,0.000000,0,0.000000,0.000000,0.000000,0,0
44,47,0.400000,0.700000,0,0,0.000000,0,0.000000,0.000000,0.000000,0,0
44,48,0.400000,0.800000,0,0,0.000000,0,0.000000,0.000000,0.000000,0,0
44,49,0.400000,0.900000,0,0,0.000000,0,0.000000,0.000000,0.000000,100,71
44,50,0.500000,0.000000,0,0,0.000000,0,0.000000,0.000000,0.000000,0,0
44,51,0.500000,0.100000,0,0,0.000000,0,0.000000,0.000000,0.000000,0,0
44,52,0.500000,0.200000,0,0,0.000000,0,0.000000,0.000000,0.000000,0,0
44,53,0.500000,0.300000,0,0,0.000000,0,0.000000,0.000000,0.000000,0,0
44,54,0.500000,0.400000,0,0,0.000000,0,0.000000,0.000000,0.000000,0,0
44,55,0.500000,0.500000,0,0,0.000000,0,0.000000,0.000000,0.000000,0,0
44,56,0.500000,0.600000,0,0,0.000000,0,0.000000,0.000000,0.000000,0,0
44,57,0.500000,0.700000,0,0,0.000000,0,0.000000,0.000000,0.000000,0,0
44,58,0.500000,0.800000,0,0,0.000000,0,0.000000,0.000000,0.000000,0,0
44,59,0.500000,0.900000,0,0,0.000000,0,0.000000,0.000000,0.000000,0,0
44,60,0.600000,0.000000,0,0,0.000000,0,0.000000,0.000000,0.000000,0,0
44,61,0.600000,0.100000,0,0,0.000000,0,0.000000,0.000000,0.000000,0,0
44,62,0.600000,0.200000,0,0,0.000000,0,0.000000,0.000000,0.000000,0,0
44,63,0.600000,0.300000,0,0,0.000000,0,0.000000,0.000000,0.000000,0,0
44,64,0.600000,0.400000,0,0,0.000000,0,0.000000,0.000000,0.000000,0,0
44,65,0.600000,0.500000,0,0,0.000000,0,0.000000,0.000000,0.000000,0,0
44,66,0.600000,0.600000,0,0,0.000000,0,0.000000,0.000000,0.000000,0,0
44,67,0.600000,0.700000,0,0,0.000000,0,0.000000,0.000000,0.000000,0,0
44,68,0.600000,0.800000,0,0,0.000000,0,0.000000,0.000000,0.000000,0,0
44,69,0.600000,0.900000,0,0,0.000000,0,0.000000,0.000000,0.000000,0,0
44,70,0.700000,0.000000,0,0,0.000000,0,0.000000,0.000000,0.000000,0,0
44,71,0.700000,0.100000,0,0,0.000000,0,0.000000,0.000000,0.000000,0,0
44,72,0.700000,0.200000,0,0,0.000000,0,0.000000,0.000000,0.000000,0,0
44,73,0.700000,0.300000,0,0,0.000000,0,0.000000,0.000000,0.000000,0,0
44,74,0.700000,0.400000,0,0,0.000000,0,0.000000,0.000000,0.000000,0,0
44,75,0.700000,0.500000,0,0,0.000000,0,0.000000,0.000000,0.000000,0,0
44,76,0.700000,0.600000,0,0,0.000000,0,0.000000,0.000000,0.000000,0,0
44,77,0.700000,0.700000,0,0,0.000000,0,0.000000,0.000000,0.000000,0,0
44,78,0.700000,0.800000,0,0,0.000000,0,0.000000,0.000000,0.000000,0,0
44,79,0.700000,0.900000,0,0,0.000000,0,0.000000,0.000000,0.000000,0,0
44,80,0.800000,0.000000,0,0,0.000000,0,0.000000,0.000000,0.000000,0,0
44,81,0.800000,0.100000,0,0,0.000000,0,0.000000,0.000000,0.000000,0,0
44,82,0.800000,0.200000,0,0,0.000000,0,0.000000,0.000000,0.000000,0,0
44,83,0.800000,0.300000,0,0,0.000000,0,0.000000,0.000000,0.000000,0,0
44,84,0.800000,0.400000,0,0,0.000000,0,0.000000,0.000000,0.000000,0,0
44,85,0.800000,0.500000,0,0,0.000000,0,0.000000,0.000000,0.000000,0,0
44,86,0.800000,0.600000,0,0,0.000000,0,0.000000,0.000000,0.000000,0,0
44,87,0.800000,0.700000,0,0,0.000000,0,0.000000,0.000000,0.000000,0,0
44,88,0.800000,0.800000,0,0,0.000000,0,0.000000,0.000000,0.000000,0,0
44,89,0.800000,0.900000,0,0,0.000000,0,0.000000,0.000000,0.000000,0,0
44,90,0.900000,0.000000,0,0,0.000000,0,0.000000,0.000000,0.000000,0,0
44,91,0.900000,0.100000,0,0,0.000000,0,0.000000,0.000000,0.000000,0,0
44,92,0.900000,0.200000,0,0,0.000000,0,0.000000,0.000000,0.000000,0,0
44,93,0.900000,0.300000,0,0,0.000000,0,0.000000,0.000000,0.000000,0,0
44,94,0.900000,0.400000,0,0,0.000000,0,0.000000,0.000000,0.000000,0,0
44,95,0.900000,0.500000,0,0,0.000000,0,0.000000,0.000000,0.000000,0,0
44,96,0.900000,0.600000,0,0,0.000000,0,0.000000,0.000000,0.000000,0,0
44,97,0.900000,0.700000,0,0,0.000000,0,0.000000,0.000000,0.000000,0,0
44,98,0.900000,0.800000,0,0,0.000000,0,0.000000,0.000000,0.000000,0,0
44,99,0.900000,0.900000,0,53,0.000000,53,53.844483,5.384448,2899.228329,100,1
45,0,0.000000,0.000000,0,74,0.000000,74,74.414012,7.441401,5537.445255,100,1
45,1,0.000000,0.100000,0,0,0.000000,0,0.000000,0.000000,0.000000,0,0
45,2,0.000000,0.200000,0,0,0.000000,0,0.000000,0.000000,0.000000,0,0
45,3,0.000000,0.300000,0,0,0.000000,0,0.000000,0.000000,0.000000,0,0
45,4,0.000000,0.400000,0,0,0.000000,0,0.000000,0.000000,0.000000,0,0
45,5,0.000000,0.500000,0,0,0.000000,0,0.000000,0.000000,0.000000,0,0
45,6,0.000000,0.600000,0,0,0.000000,0,0.000000,0.000000,0.000000,0,0
45,7,0.000000,0.700000,0,0,0.000000,0,0.000000,0.000000,0.000000,0,0
45,8,0.000000,0.800000,0,0,0.000000,0,0.000000,0.000000,0.000000,0,0
45,9,0.000000,0.900000,0,74,0.000000,74,74.412038,7.441204,5537.151419,100,1
45,10,0.100000,0.000000,0,0,0.000000,0,0.000000,0.000000,0.000000,0,0
45,11,0.100000,0.100000,0,0,0.000000,0,0.000000,0.000000,0.000000,0,0
45,12,0.100000,0.200000,0,0,0.000000,0,0.000000,0.000000,0.000000,0,0
45,13,0.100000,0.300000,0,0,0.000000,0,0.000000,0.000000,0.000000,0,0
45,14,0.100000,0.400000,0,0,0.000000,0,0.000000,0.000000,0.000000,0,0
45,15,0.100000,0.500000,0,0,0.000000,0,0.000000,0.000000,0.000000,0,0
45,16,0.100000,0.600000,0,0,0.000000,0,0.000000,0.000000,0.000000,0,0
45,17,0.100000,0.700000,0,0,0.000000,0,0.000000,0.000000,0.000000,0,0
45,18,0.100000,0.800000,0,0,0.000000,0,0.000000,0.000000,0.000000,0,0
45,19,0.100000,0.900000,0,0,0.000000,0,0.000000,0.000000,0.000000,0,0
45,20,0.200000,0.000000,0,0,0.000000,0,0.000000,0.000000,0.000000,0,0
45,21,0.200000,0.100000,0,0,0.000000,0,0.000000,0.000000,0.000000,0,0
45,22,0.200000,0.200000,0,0,0.000000,0,0.000000,0.000000,0.000000,0,0
45,23,0.200000,0.300000,0,0,0.000000,0,0.000000,0.000000,0.000000,0,0
45,24,0.200000,0.400000,0,0,0.000000,0,0.000000,0.000000,0.000000,0,0
45,25,0.200000,0.500000,0,0,0.000000,0,0.000000,0.000000,0.000000,0,0
45,26,0.200000,0.600000,0,0,0.000000,0,0.000000,0.000000,0.000000,0,0
45,27,0.200000,0.700000,0,0,0.000000,0,0.000000,0.000000,0.000000,0,0
45,28,0.200000,0.800000,0,0,0.000000,0,0.000000,0.000000,0.000000,0,0
45,29,0.200000,0.900000,0,0,0.000000,0,0.000000,0.000000,0.000000,0,0
45,30,0.300000,0.000000,0,0,0.000000,0,0.000000,0.000000,0.000000,0,0
45,31,0.300000,0.100000,0,0,0.000000,0,0.000000,0.000000,0.000000,0,0
45,32,0.300000,0.200000,0,0,0.000000,0,0.000000,0.000000,0.000000,0,0
45,33,0.300000,0.300000,0,0,0.000000,0,0.000000,0.000000,0.000000,0,0
45,34,0.300000,0.400000,0,0,0.000000,0,0.000000,0.000000,0.000000,0,0
45,35,0.300000,0.500000,0,0,0.000000,0,0.000000,0.000000,0.000000,0,0
45,36,0.300000,0.600000,0,0,0.000000,0,0.000000,0.000000,0.000000,0,0
45,37,0.300000,0.700000,0,0,0.000000,0,0.000000,0.000000,0.000000,0,0
45,38,0.300000,0.800000,0,0,0.000000,0,0.000000,0.000000,0.000000,0,0
45,39,0.300000,0.900000,0,0,0.000000,0,0.000000,0.000000,0.000000,0,0
45,40,0.400000,0.000000,0,0,0.000000,0,0.000000,0.000000,0.000000,100,45
45,41,0.400000,0.100000,0,0,0.000000,0,0.000000,0.000000,0.000000,0,0
45,42,0.400000,0.200000,0,0,0.000000,0,0.000000,0.000000,0.000000,0,0
45,43,0.400000,0.300000,0,0,0.000000,0,0.000000,0.000000,0.000000,0,0
45,44,0.400000,0.400000,0,0,0.000000,0,0.000000,0.000000,0.000000,0,0
45,45,0.400000,0.500000,0,0,0.000000,0,0.000000,0.000000,0.000000,0,0
45,46,0.400000,0.600000,0,0,0.000000,0,0.000000,0.000000,0.000000,0,0
45,47,0.400000,0.700000,0,0,0.000000,0,0.000000,0.000000,0.000000,0,0
45,48,0.400000,0.800000,0,0,0.000000,0,0.000000,0.000000,0.000000,0,0
45,49,0.400000,0.900000,0,0,0.000000,0,0.000000,0.000000,0.000000,100,71
45,50,0.500000,0.000000,0,0,0.000000,0,0.000000,0.000000,0.000000,0,0
45,51,0.500000,0.100000,0,0,0.000000,0,0.000000,0.000000,0.000000,0,0
45,52,0.500000,0.200000,0,0,0.000000,0,0.000000,0.000000,0.000000,0,0
45,53,0.500000,0.300000,0,0,0.000000,0,0.000000,0.000000,0.000000,0,0
45,54,0.500000,0.400000,0,0,0.000000,0,0.000000,0.000000,0.000000,0,0
45,55,0.500000,0.500000,0,0,0.000000,0,0.000000,0.000000,0.000000,0,0
45,56,0.500000,0.600000,0,0,0.000000,0,0.000000,0.000000,0.000000,0,0
45,57,0.500000,0.700000,0,0,0.000000,0,0.000000,0.000000,0.000000,0,0
45,58,0.500000,0.800000,0,0,0.000000,0,0.000000,0.000000,0.000000,0,0
45,59,0.500000,0.900000,0,0,0.000000,0,0.000000,0.000000,0.000000,0,0
45,60,0.600000,0.000000,0,0,0.000000,0,0.000000,0.000000,0.000000,0,0
45,61,0.600000,0.100000,0,0,0.000000,0,0.000000,0.000000,0.000000,0,0
45,62,0.600000,0.200000,0,0,0.000000,0,0.000000,0.000000,0.000000,0,0
45,63,0.600000,0.300000,0,0,0.000000,0,0.000000,0.000000,0.000000,0,0
45,64,0.600000,0.400000,0,0,0.000000,0,0.000000,0.000000,0.000000,0,0
45,65,0.600000,0.500000,0,0,0.000000,0,0.000000,0.000000,0.000000,0,0
45,66,0.600000,0.600000,0,0,0.000000,0,0.000000,0.000000,0.000000,0,0
45,67,0.600000,0.700000,0,0,0.000000,0,0.000000,0.000000,0.000000,0,0
45,68,0.600000,0.800000,0,0,0.000000,0,0.000000,0.000000,0.000000,0,0
45,69,0.600000,0.900000,0,0,0.000000,0,0.000000,0.000000,0.000000,0,0
45,70,0.700000,0.000000,0,0,0.000000,0,0.000000,0.000000,0.000000,0,0
45,71,0.700000,0.100000,0,0,0.000000,0,0.000000,0.000000,0.000000,0,0
45,72,0.700000,0.200000,0,0,0.000000,0,0.000000,0.000000,0.000000,0,0
45,73,0.700000,0.300000,0,0,0.000000,0,0.000000,0.000000,0.000000,0,0
45,74,0.700000,0.400000,0,0,0.000000,0,0.000000,0.000000,0.000000,0,0
45,75,0.700000,0.500000,0,0,0.000000,0,0.000000,0.000000,0.000000,0,0
45,76,0.700000,0.600000,0,0,0.000000,0,0.000000,0.000000,0.000000,0,0
45,77,0.700000,0.700000,0,0,0.000000,0,0.000000,0.000000,0.000000,0,0
45,78,0.700000,0.800000,0,0,0.000000,0,0.000000,0.000000,0.000000,0,0
45,79,0.700000,0.900000,0,0,0.000000,0,0.000000,0.000000,0.000000,0,0
45,80,0.800000,0.000000,0,0,0.000000,0,0.000000,0.000000,0.000000,0,0
45,81,0.800000,0.100000,0,0,0.000000,0,0.000000,0.000000,0.000000,0,0
45,82,0.800000,0.200000,0,0,0.000000,0,0.000000,0.000000,0.000000,0,0
45,83,0.800000,0.300000,0,0,0.000000,0,0.000000,0.000000,0.000000,0,0
45,84,0.800000,0.400000,0,0,0.000000,0,0.000000,0.000000,0.000000,0,0
45,85,0.800000,0.500000,0,0,0.000000,0,0.000000,0.000000,0.000000,0,0
45,86,0.800000,0.600000,0,0,0.000000,0,0.000000,0.000000,0.000000,0,0
45,87,0.800000,0.700000,0,0,0.000000,0,0.000000,0.000000,0.000000,0,0
45,88,0.800000,0.800000,0,0,0.000000,0,0.000000,0.000000,0.000000,0,0
45,89,0.800000,0.900000,0,0,0.000000,0,0.000000,0.000000,0.000000,0,0
45,90,0.900000,0.000000,0,0,0.000000,0,0.000000,0.000000,0.000000,0,0
45,91,0.900000,0.100000,0,0,0.000000,0,0.000000,0.000000,0.000000,0,0
45,92,0.900000,0.200000,0,0,0.000000,0,0.000000,0.000000,0.000000,0,0
45,93,0.900000,0.300000,0,0,0.000000,0,0.000000,0.000000,0.000000,0,0
45,94,0.900000,0.400000,0,0,0.000000,0,0.000000,0.000000,0.000000,0,0
45,95,0.900000,0.500000,0,0,0.000000,0,0.000000,0.000000,0.000000,0,0
45,96,0.900000,0.600000,0,0,0.000000,0,0.000000,0.000000,0.000000,0,0
45,97,0.900000,0.700000,0,0,0.000000,0,0.000000,0.000000,0.000000,0,0
45,98,0.900000,0.800000,0,0,0.000000,0,0.000000,0.000000,0.000000,0,0
45,99,0.900000,0.900000,0,53,0.000000,53,53.844483,5.384448,2899.228329,100,1
46,0,0.000000,0.000000,0,74,0.000000,74,74.414012,7.441401,5537.445255,100,1
46,1,0.000000,0.100000,0,0,0.000000,0,0.000000,0.000000,0.000000,0,0
46,2,0.000000,0.200000,0,0,0.000000,0,0.000000,0.000000,0.000000,0,0
46,3,0.000000,0.300000,0,0,0.000000,0,0.000000,0.000000,0.000000,0,0
46,4,0.000000,0.400000,0,0,0.000000,0,0.000000,0.000000,0.000000,0,0
46,5,0.000000,0.500000,0,0,0.000000,0,0.000000,0.000000,0.000000,0,0
46,6,0.000000,0.600000,0,0,0.000000,0,0.000000,0.000000,0.000000,0,0
46,7,0.000000,0.700000,0,0,0.000000,0,0.000000,0.000000,0.000000,0,0
46,8,0.000000,0.800000,0,0,0.000000,0,0.000000,0.000000,0.000000,0,0
46,9,0.000000,0.900000,0,74,0.000000,74,74.412038,7.441204,5537.151419,100,1
46,10,0.100000,0.000000,0,0,0.000000,0,0.000000,0.000000,0.000000,0,0
46,11,0.100000,0.100000,0,0,0.000000,0,0.000000,0.000000,0.000000,0,0
46,12,0.100000,0.200000,0,0,0.000000,0,0.000000,0.000000,0.000000,0,0
46,13,0.100000,0.300000,0,0,0.000000,0,0.000000,0.000000,0.000000,0,0
46,14,0.100000,0.400000,0,0,0.000000,0,0.000000,0.000000,0.000000,0,0
46,15,0.100000,0.500000,0,0,0.000000,0,0.000000,0.000000,0.000000,0,0
46,16,0.100000,0.600000,0,0,0.000000,0,0.000000,0.000000,0.000000,0,0
46,17,0.100000,0.700000,0,0,0.000000,0,0.000000,0.000000,0.000000,0,0
46,18,0.100000,0.800000,0,0,0.000000,0,0.000000,0.000000,0.000000,0,0
46,19,0.100000,0.900000,0,0,0.000000,0,0.000000,0.000000,0.000000,0,0
46,20,0.200000,0.000000,0,0,0.000000,0,0.000000,0.000000,0.000000,0,0
46,21,0.200000,0.100000,0,0,0.000000,0,0.000000,0.000000,0.000000,0,0
46,22,0.200000,0.200000,0,0,0.000000,0,0.000000,0.000000,0.000000,0,0
46,23,0.200000,0.300000,0,0,0.000000,0,0.000000,0.000000,0.000000,0,0
46,24,0.200000,0.400000,0,0,0.000000,0,0.000000,0.000000,0.000000,0,0
46,25,0.200000,0.500000,0,0,0.000000,0,0.000000,0.000000,0.000000,0,0
46,26,0.200000,0.600000,0,0,0.000000,0,0.000000,0.000000,0.000000,0,0
46,27,0.200000,0.700000,0,0,0.000000,0,0.000000,0.000000,0.000000,0,0
46,28,0.200000,0.800000,0,0,0.000000,0,0.000000,0.000000,0.000000,0,0
46,29,0.200000,0.900000,0,0,0.000000,0,0.000000,0.000000,0.000000,0,0
46,30,0.300000,0.000000,0,0,0.000000,0,0.000000,0.000000,0.000000,0,0
46,31,0.300000,0.100000,0,0,0.000000,0,0.000000,0.000000,0.000000,0,0
46,32,0.300000,0.200000,0,0,0.000000,0,0.000000,0.000000,0.000000,0,0
46,33,0.300000,0.300000,0,0,0.000000,0,0.000000,0.000000,0.000000,0,0
46,34,0.300000,0.400000,0,0,0.000000,0,0.000000,0.000000,0.000000,0,0
46,35,0.300000,0.500000,0,0,0.000000,0,0.000000,0.000000,0.000000,0,0
46,36,0.300000,0.600000,0,0,0.000000,0,0.000000,0.000000,0.000000,0,0
46,37,0.300000,0.700000,0,0,0.000000,0,0.000000,0.000000,0.000000,0,0
46,38,0.300000,0.800000,0,0,0.000000,0,0.000000,0.000000,0.000000,0,0
46,39,0.300000,0.900000,0,0,0.000000,0,0.000000,0.000000,0.000000,0,0
46,40,0.400000,0.000000,0,0,0.000000,0,0.000000,0.000000,0.000000,100,45
46,41,0.400000,0.100000,0,0,0.000000,0,0.000000,0.000000,0.000000,0,0
46,42,0.400000,0.200000,0,0,0.000000,0,0.000000,0.000000,0.000000,0,0
46,43,0.400000,0.300000,0,0,0.000000,0,0.000000,0.000000,0.000000,0,0
46,44,0.400000,0.400000,0,0,0.000000,0,0.000000,0.000000,0.000000,0,0
46,45,0.400000,0.500000,0,0,0.000000,0,0.000000,0.000000,0.000000,0,0
46,46,0.400000,0.600000,0,0,0.000000,0,0.000000,0.000000,0.000000,0,0
46,47,0.400000,0.700000,0,0,0.000000,0,0.000000,0.000000,0.000000,0,0
46,48,0.400000,0.800000,0,0,0.000000,0,0.000000,0.000000,0.000000,0,0
46,49,0.400000,0.900000,0,0,0.000000,0,0.000000,0.000000,0.000000,100,71
46,50,0.500000,0.000000,0,0,0.000000,0,0.000000,0.000000,0.000000,0,0
46,51,0.500000,0.100000,0,0,0.000000,0,0.000000,0.000000,0.000000,0,0
46,52,0.500000,0.200000,0,0,0.000000,0,0.000000,0.000000,0.000000,0,0
46,53,0.500000,0.300000,0,0,0.000000,0,0.000000,0.000000,0.000000,0,0
46,54,0.500000,0.400000,0,0,0.000000,0,0.000000,0.000000,0.000000,0,0
46,55,0.500000,0.500000,0,0,0.000000,0,0.000000,0.000000,0.000000,0,0
46,56,0.500000,0.600000,0,0,0.000000,0,0.000000,0.000000,0.000000,0,0
46,57,0.500000,0.700000,0,0,0.000000,0,0.000000,0.000000,0.000000,0,0
46,58,0.500000,0.800000,0,0,0.000000,0,0.000000,0.000000,0.000000,0,0
46,59,0.500000,0.900000,0,0,0.000000,0,0.000000,0.000000,0.000000,0,0
46,60,0.600000,0.000000,0,0,0.000000,0,0.000000,0.000000,0.000000,0,0
46,61,0.600000,0.100000,0,0,0.000000,0,0.000000,0.000000,0.000000,0,0
46,62,0.600000,0.200000,0,0,0.000000,0,0.000000,0.000000,0.000000,0,0
46,63,0.600000,0.300000,0,0,0.000000,0,0.000000,0.000000,0.000000,0,0
46,64,0.600000,0.400000,0,0,0.000000,0,0.000000,0.000000,0.000000,0,0
46,65,0.600000,0.500000,0,0,0.000000,0,0.000000,0.000000,0.000000,0,0
46,66,0.600000,0.600000,0,0,0.000000,0,0.000000,0.000000,0.000000,0,0
46,67,0.600000,0.700000,0,0,0.000000,0,0.000000,0.000000,0.000000,0,0
46,68,0.600000,0.800000,0,0,0.000000,0,0.000000,0.000000,0.000000,0,0
46,69,0.600000,0.900000,0,0,0.000000,0,0.000000,0.000000,0.000000,0,0
46,70,0.700000,0.000000,0,0,0.000000,0,0.000000,0.000000,0.000000,0,0
46,71,0.700000,0.100000,0,0,0.000000,0,0.000000,0.000000,0.000000,0,0
46,72,0.700000,0.200000,0,0,0.000000,0,0.000000,0.000000,0.000000,0,0
46,73,0.700000,0.300000,0,0,0.000000,0,0.000000,0.000000,0.000000,0,0
46,74,0.700000,0.400000,0,0,0.000000,0,0.000000,0.000000,0.000000,0,0
46,75,0.700000,0.500000,0,0,0.000000,0,0.000000,0.000000,0.000000,0,0
46,76,0.700000,0.600000,0,0,0.000000,0,0.000000,0.000000,0.000000,0,0
46,77,0.700000,0.700000,0,0,0.000000,0,0.000000,0.000000,0.000000,0,0
46,78,0.700000,0.800000,0,0,0.000000,0,0.000000,0.000000,0.000000,0,0
46,79,0.700000,0.900000,0,0,0.000000,0,0.000000,0.000000,0.000000,0,0
46,80,0.800000,0.000000,0,0,0.000000,0,0.000000,0.000000,0.000000,0,0
46,81,0.800000,0.100000,0,0,0.000000,0,0.000000,0.000000,0.000000,0,0
46,82,0.800000,0.200000,0,0,0.000000,0,0.000000,0.000000,0.000000,0,0
46,83,0.800000,0.300000,0,0,0.000000,0,0.000000,0.000000,0.000000,0,0
46,84,0.800000,0.400000,0,0,0.000000,0,0.000000,0.000000,0.000000,0,0
46,85,0.800000,0.500000,0,0,0.000000,0,0.000000,0.000000,0.000000,0,0
46,86,0.800000,0.600000,0,0,0.000000,0,0.000000,0.000000,0.000000,0,0
46,87,0.800000,0.700000,0,0,0.000000,0,0.000000,0.000000,0.000000,0,0
46,88,0.800000,0.800000,0,0,0.000000,0,0.000000,0.000000,0.000000,0,0
46,89,0.800000,0.900000,0,0,0.000000,0,0.000000,0.000000,0.000000,0,0
46,90,0.900000,0.000000,0,0,0.000000,0,0.000000,0.000000,0.000000,0,0
46,91,0.900000,0.100000,0,0,0.000000,0,0.000000,0.000000,0.000000,0,0
46,92,0.900000,0.200000,0,0,0.000000,0,0.000000,0.000000,0.000000,0,0
46,93,0.900000,0.300000,0,0,0.000000,0,0.000000,0.000000,0.000000,0,0
46,94,0.900000,0.400000,0,0,0.000000,0,0.000000,0.000000,0.000000,0,0
46,95,0.900000,0.500000,0,0,0.000000,0,0.000000,0.000000,0.000000,0,0
46,96,0.900000,0.600000,0,0,0.000000,0,0.000000,0.000000,0.000000,0,0
46,97,0.900000,0.700000,0,0,0.000000,0,0.000000,0.000000,0.000000,0,0
46,98,0.900000,0.800000,0,0,0.000000,0,0.000000,0.000000,0.000000,0,0
46,99,0.900000,0.900000,0,53,0.000000,53,53.844483,5.384448,2899.228329,100,1
47,0,0.000000,0.000000,0,74,0.000000,74,74.414012,7.441401,5537.445255,100,1
47,1,0.000000,0.100000,0,0,0.000000,0,0.000000,0.000000,0.000000,0,0
47,2,0.000000,0.200000,0,0,0.000000,0,0.000000,0.000000,0.000000,0,0
47,3,0.000000,0.300000,0,0,0.000000,0,0.000000,0.000000,0.000000,0,0
47,4,0.000000,0.400000,0,0,0.000000,0,0.000000,0.000000,0.000000,0,0
47,5,0.000000,0.500000,0,0,0.000000,0,0.000000,0.000000,0.000000,0,0
47,6,0.000000,0.600000,0,0,0.000000,0,0.000000,0.000000,0.000000,0,0
47,7,0.000000,0.700000,0,0,0.000000,0,0.000000,0.000000,0.000000,0,0
47,8,0.000000,0.800000,0,0,0.000000,0,0.000000,0.000000,0.000000,0,0
47,9,0.000000,0.900000,0,74,0.000000,74,74.412038,7.441204,5537.151419,100,1
47,10,0.100000,0.000000,0,0,0.000000,0,0.000000,0.000000,0.000000,0,0
47,11,0.100000,0.100000,0,0,0.000000,0,0.000000,0.000000,0.000000,0,0
47,12,0.100000,0.200000,0,0,0.000000,0,0.000000,0.000000,0.000000,0,0
47,13,0.100000,0.300000,0,0,0.000000,0,0.000000,0.000000,0.000000,0,0
47,14,0.100000,0.400000,0,0,0.000000,0,0.000000,0.000000,0.000000,0,0
47,15,0.100000,0.500000,0,0,0.000000,0,0.000000,0.000000,0.000000,0,0
47,16,0.100000,0.600000,0,0,0.000000,0,0.000000,0.000000,0.000000,0,0
47,17,0.100000,0.700000,0,0,0.000000,0,0.000000,0.000000,0.000000,0,0
47,18,0.100000,0.800000,0,0,0.000000,0,0.000000,0.000000,0.000000,0,0
47,19,0.100000,0.900000,0,0,0.000000,0,0.000000,0.000000,0.000000,0,0
47,20,0.200000,0.000000,0,0,0.000000,0,0.000000,0.000000,0.000000,0,0
47,21,0.200000,0.100000,0,0,0.000000,0,0.000000,0.000000,0.000000,0,0
47,22,0.200000,0.200000,0,0,0.000000,0,0.000000,0.000000,0.000000,0,0
47,23,0.200000,0.300000,0,0,0.000000,0,0.000000,0.000000,0.000000,0,0
47,24,0.200000,0.400000,0,0,0.000000,0,0.000000,0.000000,0.000000,0,0
47,25,0.200000,0.500000,0,0,0.000000,0,0.000000,0.000000,0.000000,0,0
47,26,0.200000,0.600000,0,0,0.000000,0,0.000000,0.000000,0.000000,0,0
47,27,0.200000,0.700000,0,0,0.000000,0,0.000000,0.000000,0.000000,0,0
47,28,0.200000,0.800000,0,0,0.000000,0,0.000000,0.000000,0.000000,0,0
47,29,0.200000,0.900000,0,0,0.000000,0,0.000000,0.000000,0.000000,0,0
47,30,0.300000,0.000000,0,0,0.000000,0,0.000000,0.000000,0.000000,0,0
47,31,0.300000,0.100000,0,0,0.000000,0,0.000000,0.000000,0.000000,0,0
47,32,0.300000,0.200000,0,0,0.000000,0,0.000000,0.000000,0.000000,0,0
47,33,0.300000,0.300000,0,0,0.000000,0,0.000000,0.000000,0.000000,0,0
47,34,0.300000,0.400000,0,0,0.000000,0,0.000000,0.000000,0.000000,0,0
47,35,0.300000,0.500000,0,0,0.000000,0,0.000000,0.000000,0.000000,0,0
47,36,0.300000,0.600000,0,0,0.000000,0,0.000000,0.000000,0.000000,0,0
47,37,0.300000,0.700000,0,0,0.000000,0,0.000000,0.000000,0.000000,0,0
47,38,0.300000,0.800000,0,0,0.000000,0,0.000000,0.000000,0.000000,0,0
47,39,0.300000,0.900000,0,0,0.000000,0,0.000000,0.000000,0.000000,0,0
47,40,0.400000,0.000000,0,0,0.000000,0,0.000000,0.000000,0.000000,100,45
47,41,0.400000,0.100000,0,0,0.000000,0,0.000000,0.000000,0.000000,0,0
47,42,0.400000,0.200000,0,0,0.000000,0,0.000000,0.000000,0.000000,0,0
47,43,0.400000,0.300000,0,0,0.000000,0,0.000000,0.000000,0.000000,0,0
47,44,0.400000,0.400000,0,0,0.000000,0,0.000000,0.000000,0.000000,0,0
47,45,0.400000,0.500000,0,0,0.000000,0,0.000000,0.000000,0.000000,0,0
47,46,0.400000,0.600000,0,0,0.000000,0,0.000000,0.000000,0.000000,0,0
47,47,0.400000,0.700000,0,0,0.000000,0,0.000000,0.000000,0.000000,0,0
47,48,0.400000,0.800000,0,0,0.000000,0,0.000000,0.000000,0.000000,0,0
47,49,0.400000,0.900000,0,0,0.000000,0,0.000000,0.000000,0.000000,100,71
47,50,0.500000,0.000000,0,0,0.000000,0,0.000000,0.000000,0.000000,0,0
47,51,0.500000,0.100000,0,0,0.000000,0,0.000000,0.000000,0.000000,0,0
47,52,0.500000,0.200000,0,0,0.000000,0,0.000000,0.000000,0.000000,0,0
47,53,0.500000,0.300000,0,0,0.000000,0,0.000000,0.000000,0.000000,0,0
47,54,0.500000,0.400000,0,0,0.000000,0,0.000000,0.000000,0.000000,0,0
47,55,0.500000,0.500000,0,0,0.000000,0,0.000000,0.000000,0.000000,0,0
47,56,0.500000,0.600000,0,0,0.000000,0,0.000000,0.000000,0.000000,0,0
47,57,0.500000,0.700000,0,0,0.000000,0,0.000000,0.000000,0.000000,0,0
47,58,0.500000,0.800000,0,0,0.000000,0,0.000000,0.000000,0.000000,0,0
47,59,0.500000,0.900000,0,0,0.000000,0,0.000000,0.000000,0.000000,0,0
47,60,0.600000,0.000000,0,0,0.000000,0,0.000000,0.000000,0.000000,0,0
47,61,0.600000,0.100000,0,0,0.000000,0,0.000000,0.000000,0.000000,0,0
47,62,0.600000,0.200000,0,0,0.000000,0,0.000000,0.000000,0.000000,0,0
47,63,0.600000,0.300000,0,0,0.000000,0,0.000000,0.000000,0.000000,0,0
47,64,0.600000,0.400000,0,0,0.000000,0,0.000000,0.000000,0.000000,0,0
47,65,0.600000,0.500000,0,0,0.000000,0,0.000000,0.000000,0.000000,0,0
47,66,0.600000,0.600000,0,0,0.000000,0,0.000000,0.000000,0.000000,0,0
47,67,0.600000,0.700000,0,0,0.000000,0,0.000000,0.000000,0.000000,0,0
47,68,0.600000,0.800000,0,0,0.000000,0,0.000000,0.000000,0.000000,0,0
47,69,0.600000,0.900000,0,0,0.000000,0,0.000000,0.000000,0.000000,0,0
47,70,0.700000,0.000000,0,0,0.000000,0,0.000000,0.000000,0.000000,0,0
47,71,0.700000,0.100000,0,0,0.000000,0,0.000000,0.000000,0.000000,0,0
47,72,0.700000,0.200000,0,0,0.000000,0,0.000000,0.000000,0.000000,0,0
47,73,0.700000,0.300000,0,0,0.000000,0,0.000000,0.000000,0.000000,0,0
47,74,0.700000,0.400000,0,0,0.000000,0,0.000000,0.000000,0.000000,0,0
47,75,0.700000,0.500000,0,0,0.000000,0,0.000000,0.000000,0.000000,0,0
47,76,0.700000,0.600000,0,0,0.000000,0,0.000000,0.000000,0.000000,0,0
47,77,0.700000,0.700000,0,0,0.000000,0,0.000000,0.000000,0.000000,0,0
47,78,0.700000,0.800000,0,0,0.000000,0,0.000000,0.000000,0.000000,0,0
47,79,0.700000,0.900000,0,0,0.000000,0,0.000000,0.000000,0.000000,0,0
47,80,0.800000,0.000000,0,0,0.000000,0,0.000000,0.000000,0.000000,0,0
47,81,0.800000,0.100000,0,0,0.000000,0,0.000000,0.000000,0.000000,0,0
47,82,0.800000,0.200000,0,0,0.000000,0,0.000000,0.000000,0.000000,0,0
47,83,0.800000,0.300000,0,0,0.000000,0,0.000000,0.000000,0.000000,0,0
47,84,0.800000,0.400000,0,0,0.000000,0,0.000000,0.000000,0.000000,0,0
47,85,0.800000,0.500000,0,0,0.000000,0,0.000000,0.000000,0.000000,0,0
47,86,0.800000,0.600000,0,0,0.000000,0,0.000000,0.000000,0.000000,0,0
47,87,0.800000,0.700000,0,0,0.000000,0,0.000000,0.000000,0.000000,0,0
47,88,0.800000,0.800000,0,0,0.000000,0,0.000000,0.000000,0.000000,0,0
47,89,0.800000,0.900000,0,0,0.000000,0,0.000000,0.000000,0.000000,0,0
47,90,0.900000,0.000000,0,0,0.000000,0,0.000000,0.000000,0.000000,0,0
47,91,0.900000,0.100000,0,0,0.000000,0,0.000000,0.000000,0.000000,0,0
47,92,0.900000,0.200000,0,0,0.000000,0,0.000000,0.000000,0.000000,0,0
47,93,0.900000,0.300000,0,0,0.000000,0,0.000000,0.000000,0.000000,0,0
47,94,0.900000,0.400000,0,0,0.000000,0,0.000000,0.000000,0.000000,0,0
47,95,0.900000,0.500000,0,0,0.000000,0,0.000000,0.000000,0.000000,0,0
47,96,0.900000,0.600000,0,0,0.000000,0,0.000000,0.000000,0.000000,0,0
47,97,0.900000,0.700000,0,0,0.000000,0,0.000000,0.000000,0.000000,0,0
47,98,0.900000,0.800000,0,0,0.000000,0,0.000000,0.000000,0.000000,0,0
47,99,0.900000,0.900000,0,53,0.000000,53,53.844483,5.384448,2899.228329,100,1
48,0,0.000000,0.000000,0,74,0.000000,74,74.414012,7.441401,5537.445255,100,1
48,1,0.000000,0.100000,0,0,0.000000,0,0.000000,0.000000,0.000000,0,0
48,2,0.000000,0.200000,0,0,0.000000,0,0.000000,0.000000,0.000000,0,0
48,3,0.000000,0.300000,0,0,0.000000,0,0.000000,0.000000,0.000000,0,0
48,4,0.000000,0.400000,0,0,0.000000,0,0.000000,0.000000,0.000000,0,0
48,5,0.000000,0.500000,0,0,0.000000,0,0.000000,0.000000,0.000000,0,0
48,6,0.000000,0.600000,0,0,0.000000,0,0.000000,0.000000,0.000000,0,0
48,7,0.000000,0.700000,0,0,0.000000,0,0.000000,0.000000,0.000000,0,0
48,8,0.000000,0.800000,0,0,0.000000,0,0.000000,0.000000,0.000000,0,0
48,9,0.000000,0.900000,0,74,0.000000,74,74.412038,7.441204,5537.151419,100,1
48,10,0.100000,0.000000,0,0,0.000000,0,0.000000,0.000000,0.000000,0,0
48,11,0.100000,0.100000,0,0,0.000000,0,0.000000,0.000000,0.000000,0,0
48,12,0.100000,0.200000,0,0,0.000000,0,0.000000,0.000000,0.000000,0,0
48,13,0.100000,0.300000,0,0,0.000000,0,0.000000,0.000000,0.000000,0,0
48,14,0.100000,0.400000,0,0,0.000000,0,0.000000,0.000000,0.000000,0,0
48,15,0.100000,0.500000,0,0,0.000000,0,0.000000,0.000000,0.000000,0,0
48,16,0.100000,0.600000,0,0,0.000000,0,0.000000,0.000000,0.000000,0,0
48,17,0.100000,0.700000,0,0,0.000000,0,0.000000,0.000000,0.000000,0,0
48,18,0.100000,0.800000,0,0,0.000000,0,0.000000,0.000000,0.000000,0,0
48,19,0.100000,0.900000,0,0,0.000000,0,0.000000,0.000000,0.000000,0,0
48,20,0.200000,0.000000,0,0,0.000000,0,0.000000,0.000000,0.000000,0,0
48,21,0.200000,0.100000,0,0,0.000000,0,0.000000,0.000000,0.000000,0,0
48,22,0.200000,0.200000,0,0,0.000000,0,0.000000,0.000000,0.000000,0,0
48,23,0.200000,0.300000,0,0,0.000000,0,0.000000,0.000000,0.000000,0,0
48,24,0.200000,0.400000,0,0,0.000000,0,0.000000,0.000000,0.000000,0,0
48,25,0.200000,0.500000,0,0,0.000000,0,0.000000,0.000000,0.000000,0,0
48,26,0.200000,0.600000,0,0,0.000000,0,0.000000,0.000000,0.000000,0,0
48,27,0.200000,0.700000,0,0,0.000000,0,0.000000,0.000000,0.000000,0,0
48,28,0.200000,0.800000,0,0,0.000000,0,0.000000,0.000000,0.000000,0,0
48,29,0.200000,0.900000,0,0,0.000000,0,0.000000,0.000000,0.000000,0,0
48,30,0.300000,0.000000,0,0,0.000000,0,0.000000,0.000000,0.000000,0,0
48,31,0.300000,0.100000,0,0,0.000000,0,0.000000,0.000000,0.000000,0,0
48,32,0.300000,0.200000,0,0,0.000000,0,0.000000,0.000000,0.000000,0,0
48,33,0.300000,0.300000,0,0,0.000000,0,0.000000,0.000000,0.000000,0,0
48,34,0.300000,0.400000,0,0,0.000000,0,0.000000,0.000000,0.000000,0,0
48,35,0.300000,0.500000,0,0,0.000000,0,0.000000,0.000000,0.000000,0,0
48,36,0.300000,0.600000,0,0,0.000000,0,0.000000,0.000000,0.000000,0,0
48,37,0.300000,0.700000,0,0,0.000000,0,0.000000,0.000000,0.000000,0,0
48,38,0.300000,0.800000,0,0,0.000000,0,0.000000,0.000000,0.000000,0,0
48,39,0.300000,0.900000,0,0,0.000000,0,0.000000,0.000000,0.000000,0,0
48,40,0.400000,0.000000,0,0,0.000000,0,0.000000,0.000000,0.000000,100,45
48,41,0.400000,0.100000,0,0,0.000000,0,0.000000,0.000000,0.000000,0,0
48,42,0.400000,0.200000,0,0,0.000000,0,0.000000,0.000000,0.000000,0,0
48,43,0.400000,0.300000,0,0,0.000000,0,0.000000,0.000000,0.000000,0,0
48,44,0.400000,0.400000,0,0,0.000000,0,0.000000,0.000000,0.000000,0,0
48,45,0.400000,0.500000,0,0,0.000000,0,0.000000,0.000000,0.000000,0,0
48,46,0.400000,0.600000,0,0,0.000000,0,0.000000,0.000000,0.000000,0,0
48,47,0.400000,0.700000,0,0,0.000000,0,0.000000,0.000000,0.000000,0,0
48,48,0.400000,0.800000,0,0,0.000000,0,0.000000,0.000000,0.000000,0,0
48,49,0.400000,0.900000,0,0,0.000000,0,0.000000,0.000000,0.000000,100,71
48,50,0.500000,0.000000,0,0,0.000000,0,0.000000,0.000000,0.000000,0,0
48,51,0.500000,0.100000,0,0,0.000000,0,0.000000,0.000000,0.000000,0,0
48,52,0.500000,0.200000,0,0,0.000000,0,0.000000,0.000000,0.000000,0,0
48,53,0.500000,0.300000,0,0,0.000000,0,0.000000,0.000000,0.000000,0,0
48,54,0.500000,0.400000,0,0,0.000000,0,0.000000,0.000000,0.000000,0,0
48,55,0.500000,0.500000,0,0,0.000000,0,0.000000,0.000000,0.000000,0,0
48,56,0.500000,0.600000,0,0,0.000000,0,0.000000,0.000000,0.000000,0,0
48,57,0.500000,0.700000,0,0,0.000000,0,0.000000,0.000000,0.000000,0,0
48,58,0.500000,0.800000,0,0,0.000000,0,0.000000,0.000000,0.000000,0,0
48,59,0.500000,0.900000,0,0,0.000000,0,0.000000,0.000000,0.000000,0,0
48,60,0.600000,0.000000,0,0,0.000000,0,0.000000,0.000000,0.000000,0,0
48,61,0.600000,0.100000,0,0,0.000000,0,0.000000,0.000000,0.000000,0,0
48,62,0.600000,0.200000,0,0,0.000000,0,0.000000,0.000000,0.000000,0,0
48,63,0.600000,0.300000,0,0,0.000000,0,0.000000,0.000000,0.000000,0,0
48,64,0.600000,0.400000,0,0,0.000000,0,0.000000,0.000000,0.000000,0,0
48,65,0.600000,0.500000,0,0,0.000000,0,0.000000,0.000000,0.000000,0,0
48,66,0.600000,0.600000,0,0,0.000000,0,0.000000,0.000000,0.000000,0,0
48,67,0.600000,0.700000,0,0,0.000000,0,0.000000,0.000000,0.000000,0,0
48,68,0.600000,0.800000,0,0,0.000000,0,0.000000,0.000000,0.000000,0,0
48,69,0.600000,0.900000,0,0,0.000000,0,0.000000,0.000000,0.000000,0,0
48,70,0.700000,0.000000,0,0,0.000000,0,0.000000,0.000000,0.000000,0,0
48,71,0.700000,0.100000,0,0,0.000000,0,0.000000,0.000000,0.000000,0,0
48,72,0.700000,0.200000,0,0,0.000000,0,0.000000,0.000000,0.000000,0,0
48,73,0.700000,0.300000,0,0,0.000000,0,0.000000,0.000000,0.000000,0,0
48,74,0.700000,0.400000,0,0,0.000000,0,0.000000,0.000000,0.000000,0,0
48,75,0.700000,0.500000,0,0,0.000000,0,0.000000,0.000000,0.000000,0,0
48,76,0.700000,0.600000,0,0,0.000000,0,0.000000,0.000000,0.000000,0,0
48,77,0.700000,0.700000,0,0,0.000000,0,0.000000,0.000000,0.000000,0,0
48,78,0.700000,0.800000,0,0,0.000000,0,0.000000,0.000000,0.000000,0,0
48,79,0.700000,0.900000,0,0,0.000000,0,0.000000,0.000000,0.000000,0,0
48,80,0.800000,0.000000,0,0,0.000000,0,0.000000,0.000000,0.000000,0,0
48,81,0.800000,0.100000,0,0,0.000000,0,0.000000,0.000000,0.000000,0,0
48,82,0.800000,0.200000,0,0,0.000000,0,0.000000,0.000000,0.000000,0,0
48,83,0.800000,0.300000,0,0,0.000000,0,0.000000,0.000000,0.000000,0,0
48,84,0.800000,0.400000,0,0,0.000000,0,0.000000,0.000000,0.000000,0,0
48,85,0.800000,0.500000,0,0,0.000000,0,0.000000,0.000000,0.000000,0,0
48,86,0.800000,0.600000,0,0,0.000000,0,0.000000,0.000000,0.000000,0,0
48,87,0.800000,0.700000,0,0,0.000000,0,0.000000,0.000000,0.000000,0,0
48,88,0.800000,0.800000,0,0,0.000000,0,0.000000,0.000000,0.000000,0,0
48,89,0.800000,0.900000,0,0,0.000000,0,0.000000,0.000000,0.000000,0,0
48,90,0.900000,0.000000,0,0,0.000000,0,0.000000,0.000000,0.000000,0,0
48,91,0.900000,0.100000,0,0,0.000000,0,0.000000,0.000000,0.000000,0,0
48,92,0.900000,0.200000,0,0,0.000000,0,0.000000,0.000000,0.000000,0,0
48,93,0.900000,0.300000,0,0,0.000000,0,0.000000,0.000000,0.000000,0,0
48,94,0.900000,0.400000,0,0,0.000000,0,0.000000,0.000000,0.000000,0,0
48,95,0.900000,0.500000,0,0,0.000000,0,0.000000,0.000000,0.000000,0,0
48,96,0.900000,0.600000,0,0,0.000000,0,0.000000,0.000000,0.000000,0,0
48,97,0.900000,0.700000,0,0,0.000000,0,0.000000,0.000000,0.000000,0,0
48,98,0.900000,0.800000,0,0,0.000000,0,0.000000,0.000000,0.000000,0,0
48,99,0.900000,0.900000,0,53,0.000000,53,53.844483,5.384448,2899.228329,100,1
49,0,0.000000,0.000000,0,74,0.000000,74,74.414012,7.441401,5537.445255,100,1
49,1,0.000000,0.100000,0,0,0.000000,0,0.000000,0.000000,0.000000,0,0
49,2,0.000000,0.200000,0,0,0.000000,0,0.000000,0.000000,0.000000,0,0
49,3,0.000000,0.300000,0,0,0.000000,0,0.000000,0.000000,0.000000,0,0
49,4,0.000000,0.400000,0,0,0.000000,0,0.000000,0.000000,0.000000,0,0
49,5,0.000000,0.500000,0,0,0.000000,0,0.000000,0.000000,0.000000,0,0
49,6,0.000000,0.600000,0,0,0.000000,0,0.000000,0.000000,0.000000,0,0
49,7,0.000000,0.700000,0,0,0.000000,0,0.000000,0.000000,0.000000,0,0
49,8,0.000000,0.800000,0,0,0.000000,0,0.000000,0.000000,0.000000,0,0
49,9,0.000000,0.900000,0,74,0.000000,74,74.412038,7.441204,5537.151419,100,1
49,10,0.100000,0.000000,0,0,0.000000,0,0.000000,0.000000,0.000000,0,0
49,11,0.100000,0.100000,0,0,0.000000,0,0.000000,0.000000,0.000000,0,0
49,12,0.100000,0.200000,0,0,0.000000,0,0.000000,0.000000,0.000000,0,0
49,13,0.100000,0.300000,0,0,0.000000,0,0.000000,0.000000,0.000000,0,0
49,14,0.100000,0.400000,0,0,0.000000,0,0.000000,0.000000,0.000000,0,0
49,15,0.100000,0.500000,0,0,0.000000,0,0.000000,0.000000,0.000000,0,0
49,16,0.100000,0.600000,0,0,0.000000,0,0.000000,0.000000,0.000000,0,0
49,17,0.100000,0.700000,0,0,0.000000,0,0.000000,0.000000,0.000000,0,0
49,18,0.100000,0.800000,0,0,0.000000,0,0.000000,0.000000,0.000000,0,0
49,19,0.100000,0.900000,0,0,0.000000,0,0.000000,0.000000,0.000000,0,0
49,20,0.200000,0.000000,0,0,0.000000,0,0.000000,0.000000,0.000000,0,0
49,21,0.200000,0.100000,0,0,0.000000,0,0.000000,0.000000,0.000000,0,0
49,22,0.200000,0.200000,0,0,0.000000,0,0.000000,0.000000,0.000000,0,0
49,23,0.200000,0.300000,0,0,0.000000,0,0.000000,0.000000,0.000000,0,0
49,24,0.200000,0.400000,0,0,0.000000,0,0.000000,0.000000,0.000000,0,0
49,25,0.200000,0.500000,0,0,0.000000,0,0.000000,0.000000,0.000000,0,0
49,26,0.200000,0.600000,0,0,0.000000,0,0.000000,0.000000,0.000000,0,0
49,27,0.200000,0.700000,0,0,0.000000,0,0.000000,0.000000,0.000000,0,0
49,28,0.200000,0.800000,0,0,0.000000,0,0.000000,0.000000,0.000000,0,0
49,29,0.200000,0.900000,0,0,0.000000,0,0.000000,0.000000,0.000000,0,0
49,30,0.300000,0.000000,0,0,0.000000,0,0.000000,0.000000,0.000000,0,0
49,31,0.300000,0.100000,0,0,0.000000,0,0.000000,0.000000,0.000000,0,0
49,32,0.300000,0.200000,0,0,0.000000,0,0.000000,0.000000,0.000000,0,0
49,33,0.300000,0.300000,0,0,0.000000,0,0.000000,0.000000,0.000000,0,0
49,34,0.300000,0.400000,0,0,0.000000,0,0.000000,0.000000,0.000000,0,0
49,35,0.300000,0.500000,0,0,0.000000,0,0.000000,0.000000,0.000000,0,0
49,36,0.300000,0.600000,0,0,0.000000,0,0.000000,0.000000,0.000000,0,0
49,37,0.300000,0.700000,0,0,0.000000,0,0.000000,0.000000,0.000000,0,0
49,38,0.300000,0.800000,0,0,0.000000,0,0.000000,0.000000,0.000000,0,0
49,39,0.300000,0.900000,0,0,0.000000,0,0.000000,0.000000,0.000000,0,0
49,40,0.400000,0.000000,0,0,0.000000,0,0.000000,0.000000,0.000000,100,45
49,41,0.400000,0.100000,0,0,0.000000,0,0.000000,0.000000,0.000000,0,0
49,42,0.400000,0.200000,0,0,0.000000,0,0.000000,0.000000,0.000000,0,0
49,43,0.400000,0.300000,0,0,0.000000,0,0.000000,0.000000,0.000000,0,0
49,44,0.400000,0.400000,0,0,0.000000,0,0.000000,0.000000,0.000000,0,0
49,45,0.400000,0.500000,0,0,0.000000,0,0.000000,0.000000,0.000000,0,0
49,46,0.400000,0.600000,0,0,0.000000,0,0.000000,0.000000,0.000000,0,0
49,47,0.400000,0.700000,0,0,0.000000,0,0.000000,0.000000,0.000000,0,0
49,48,0.400000,0.800000,0,0,0.000000,0,0.000000,0.000000,0.000000,0,0
49,49,0.400000,0.900000,0,0,0.000000,0,0.000000,0.000000,0.000000,100,71
49,50,0.500000,0.000000,0,0,0.000000,0,0.000000,0.000000,0.000000,0,0
49,51,0.500000,0.100000,0,0,0.000000,0,0.000000,0.000000,0.000000,0,0
49,52,0.500000,0.200000,0,0,0.000000,0,0.000000,0.000000,0.000000,0,0
49,53,0.500000,0.300000,0,0,0.000000,0,0.000000,0.000000,0.000000,0,0
49,54,0.500000,0.400000,0,0,0.000000,0,0.000000,0.000000,0.000000,0,0
49,55,0.500000,0.500000,0,0,0.000000,0,0.000000,0.000000,0.000000,0,0
49,56,0.500000,0.600000,0,0,0.000000,0,0.000000,0.000000,0.000000,0,0
49,57,0.500000,0.700000,0,0,0.000000,0,0.000000,0.000000,0.000000,0,0
49,58,0.500000,0.800000,0,0,0.000000,0,0.000000,0.000000,0.000000,0,0
49,59,0.500000,0.900000,0,0,0.000000,0,0.000000,0.000000,0.000000,0,0
49,60,0.600000,0.000000,0,0,0.000000,0,0.000000,0.000000,0.000000,0,0
49,61,0.600000,0.100000,0,0,0.000000,0,0.000000,0.000000,0.000000,0,0
49,62,0.600000,0.200000,0,0,0.000000,0,0.000000,0.000000,0.000000,0,0
49,63,0.600000,0.300000,0,0,0.000000,0,0.000000,0.000000,0.000000,0,0
49,64,0.600000,0.400000,0,0,0.000000,0,0.000000,0.000000,0.000000,0,0
49,65,0.600000,0.500000,0,0,0.000000,0,0.000000,0.000000,0.000000,0,0
49,66,0.600000,0.600000,0,0,0.000000,0,0.000000,0.000000,0.000000,0,0
49,67,0.600000,0.700000,0,0,0.000000,0,0.000000,0.000000,0.000000,0,0
49,68,0.600000,0.800000,0,0,0.000000,0,0.000000,0.000000,0.000000,0,0
49,69,0.600000,0.900000,0,0,0.000000,0,0.000000,0.000000,0.000000,0,0
49,70,0.700000,0.000000,0,0,0.000000,0,0.000000,0.000000,0.000000,0,0
49,71,0.700000,0.100000,0,0,0.000000,0,0.000000,0.000000,0.000000,0,0
49,72,0.700000,0.200000,0,0,0.000000,0,0.000000,0.000000,0.000000,0,0
49,73,0.700000,0.300000,0,0,0.000000,0,0.000000,0.000000,0.000000,0,0
49,74,0.700000,0.400000,0,0,0.000000,0,0.000000,0.000000,0.000000,0,0
49,75,0.700000,0.500000,0,0,0.000000,0,0.000000,0.000000,0.000000,0,0
49,76,0.700000,0.600000,0,0,0.000000,0,0.000000,0.000000,0.000000,0,0
49,77,0.700000,0.700000,0,0,0.000000,0,0.000000,0.000000,0.000000,0,0
49,78,0.700000,0.800000,0,0,0.000000,0,0.000000,0.000000,0.000000,0,0
49,79,0.700000,0.900000,0,0,0.000000,0,0.000000,0.000000,0.000000,0,0
49,80,0.800000,0.000000,0,0,0.000000,0,0.000000,0.000000,0.000000,0,0
49,81,0.800000,0.100000,0,0,0.000000,0,0.000000,0.000000,0.000000,0,0
49,82,0.800000,0.200000,0,0,0.000000,0,0.000000,0.000000,0.000000,0,0
49,83,0.800000,0.300000,0,0,0.000000,0,0.000000,0.000000,0.000000,0,0
49,84,0.800000,0.400000,0,0,0.000000,0,0.000000,0.000000,0.000000,0,0
49,85,0.800000,0.500000,0,0,0.000000,0,0.000000,0.000000,0.000000,0,0
49,86,0.800000,0.600000,0,0,0.000000,0,0.000000,0.000000,0.000000,0,0
49,87,0.800000,0.700000,0,0,0.000000,0,0.000000,0.000000,0.000000,0,0
49,88,0.800000,0.800000,0,0,0.000000,0,0.000000,0.000000,0.000000,0,0
49,89,0.800000,0.900000,0,0,0.000000,0,0.000000,0.000000,0.000000,0,0
49,90,0.900000,0.000000,0,0,0.000000,0,0.000000,0.000000,0.000000,0,0
49,91,0.900000,0.100000,0,0,0.000000,0,0.000000,0.000000,0.000000,0,0
49,92,0.900000,0.200000,0,0,0.000000,0,0.000000,0.000000,0.000000,0,0
49,93,0.900000,0.300000,0,0,0.000000,0,0.000000,0.000000,0.000000,0,0
49,94,0.900000,0.400000,0,0,0.000000,0,0.000000,0.000000,0.000000,0,0
49,95,0.900000,0.500000,0,0,0.000000,0,0.000000,0.000000,0.000000,0,0
49,96,0.900000,0.600000,0,0,0.000000,0,0.000000,0.000000,0.000000,0,0
49,97,0.900000,0.700000,0,0,0.000000,0,0.000000,0.000000,0.000000,0,0
49,98,0.900000,0.800000,0,0,0.000000,0,0.000000,0.000000,0.000000,0,0
49,99,0.900000,0.900000,0,53,0.000000,53,53.844483,5.384448,2899.228329,100,1
50,0,0.000000,0.000000,0,74,0.000000,74,74.414012,7.441401,5537.445255,100,1
50,1,0.000000,0.100000,0,0,0.000000,0,0.000000,0.000000,0.000000,0,0
50,2,0.000000,0.200000,0,0,0.000000,0,0.000000,0.000000,0.000000,0,0
50,3,0.000000,0.300000,0,0,0.000000,0,0.000000,0.000000,0.000000,0,0
50,4,0.000000,0.400000,0,0,0.000000,0,0.000000,0.000000,0.000000,0,0
50,5,0.000000,0.500000,0,0,0.000000,0,0.000000,0.000000,0.000000,0,0
50,6,0.000000,0.600000,0,0,0.000000,0,0.000000,0.000000,0.000000,0,0
50,7,0.000000,0.700000,0,0,0.000000,0,0.000000,0.000000,0.000000,0,0
50,8,0.000000,0.800000,0,0,0.000000,0,0.000000,0.000000,0.000000,0,0
50,9,0.000000,0.900000,0,74,0.000000,74,74.412038,7.441204,5537.151419,100,1
50,10,0.100000,0.000000,0,0,0.000000,0,0.000000,0.000000,0.000000,0,0
50,11,0.100000,0.100000,0,0,0.000000,0,0.000000,0.000000,0.000000,0,0
50,12,0.100000,0.200000,0,0,0.000000,0,0.000000,0.000000,0.000000,0,0
50,13,0.100000,0.300000,0,0,0.000000,0,0.000000,0.000000,0.000000,0,0
50,14,0.100000,0.400000,0,0,0.000000,0,0.000000,0.000000,0.000000,0,0
50,15,0.100000,0.500000,0,0,0.000000,0,0.000000,0.000000,0.000000,0,0
50,16,0.100000,0.600000,0,0,0.000000,0,0.000000,0.000000,0.000000,0,0
50,17,0.100000,0.700000,0,0,0.000000,0,0.000000,0.000000,0.000000,0,0
50,18,0.100000,0.800000,0,0,0.000000,0,0.000000,0.000000,0.000000,0,0
50,19,0.100000,0.900000,0,0,0.000000,0,0.000000,0.000000,0.000000,0,0
50,20,0.200000,0.000000,0,0,0.000000,0,0.000000,0.000000,0.000000,0,0
50,21,0.200000,0.100000,0,0,0.000000,0,0.000000,0.000000,0.000000,0,0
50,22,0.200000,0.200000,0,0,0.000000,0,0.000000,0.000000,0.000000,0,0
50,23,0.200000,0.300000,0,0,0.000000,0,0.000000,0.000000,0.000000,0,0
50,24,0.200000,0.400000,0,0,0.000000,0,0.000000,0.000000,0.000000,0,0
50,25,0.200000,0.500000,0,0,0.000000,0,0.000000,0.000000,0.000000,0,0
50,26,0.200000,0.600000,0,0,0.000000,0,0.000000,0.000000,0.000000,0,0
50,27,0.200000,0.700000,0,0,0.000000,0,0.000000,0.000000,0.000000,0,0
50,28,0.200000,0.800000,0,0,0.000000,0,0.000000,0.000000,0.000000,0,0
50,29,0.200000,0.900000,0,0,0.000000,0,0.000000,0.000000,0.000000,0,0
50,30,0.300000,0.000000,0,0,0.000000,0,0.000000,0.000000,0.000000,0,0
50,31,0.300000,0.100000,0,0,0.000000,0,0.000000,0.000000,0.000000,0,0
50,32,0.300000,0.200000,0,0,0.000000,0,0.000000,0.000000,0.000000,0,0
50,33,0.300000,0.300000,0,0,0.000000,0,0.000000,0.000000,0.000000,0,0
50,34,0.300000,0.400000,0,0,0.000000,0,0.000000,0.000000,0.000000,0,0
50,35,0.300000,0.500000,0,0,0.000000,0,0.000000,0.000000,0.000000,0,0
50,36,0.300000,0.600000,0,0,0.000000,0,0.000000,0.000000,0.000000,0,0
50,37,0.300000,0.700000,0,0,0.000000,0,0.000000,0.000000,0.000000,0,0
50,38,0.300000,0.800000,0,0,0.000000,0,0.000000,0.000000,0.000000,0,0
50,39,0.300000,0.900000,0,0,0.000000,0,0.000000,0.000000,0.000000,0,0
50,40,0.400000,0.000000,0,0,0.000000,0,0.000000,0.000000,0.000000,100,45
50,41,0.400000,0.100000,0,0,0.000000,0,0.000000,0.000000,0.000000,0,0
50,42,0.400000,0.200000,0,0,0.000000,0,0.000000,0.000000,0.000000,0,0
50,43,0.400000,0.300000,0,0,0.000000,0,0.000000,0.000000,0.000000,0,0
50,44,0.400000,0.400000,0,0,0.000000,0,0.000000,0.000000,0.000000,0,0
50,45,0.400000,0.500000,0,0,0.000000,0,0.000000,0.000000,0.000000,0,0
50,46,0.400000,0.600000,0,0,0.000000,0,0.000000,0.000000,0.000000,0,0
50,47,0.400000,0.700000,0,0,0.000000,0,0.000000,0.000000,0.000000,0,0
50,48,0.400000,0.800000,0,0,0.000000,0,0.000000,0.000000,0.000000,0,0
50,49,0.400000,0.900000,0,0,0.000000,0,0.000000,0.000000,0.000000,100,71
50,50,0.500000,0.000000,0,0,0.000000,0,0.000000,0.000000,0.000000,0,0
50,51,0.500000,0.100000,0,0,0.000000,0,0.000000,0.000000,0.000000,0,0
50,52,0.500000,0.200000,0,0,0.000000,0,0.000000,0.000000,0.000000,0,0
50,53,0.500000,0.300000,0,0,0.000000,0,0.000000,0.000000,0.000000,0,0
50,54,0.500000,0.400000,0,0,0.000000,0,0.000000,0.000000,0.000000,0,0
50,55,0.500000,0.500000,0,0,0.000000,0,0.000000,0.000000,0.000000,0,0
50,56,0.500000,0.600000,0,0,0.000000,0,0.000000,0.000000,0.000000,0,0
50,57,0.500000,0.700000,0,0,0.000000,0,0.000000,0.000000,0.000000,0,0
50,58,0.500000,0.800000,0,0,0.000000,0,0.000000,0.000000,0.000000,0,0
50,59,0.500000,0.900000,0,0,0.000000,0,0.000000,0.000000,0.000000,0,0
50,60,0.600000,0.000000,0,0,0.000000,0,0.000000,0.000000,0.000000,0,0
50,61,0.600000,0.100000,0,0,0.000000,0,0.000000,0.000000,0.000000,0,0
50,62,0.600000,0.200000,0,0,0.000000,0,0.000000,0.000000,0.000000,0,0
50,63,0.600000,0.300000,0,0,0.000000,0,0.000000,0.000000,0.000000,0,0
50,64,0.600000,0.400000,0,0,0.000000,0,0.000000,0.000000,0.000000,0,0
50,65,0.600000,0.500000,0,0,0.000000,0,0.000000,0.000000,0.000000,0,0
50,66,0.600000,0.600000,0,0,0.000000,0,0.000000,0.000000,0.000000,0,0
50,67,0.600000,0.700000,0,0,0.000000,0,0.000000,0.000000,0.000000,0,0
50,68,0.600000,0.800000,0,0,0.000000,0,0.000000,0.000000,0.000000,0,0
50,69,0.600000,0.900000,0,0,0.000000,0,0.000000,0.000000,0.000000,0,0
50,70,0.700000,0.000000,0,0,0.000000,0,0.000000,0.000000,0.000000,0,0
50,71,0.700000,0.100000,0,0,0.000000,0,0.000000,0.000000,0.000000,0,0
50,72,0.700000,0.200000,0,0,0.000000,0,0.000000,0.000000,0.000000,0,0
50,73,0.700000,0.300000,0,0,0.000000,0,0.000000,0.000000,0.000000,0,0
50,74,0.700000,0.400000,0,0,0.000000,0,0.000000,0.000000,0.000000,0,0
50,75,0.700000,0.500000,0,0,0.000000,0,0.000000,0.000000,0.000000,0,0
50,76,0.700000,0.600000,0,0,0.000000,0,0.000000,0.000000,0.000000,0,0
50,77,0.700000,0.700000,0,0,0.000000,0,0.000000,0.000000,0.000000,0,0
50,78,0.700000,0.800000,0,0,0.000000,0,0.000000,0.000000,0.000000,0,0
50,79,0.700000,0.900000,0,0,0.000000,0,0.000000,0.000000,0.000000,0,0
50,80,0.800000,0.000000,0,0,0.000000,0,0.000000,0.000000,0.000000,0,0
50,81,0.800000,0.100000,0,0,0.000000,0,0.000000,0.000000,0.000000,0,0
50,82,0.800000,0.200000,0,0,0.000000,0,0.000000,0.000000,0.000000,0,0
50,83,0.800000,0.300000,0,0,0.000000,0,0.000000,0.000000,0.000000,0,0
50,84,0.800000,0.400000,0,0,0.000000,0,0.000000,0.000000,0.000000,0,0
50,85,0.800000,0.500000,0,0,0.000000,0,0.000000,0.000000,0.000000,0,0
50,86,0.800000,0.600000,0,0,0.000000,0,0.000000,0.000000,0.000000,0,0
50,87,0.800000,0.700000,0,0,0.000000,0,0.000000,0.000000,0.000000,0,0
50,88,0.800000,0.800000,0,0,0.000000,0,0.000000,0.000000,0.000000,0,0
50,89,0.800000,0.900000,0,0,0.000000,0,0.000000,0.000000,0.000000,0,0
50,90,0.900000,0.000000,0,0,0.000000,0,0.000000,0.000000,0.000000,0,0
50,91,0.900000,0.100000,0,0,0.000000,0,0.000000,0.000000,0.000000,0,0
50,92,0.900000,0.200000,0,0,0.000000,0,0.000000,0.000000,0.000000,0,0
50,93,0.900000,0.300000,0,0,0.000000,0,0.000000,0.000000,0.000000,0,0
50,94,0.900000,0.400000,0,0,0.000000,0,0.000000,0.000000,0.000000,0,0
50,95,0.900000,0.500000,0,0,0.000000,0,0.000000,0.000000,0.000000,0,0
50,96,0.900000,0.600000,0,0,0.000000,0,0.000000,0.000000,0.000000,0,0
50,97,0.900000,0.700000,0,0,0.000000,0,0.000000,0.000000,0.000000,0,0
50,98,0.900000,0.800000,0,0,0.000000,0,0.000000,0.000000,0.000000,0,0
50,99,0.900000,0.900000,0,53,0.000000,53,53.844483,5.384448,2899.228329,100,1
51,0,0.000000,0.000000,0,74,0.000000,74,74.414012,7.441401,5537.445255,100,1
51,1,0.000000,0.100000,0,0,0.000000,0,0.000000,0.000000,0.000000,0,0
51,2,0.000000,0.200000,0,0,0.000000,0,0.000000,0.000000,0.000000,0,0
51,3,0.000000,0.300000,0,0,0.000000,0,0.000000,0.000000,0.000000,0,0
51,4,0.000000,0.400000,0,0,0.000000,0,0.000000,0.000000,0.000000,0,0
51,5,0.000000,0.500000,0,0,0.000000,0,0.000000,0.000000,0.000000,0,0
51,6,0.000000,0.600000,0,0,0.000000,0,0.000000,0.000000,0.000000,0,0
51,7,0.000000,0.700000,0,0,0.000000,0,0.000000,0.000000,0.000000,0,0
51,8,0.000000,0.800000,0,0,0.000000,0,0.000000,0.000000,0.000000,0,0
51,9,0.000000,0.900000,0,74,0.000000,74,74.412038,7.441204,5537.151419,100,1
51,10,0.100000,0.000000,0,0,0.000000,0,0.000000,0.000000,0.000000,0,0
51,11,0.100000,0.100000,0,0,0.000000,0,0.000000,0.000000,0.000000,0,0
51,12,0.100000,0.200000,0,0,0.000000,0,0.000000,0.000000,0.000000,0,0
51,13,0.100000,0.300000,0,0,0.000000,0,0.000000,0.000000,0.000000,0,0
51,14,0.100000,0.400000,0,0,0.000000,0,0.000000,0.000000,0.000000,0,0
51,15,0.100000,0.500000,0,0,0.000000,0,0.000000,0.000000,0.000000,0,0
51,16,0.100000,0.600000,0,0,0.000000,0,0.000000,0.000000,0.000000,0,0
51,17,0.100000,0.700000,0,0,0.000000,0,0.000000,0.000000,0.000000,0,0
51,18,0.100000,0.800000,0,0,0.000000,0,0.000000,0.000000,0.000000,0,0
51,19,0.100000,0.900000,0,0,0.000000,0,0.000000,0.000000,0.000000,0,0
51,20,0.200000,0.000000,0,0,0.000000,0,0.000000,0.000000,0.000000,0,0
51,21,0.200000,0.100000,0,0,0.000000,0,0.000000,0.000000,0.000000,0,0
51,22,0.200000,0.200000,0,0,0.000000,0,0.000000,0.000000,0.000000,0,0
51,23,0.200000,0.300000,0,0,0.000000,0,0.000000,0.000000,0.000000,0,0
51,24,0.200000,0.400000,0,0,0.000000,0,0.000000,0.000000,0.000000,0,0
51,25,0.200000,0.500000,0,0,0.000000,0,0.000000,0.000000,0.000000,0,0
51,26,0.200000,0.600000,0,0,0.000000,0,0.000000,0.000000,0.000000,0,0
51,27,0.200000,0.700000,0,0,0.000000,0,0.000000,0.000000,0.000000,0,0
51,28,0.200000,0.800000,0,0,0.000000,0,0.000000,0.000000,0.000000,0,0
51,29,0.200000,0.900000,0,0,0.000000,0,0.000000,0.000000,0.000000,0,0
51,30,0.300000,0.000000,0,0,0.000000,0,0.000000,0.000000,0.000000,0,0
51,31,0.300000,0.100000,0,0,0.000000,0,0.000000,0.000000,0.000000,0,0
51,32,0.300000,0.200000,0,0,0.000000,0,0.000000,0.000000,0.000000,0,0
51,33,0.300000,0.300000,0,0,0.000000,0,0.000000,0.000000,0.000000,0,0
51,34,0.300000,0.400000,0,0,0.000000,0,0.000000,0.000000,0.000000,0,0
51,35,0.300000,0.500000,0,0,0.000000,0,0.000000,0.000000,0.000000,0,0
51,36,0.300000,0.600000,0,0,0.000000,0,0.000000,0.000000,0.000000,0,0
51,37,0.300000,0.700000,0,0,0.000000,0,0.000000,0.000000,0.000000,0,0
51,38,0.300000,0.800000,0,0,0.000000,0,0.000000,0.000000,0.000000,0,0
51,39,0.300000,0.900000,0,0,0.000000,0,0.000000,0.000000,0.000000,0,0
51,40,0.400000,0.000000,0,0,0.000000,0,0.000000,0.000000,0.000000,100,45
51,41,0.400000,0.100000,0,0,0.000000,0,0.000000,0.000000,0.000000,0,0
51,42,0.400000,0.200000,0,0,0.000000,0,0.000000,0.000000,0.000000,0,0
51,43,0.400000,0.300000,0,0,0.000000,0,0.000000,0.000000,0.000000,0,0
51,44,0.400000,0.400000,0,0,0.000000,0,0.000000,0.000000,0.000000,0,0
51,45,0.400000,0.500000,0,0,0.000000,0,0.000000,0.000000,0.000000,0,0
51,46,0.400000,0.600000,0,0,0.000000,0,0.000000,0.000000,0.000000,0,0
51,47,0.400000,0.700000,0,0,0.000000,0,0.000000,0.000000,0.000000,0,0
51,48,0.400000,0.800000,0,0,0.000000,0,0.000000,0.000000,0.000000,0,0
51,49,0.400000,0.900000,0,0,0.000000,0,0.000000,0.000000,0.000000,100,71
51,50,0.500000,0.000000,0,0,0.000000,0,0.000000,0.000000,0.000000,0,0
51,51,0.500000,0.100000,0,0,0.000000,0,0.000000,0.000000,0.000000,0,0
51,52,0.500000,0.200000,0,0,0.000000,0,0.000000,0.000000,0.000000,0,0
51,53,0.500000,0.300000,0,0,0.000000,0,0.000000,0.000000,0.000000,0,0
51,54,0.500000,0.400000,0,0,0.000000,0,0.000000,0.000000,0.000000,0,0
51,55,0.500000,0.500000,0,0,0.000000,0,0.000000,0.000000,0.000000,0,0
51,56,0.500000,0.600000,0,0,0.000000,0,0.000000,0.000000,0.000000,0,0
51,57,0.500000,0.700000,0,0,0.000000,0,0.000000,0.000000,0.000000,0,0
51,58,0.500000,0.800000,0,0,0.000000,0,0.000000,0.000000,0.000000,0,0
51,59,0.500000,0.900000,0,0,0.000000,0,0.000000,0.000000,0.000000,0,0
51,60,0.600000,0.000000,0,0,0.000000,0,0.000000,0.000000,0.000000,0,0
51,61,0.600000,0.100000,0,0,0.000000,0,0.000000,0.000000,0.000000,0,0
51,62,0.600000,0.200000,0,0,0.000000,0,0.000000,0.000000,0.000000,0,0
51,63,0.600000,0.300000,0,0,0.000000,0,0.000000,0.000000,0.000000,0,0
51,64,0.600000,0.400000,0,0,0.000000,0,0.000000,0.000000,0.000000,0,0
51,65,0.600000,0.500000,0,0,0.000000,0,0.000000,0.000000,0.000000,0,0
51,66,0.600000,0.600000,0,0,0.000000,0,0.000000,0.000000,0.000000,0,0
51,67,0.600000,0.700000,0,0,0.000000,0,0.000000,0.000000,0.000000,0,0
51,68,0.600000,0.800000,0,0,0.000000,0,0.000000,0.000000,0.000000,0,0
51,69,0.600000,0.900000,0,0,0.000000,0,0.000000,0.000000,0.000000,0,0
51,70,0.700000,0.000000,0,0,0.000000,0,0.000000,0.000000,0.000000,0,0
51,71,0.700000,0.100000,0,0,0.000000,0,0.000000,0.000000,0.000000,0,0
51,72,0.700000,0.200000,0,0,0.000000,0,0.000000,0.000000,0.000000,0,0
51,73,0.700000,0.300000,0,0,0.000000,0,0.000000,0.000000,0.000000,0,0
51,74,0.700000,0.400000,0,0,0.000000,0,0.000000,0.000000,0.000000,0,0
51,75,0.700000,0.500000,0,0,0.000000,0,0.000000,0.000000,0.000000,0,0
51,76,0.700000,0.600000,0,0,0.000000,0,0.000000,0.000000,0.000000,0,0
51,77,0.700000,0.700000,0,0,0.000000,0,0.000000,0.000000,0.000000,0,0
51,78,0.700000,0.800000,0,0,0.000000,0,0.000000,0.000000,0.000000,0,0
51,79,0.700000,0.900000,0,0,0.000000,0,0.000000,0.000000,0.000000,0,0
51,80,0.800000,0.000000,0,0,0.000000,0,0.000000,0.000000,0.000000,0,0
51,81,0.800000,0.100000,0,0,0.000000,0,0.000000,0.000000,0.000000,0,0
51,82,0.800000,0.200000,0,0,0.000000,0,0.000000,0.000000,0.000000,0,0
51,83,0.800000,0.300000,0,0,0.000000,0,0.000000,0.000000,0.000000,0,0
51,84,0.800000,0.400000,0,0,0.000000,0,0.000000,0.000000,0.000000,0,0
51,85,0.800000,0.500000,0,0,0.000000,0,0.000000,0.000000,0.000000,0,0
51,86,0.800000,0.600000,0,0,0.000000,0,0.000000,0.000000,0.000000,0,0
51,87,0.800000,0.700000,0,0,0.000000,0,0.000000,0.000000,0.000000,0,0
51,88,0.800000,0.800000,0,0,0.000000,0,0.000000,0.000000,0.000000,0,0
51,89,0.800000,0.900000,0,0,0.000000,0,0.000000,0.000000,0.000000,0,0
51,90,0.900000,0.000000,0,0,0.000000,0,0.000000,0.000000,0.000000,0,0
51,91,0.900000,0.100000,0,0,0.000000,0,0.000000,0.000000,0.000000,0,0
51,92,0.900000,0.200000,0,0,0.000000,0,0.000000,0.000000,0.000000,0,0
51,93,0.900000,0.300000,0,0,0.000000,0,0.000000,0.000000,0.000000,0,0
51,94,0.900000,0.400000,0,0,0.000000,0,0.000000,0.000000,0.000000,0,0
51,95,0.900000,0.500000,0,0,0.000000,0,0.000000,0.000000,0.000000,0,0
51,96,0.900000,0.600000,0,0,0.000000,0,0.000000,0.000000,0.000000,0,0
51,97,0.900000,0.700000,0,0,0.000000,0,0.000000,0.000000,0.000000,0,0
51,98,0.900000,0.800000,0,0,0.000000,0,0.000000,0.000000,0.000000,0,0
51,99,0.900000,0.900000,0,53,0.000000,53,53.844483,5.384448,2899.228329,100,1
52,0,0.000000,0.000000,0,74,0.000000,74,74.414012,7.441401,5537.445255,100,1
52,1,0.000000,0.100000,0,0,0.000000,0,0.000000,0.000000,0.000000,0,0
52,2,0.000000,0.200000,0,0,0.000000,0,0.000000,0.000000,0.000000,0,0
52,3,0.000000,0.300000,0,0,0.000000,0,0.000000,0.000000,0.000000,0,0
52,4,0.000000,0.400000,0,0,0.000000,0,0.000000,0.000000,0.000000,0,0
52,5,0.000000,0.500000,0,0,0.000000,0,0.000000,0.000000,0.000000,0,0
52,6,0.000000,0.600000,0,0,0.000000,0,0.000000,0.000000,0.000000,0,0
52,7,0.000000,0.700000,0,0,0.000000,0,0.000000,0.000000,0.000000,0,0
52,8,0.000000,0.800000,0,0,0.000000,0,0.000000,0.000000,0.000000,0,0
52,9,0.000000,0.900000,0,74,0.000000,74,74.412038,7.441204,5537.151419,100,1
52,10,0.100000,0.000000,0,0,0.000000,0,0.000000,0.000000,0.000000,0,0
52,11,0.100000,0.100000,0,0,0.000000,0,0.000000,0.000000,0.000000,0,0
52,12,0.100000,0.200000,0,0,0.000000,0,0.000000,0.000000,0.000000,0,0
52,13,0.100000,0.300000,0,0,0.000000,0,0.000000,0.000000,0.000000,0,0
52,14,0.100000,0.400000,0,0,0.000000,0,0.000000,0.000000,0.000000,0,0
52,15,0.100000,0.500000,0,0,0.000000,0,0.000000,0.000000,0.000000,0,0
52,16,0.100000,0.600000,0,0,0.000000,0,0.000000,0.000000,0.000000,0,0
52,17,0.100000,0.700000,0,0,0.000000,0,0.000000,0.000000,0.000000,0,0
52,18,0.100000,0.800000,0,0,0.000000,0,0.000000,0.000000,0.000000,0,0
52,19,0.100000,0.900000,0,0,0.000000,0,0.000000,0.000000,0.000000,0,0
52,20,0.200000,0.000000,0,0,0.000000,0,0.000000,0.000000,0.000000,0,0
52,21,0.200000,0.100000,0,0,0.000000,0,0.000000,0.000000,0.000000,0,0
52,22,0.200000,0.200000,0,0,0.000000,0,0.000000,0.000000,0.000000,0,0
52,23,0.200000,0.300000,0,0,0.000000,0,0.000000,0.000000,0.000000,0,0
52,24,0.200000,0.400000,0,0,0.000000,0,0.000000,0.000000,0.000000,0,0
52,25,0.200000,0.500000,0,0,0.000000,0,0.000000,0.000000,0.000000,0,0
52,26,0.200000,0.600000,0,0,0.000000,0,0.000000,0.000000,0.000000,0,0
52,27,0.200000,0.700000,0,0,0.000000,0,0.000000,0.000000,0.000000,0,0
52,28,0.200000,0.800000,0,0,0.000000,0,0.000000,0.000000,0.000000,0,0
52,29,0.200000,0.900000,0,0,0.000000,0,0.000000,0.000000,0.000000,0,0
52,30,0.300000,0.000000,0,0,0.000000,0,0.000000,0.000000,0.000000,0,0
52,31,0.300000,0.100000,0,0,0.000000,0,0.000000,0.000000,0.000000,0,0
52,32,0.300000,0.200000,0,0,0.000000,0,0.000000,0.000000,0.000000,0,0
52,33,0.300000,0.300000,0,0,0.000000,0,0.000000,0.000000,0.000000,0,0
52,34,0.300000,0.400000,0,0,0.000000,0,0.000000,0.000000,0.000000,0,0
52,35,0.300000,0.500000,0,0,0.000000,0,0.000000,0.000000,0.000000,0,0
52,36,0.300000,0.600000,0,0,0.000000,0,0.000000,0.000000,0.000000,0,0
52,37,0.300000,0.700000,0,0,0.000000,0,0.000000,0.000000,0.000000,0,0
52,38,0.300000,0.800000,0,0,0.000000,0,0.000000,0.000000,0.000000,0,0
52,39,0.300000,0.900000,0,0,0.000000,0,0.000000,0.000000,0.000000,0,0
52,40,0.400000,0.000000,0,0,0.000000,0,0.000000,0.000000,0.000000,100,45
52,41,0.400000,0.100000,0,0,0.000000,0,0.000000,0.000000,0.000000,0,0
52,42,0.400000,0.200000,0,0,0.000000,0,0.000000,0.000000,0.000000,0,0
52,43,0.400000,0.300000,0,0,0.000000,0,0.000000,0.000000,0.000000,0,0
52,44,0.400000,0.400000,0,0,0.000000,0,0.000000,0.000000,0.000000,0,0
52,45,0.400000,0.500000,0,0,0.000000,0,0.000000,0.000000,0.000000,0,0
52,46,0.400000,0.600000,0,0,0.000000,0,0.000000,0.000000,0.000000,0,0
52,47,0.400000,0.700000,0,0,0.000000,0,0.000000,0.000000,0.000000,0,0
52,48,0.400000,0.800000,0,0,0.000000,0,0.000000,0.000000,0.000000,0,0
52,49,0.400000,0.900000,0,0,0.000000,0,0.000000,0.000000,0.000000,100,71
52,50,0.500000,0.000000,0,0,0.000000,0,0.000000,0.000000,0.000000,0,0
52,51,0.500000,0.100000,0,0,0.000000,0,0.000000,0.000000,0.000000,0,0
52,52,0.500000,0.200000,0,0,0.000000,0,0.000000,0.000000,0.000000,0,0
52,53,0.500000,0.300000,0,0,0.000000,0,0.000000,0.000000,0.000000,0,0
52,54,0.500000,0.400000,0,0,0.000000,0,0.000000,0.000000,0.000000,0,0
52,55,0.500000,0.500000,0,0,0.000000,0,0.000000,0.000000,0.000000,0,0
52,56,0.500000,0.600000,0,0,0.000000,0,0.000000,0.000000,0.000000,0,0
52,57,0.500000,0.700000,0,0,0.000000,0,0.000000,0.000000,0.000000,0,0
52,58,0.500000,0.800000,0,0,0.000000,0,0.000000,0.000000,0.000000,0,0
52,59,0.500000,0.900000,0,0,0.000000,0,0.000000,0.000000,0.000000,0,0
52,60,0.600000,0.000000,0,0,0.000000,0,0.000000,0.000000,0.000000,0,0
52,61,0.600000,0.100000,0,0,0.000000,0,0.000000,0.000000,0.000000,0,0
52,62,0.600000,0.200000,0,0,0.000000,0,0.000000,0.000000,0.000000,0,0
52,63,0.600000,0.300000,0,0,0.000000,0,0.000000,0.000000,0.000000,0,0
52,64,0.600000,0.400000,0,0,0.000000,0,0.000000,0.000000,0.000000,0,0
52,65,0.600000,0.500000,0,0,0.000000,0,0.000000,0.000000,0.000000,0,0
52,66,0.600000,0.600000,0,0,0.000000,0,0.000000,0.000000,0.000000,0,0
52,67,0.600000,0.700000,0,0,0.000000,0,0.000000,0.000000,0.000000,0,0
52,68,0.600000,0.800000,0,0,0.000000,0,0.000000,0.000000,0.000000,0,0
52,69,0.600000,0.900000,0,0,0.000000,0,0.000000,0.000000,0.000000,0,0
52,70,0.700000,0.000000,0,0,0.000000,0,0.000000,0.000000,0.000000,0,0
52,71,0.700000,0.100000,0,0,0.000000,0,0.000000,0.000000,0.000000,0,0
52,72,0.700000,0.200000,0,0,0.000000,0,0.000000,0.000000,0.000000,0,0
52,73,0.700000,0.300000,0,0,0.000000,0,0.000000,0.000000,0.000000,0,0
52,74,0.700000,0.400000,0,0,0.000000,0,0.000000,0.000000,0.000000,0,0
52,75,0.700000,0.500000,0,0,0.000000,0,0.000000,0.000000,0.000000,0,0
52,76,0.700000,0.600000,0,0,0.000000,0,0.000000,0.000000,0.000000,0,0
52,77,0.700000,0.700000,0,0,0.000000,0,0.000000,0.000000,0.000000,0,0
52,78,0.700000,0.800000,0,0,0.000000,0,0.000000,0.000000,0.000000,0,0
52,79,0.700000,0.900000,0,0,0.000000,0,0.000000,0.000000,0.000000,0,0
52,80,0.800000,0.000000,0,0,0.000000,0,0.000000,0.000000,0.000000,0,0
52,81,0.800000,0.100000,0,0,0.000000,0,0.000000,0.000000,0.000000,0,0
52,82,0.800000,0.200000,0,0,0.000000,0,0.000000,0.000000,0.000000,0,0
52,83,0.800000,0.300000,0,0,0.000000,0,0.000000,0.000000,0.000000,0,0
52,84,0.800000,0.400000,0,0,0.000000,0,0.000000,0.000000,0.000000,0,0
52,85,0.800000,0.500000,0,0,0.000000,0,0.000000,0.000000,0.000000,0,0
52,86,0.800000,0.600000,0,0,0.000000,0,0.000000,0.000000,0.000000,0,0
52,87,0.800000,0.700000,0,0,0.000000,0,0.000000,0.000000,0.000000,0,0
52,88,0.800000,0.800000,0,0,0.000000,0,0.000000,0.000000,0.000000,0,0
52,89,0.800000,0.900000,0,0,0.000000,0,0.000000,0.000000,0.000000,0,0
52,90,0.900000,0.000000,0,0,0.000000,0,0.000000,0.000000,0.000000,0,0
52,91,0.900000,0.100000,0,0,0.000000,0,0.000000,0.000000,0.000000,0,0
52,92,0.900000,0.200000,0,0,0.000000,0,0.000000,0.000000,0.000000,0,0
52,93,0.900000,0.300000,0,0,0.000000,0,0.000000,0.000000,0.000000,0,0
52,94,0.900000,0.400000,0,0,0.000000,0,0.000000,0.000000,0.000000,0,0
52,95,0.900000,0.500000,0,0,0.000000,0,0.000000,0.000000,0.000000,0,0
52,96,0.900000,0.600000,0,0,0.000000,0,0.000000,0.000000,0.000000,0,0
52,97,0.900000,0.700000,0,0,0.000000,0,0.000000,0.000000,0.000000,0,0
52,98,0.900000,0.800000,0,0,0.000000,0,0.000000,0.000000,0.000000,0,0
52,99,0.900000,0.900000,0,53,0.000000,53,53.844483,5.384448,2899.228329,100,1
53,0,0.000000,0.000000,0,74,0.000000,74,74.414012,7.441401,5537.445255,100,1
53,1,0.000000,0.100000,0,0,0.000000,0,0.000000,0.000000,0.000000,0,0
53,2,0.000000,0.200000,0,0,0.000000,0,0.000000,0.000000,0.000000,0,0
53,3,0.000000,0.300000,0,0,0.000000,0,0.000000,0.000000,0.000000,0,0
53,4,0.000000,0.400000,0,0,0.000000,0,0.000000,0.000000,0.000000,0,0
53,5,0.000000,0.500000,0,0,0.000000,0,0.000000,0.000000,0.000000,0,0
53,6,0.000000,0.600000,0,0,0.000000,0,0.000000,0.000000,0.000000,0,0
53,7,0.000000,0.700000,0,0,0.000000,0,0.000000,0.000000,0.000000,0,0
53,8,0.000000,0.800000,0,0,0.000000,0,0.000000,0.000000,0.000000,0,0
53,9,0.000000,0.900000,0,74,0.000000,74,74.412038,7.441204,5537.151419,100,1
53,10,0.100000,0.000000,0,0,0.000000,0,0.000000,0.000000,0.000000,0,0
53,11,0.100000,0.100000,0,0,0.000000,0,0.000000,0.000000,0.000000,0,0
53,12,0.100000,0.200000,0,0,0.000000,0,0.000000,0.000000,0.000000,0,0
53,13,0.100000,0.300000,0,0,0.000000,0,0.000000,0.000000,0.000000,0,0
53,14,0.100000,0.400000,0,0,0.000000,0,0.000000,0.000000,0.000000,0,0
53,15,0.100000,0.500000,0,0,0.000000,0,0.000000,0.000000,0.000000,0,0
53,16,0.100000,0.600000,0,0,0.000000,0,0.000000,0.000000,0.000000,0,0
53,17,0.100000,0.700000,0,0,0.000000,0,0.000000,0.000000,0.000000,0,0
53,18,0.100000,0.800000,0,0,0.000000,0,0.000000,0.000000,0.000000,0,0
53,19,0.100000,0.900000,0,0,0.000000,0,0.000000,0.000000,0.000000,0,0
53,20,0.200000,0.000000,0,0,0.000000,0,0.000000,0.000000,0.000000,0,0
53,21,0.200000,0.100000,0,0,0.000000,0,0.000000,0.000000,0.000000,0,0
53,22,0.200000,0.200000,0,0,0.000000,0,0.000000,0.000000,0.000000,0,0
53,23,0.200000,0.300000,0,0,0.000000,0,0.000000,0.000000,0.000000,0,0
53,24,0.200000,0.400000,0,0,0.000000,0,0.000000,0.000000,0.000000,0,0
53,25,0.200000,0.500000,0,0,0.000000,0,0.000000,0.000000,0.000000,0,0
53,26,0.200000,0.600000,0,0,0.000000,0,0.000000,0.000000,0.000000,0,0
53,27,0.200000,0.700000,0,0,0.000000,0,0.000000,0.000000,0.000000,0,0
53,28,0.200000,0.800000,0,0,0.000000,0,0.000000,0.000000,0.000000,0,0
53,29,0.200000,0.900000,0,0,0.000000,0,0.000000,0.000000,0.000000,0,0
53,30,0.300000,0.000000,0,0,0.000000,0,0.000000,0.000000,0.000000,0,0
53,31,0.300000,0.100000,0,0,0.000000,0,0.000000,0.000000,0.000000,0,0
53,32,0.300000,0.200000,0,0,0.000000,0,0.000000,0.000000,0.000000,0,0
53,33,0.300000,0.300000,0,0,0.000000,0,0.000000,0.000000,0.000000,0,0
53,34,0.300000,0.400000,0,0,0.000000,0,0.000000,0.000000,0.000000,0,0
53,35,0.300000,0.500000,0,0,0.000000,0,0.000000,0.000000,0.000000,0,0
53,36,0.300000,0.600000,0,0,0.000000,0,0.000000,0.000000,0.000000,0,0
53,37,0.300000,0.700000,0,0,0.000000,0,0.000000,0.000000,0.000000,0,0
53,38,0.300000,0.800000,0,0,0.000000,0,0.000000,0.000000,0.000000,0,0
53,39,0.300000,0.900000,0,0,0.000000,0,0.000000,0.000000,0.000000,0,0
53,40,0.400000,0.000000,0,0,0.000000,0,0.000000,0.000000,0.000000,100,45
53,41,0.400000,0.100000,0,0,0.000000,0,0.000000,0.000000,0.000000,0,0
53,42,0.400000,0.200000,0,0,0.000000,0,0.000000,0.000000,0.000000,0,0
53,43,0.400000,0.300000,0,0,0.000000,0,0.000000,0.000000,0.000000,0,0
53,44,0.400000,0.400000,0,0,0.000000,0,0.000000,0.000000,0.000000,0,0
53,45,0.400000,0.500000,0,0,0.000000,0,0.000000,0.000000,0.000000,0,0
53,46,0.400000,0.600000,0,0,0.000000,0,0.000000,0.000000,0.000000,0,0
53,47,0.400000,0.700000,0,0,0.000000,0,0.000000,0.000000,0.000000,0,0
53,48,0.400000,0.800000,0,0,0.000000,0,0.000000,0.000000,0.000000,0,0
53,49,0.400000,0.900000,0,0,0.000000,0,0.000000,0.000000,0.000000,100,71
53,50,0.500000,0.000000,0,0,0.000000,0,0.000000,0.000000,0.000000,0,0
53,51,0.500000,0.100000,0,0,0.000000,0,0.000000,0.000000,0.000000,0,0
53,52,0.500000,0.200000,0,0,0.000000,0,0.000000,0.000000,0.000000,0,0
53,53,0.500000,0.300000,0,0,0.000000,0,0.000000,0.000000,0.000000,0,0
53,54,0.500000,0.400000,0,0,0.000000,0,0.000000,0.000000,0.000000,0,0
53,55,0.500000,0.500000,0,0,0.000000,0,0.000000,0.000000,0.000000,0,0
53,56,0.500000,0.600000,0,0,0.000000,0,0.000000,0.000000,0.000000,0,0
53,57,0.500000,0.700000,0,0,0.000000,0,0.000000,0.000000,0.000000,0,0
53,58,0.500000,0.800000,0,0,0.000000,0,0.000000,0.000000,0.000000,0,0
53,59,0.500000,0.900000,0,0,0.000000,0,0.000000,0.000000,0.000000,0,0
53,60,0.600000,0.000000,0,0,0.000000,0,0.000000,0.000000,0.000000,0,0
53,61,0.600000,0.100000,0,0,0.000000,0,0.000000,0.000000,0.000000,0,0
53,62,0.600000,0.200000,0,0,0.000000,0,0.000000,0.000000,0.000000,0,0
53,63,0.600000,0.300000,0,0,0.000000,0,0.000000,0.000000,0.000000,0,0
53,64,0.600000,0.400000,0,0,0.000000,0,0.000000,0.000000,0.000000,0,0
53,65,0.600000,0.500000,0,0,0.000000,0,0.000000,0.000000,0.000000,0,0
53,66,0.600000,0.600000,0,0,0.000000,0,0.000000,0.000000,0.000000,0,0
53,67,0.600000,0.700000,0,0,0.000000,0,0.000000,0.000000,0.000000,0,0
53,68,0.600000,0.800000,0,0,0.000000,0,0.000000,0.000000,0.000000,0,0
53,69,0.600000,0.900000,0,0,0.000000,0,0.000000,0.000000,0.000000,0,0
53,70,0.700000,0.000000,0,0,0.000000,0,0.000000,0.000000,0.000000,0,0
53,71,0.700000,0.100000,0,0,0.000000,0,0.000000,0.000000,0.000000,0,0
53,72,0.700000,0.200000,0,0,0.000000,0,0.000000,0.000000,0.000000,0,0
53,73,0.700000,0.300000,0,0,0.000000,0,0.000000,0.000000,0.000000,0,0
53,74,0.700000,0.400000,0,0,0.000000,0,0.000000,0.000000,0.000000,0,0
53,75,0.700000,0.500000,0,0,0.000000,0,0.000000,0.000000,0.000000,0,0
53,76,0.700000,0.600000,0,0,0.000000,0,0.000000,0.000000,0.000000,0,0
53,77,0.700000,0.700000,0,0,0.000000,0,0.000000,0.000000,0.000000,0,0
53,78,0.700000,0.800000,0,0,0.000000,0,0.000000,0.000000,0.000000,0,0
53,79,0.700000,0.900000,0,0,0.000000,0,0.000000,0.000000,0.000000,0,0
53,80,0.800000,0.000000,0,0,0.000000,0,0.000000,0.000000,0.000000,0,0
53,81,0.800000,0.100000,0,0,0.000000,0,0.000000,0.000000,0.000000,0,0
53,82,0.800000,0.200000,0,0,0.000000,0,0.000000,0.000000,0.000000,0,0
53,83,0.800000,0.300000,0,0,0.000000,0,0.000000,0.000000,0.000000,0,0
53,84,0.800000,0.400000,0,0,0.000000,0,0.000000,0.000000,0.000000,0,0
53,85,0.800000,0.500000,0,0,0.000000,0,0.000000,0.000000,0.000000,0,0
53,86,0.800000,0.600000,0,0,0.000000,0,0.000000,0.000000,0.000000,0,0
53,87,0.800000,0.700000,0,0,0.000000,0,0.000000,0.000000,0.000000,0,0
53,88,0.800000,0.800000,0,0,0.000000,0,0.000000,0.000000,0.000000,0,0
53,89,0.800000,0.900000,0,0,0.000000,0,0.000000,0.000000,0.000000,0,0
53,90,0.900000,0.000000,0,0,0.000000,0,0.000000,0.000000,0.000000,0,0
53,91,0.900000,0.100000,0,0,0.000000,0,0.000000,0.000000,0.000000,0,0
53,92,0.900000,0.200000,0,0,0.000000,0,0.000000,0.000000,0.000000,0,0
53,93,0.900000,0.300000,0,0,0.000000,0,0.000000,0.000000,0.000000,0,0
53,94,0.900000,0.400000,0,0,0.000000,0,0.000000,0.000000,0.000000,0,0
53,95,0.900000,0.500000,0,0,0.000000,0,0.000000,0.000000,0.000000,0,0
53,96,0.900000,0.600000,0,0,0.000000,0,0.000000,0.000000,0.000000,0,0
53,97,0.900000,0.700000,0,0,0.000000,0,0.000000,0.000000,0.000000,0,0
53,98,0.900000,0.800000,0,0,0.000000,0,0.000000,0.000000,0.000000,0,0
53,99,0.900000,0.900000,0,53,0.000000,53,53.844483,5.384448,2899.228329,100,1
54,0,0.000000,0.000000,0,74,0.000000,74,74.414012,7.441401,5537.445255,100,1
54,1,0.000000,0.100000,0,0,0.000000,0,0.000000,0.000000,0.000000,0,0
54,2,0.000000,0.200000,0,0,0.000000,0,0.000000,0.000000,0.000000,0,0
54,3,0.000000,0.300000,0,0,0.000000,0,0.000000,0.000000,0.000000,0,0
54,4,0.000000,0.400000,0,0,0.000000,0,0.000000,0.000000,0.000000,0,0
54,5,0.000000,0.500000,0,0,0.000000,0,0.000000,0.000000,0.000000,0,0
54,6,0.000000,0.600000,0,0,0.000000,0,0.000000,0.000000,0.000000,0,0
54,7,0.000000,0.700000,0,0,0.000000,0,0.000000,0.000000,0.000000,0,0
54,8,0.000000,0.800000,0,0,0.000000,0,0.000000,0.000000,0.000000,0,0
54,9,0.000000,0.900000,0,74,0.000000,74,74.412038,7.441204,5537.151419,100,1
54,10,0.100000,0.000000,0,0,0.000000,0,0.000000,0.000000,0.000000,0,0
54,11,0.100000,0.100000,0,0,0.000000,0,0.000000,0.000000,0.000000,0,0
54,12,0.100000,0.200000,0,0,0.000000,0,0.000000,0.000000,0.000000,0,0
54,13,0.100000,0.300000,0,0,0.000000,0,0.000000,0.000000,0.000000,0,0
54,14,0.100000,0.400000,0,0,0.000000,0,0.000000,0.000000,0.000000,0,0
54,15,0.100000,0.500000,0,0,0.000000,0,0.000000,0.000000,0.000000,0,0
54,16,0.100000,0.600000,0,0,0.000000,0,0.000000,0.000000,0.000000,0,0
54,17,0.100000,0.700000,0,0,0.000000,0,0.000000,0.000000,0.000000,0,0
54,18,0.100000,0.800000,0,0,0.000000,0,0.000000,0.000000,0.000000,0,0
54,19,0.100000,0.900000,0,0,0.000000,0,0.000000,0.000000,0.000000,0,0
54,20,0.200000,0.000000,0,0,0.000000,0,0.000000,0.000000,0.000000,0,0
54,21,0.200000,0.100000,0,0,0.000000,0,0.000000,0.000000,0.000000,0,0
54,22,0.200000,0.200000,0,0,0.000000,0,0.000000,0.000000,0.000000,0,0
54,23,0.200000,0.300000,0,0,0.000000,0,0.000000,0.000000,0.000000,0,0
54,24,0.200000,0.400000,0,0,0.000000,0,0.000000,0.000000,0.000000,0,0
54,25,0.200000,0.500000,0,0,0.000000,0,0.000000,0.000000,0.000000,0,0
54,26,0.200000,0.600000,0,0,0.000000,0,0.000000,0.000000,0.000000,0,0
54,27,0.200000,0.700000,0,0,0.000000,0,0.000000,0.000000,0.000000,0,0
54,28,0.200000,0.800000,0,0,0.000000,0,0.000000,0.000000,0.000000,0,0
54,29,0.200000,0.900000,0,0,0.000000,0,0.000000,0.000000,0.000000,0,0
54,30,0.300000,0.000000,0,0,0.000000,0,0.000000,0.000000,0.000000,0,0
54,31,0.300000,0.100000,0,0,0.000000,0,0.000000,0.000000,0.000000,0,0
54,32,0.300000,0.200000,0,0,0.000000,0,0.000000,0.000000,0.000000,0,0
54,33,0.300000,0.300000,0,0,0.000000,0,0.000000,0.000000,0.000000,0,0
54,34,0.300000,0.400000,0,0,0.000000,0,0.000000,0.000000,0.000000,0,0
54,35,0.300000,0.500000,0,0,0.000000,0,0.000000,0.000000,0.000000,0,0
54,36,0.300000,0.600000,0,0,0.000000,0,0.000000,0.000000,0.000000,0,0
54,37,0.300000,0.700000,0,0,0.000000,0,0.000000,0.000000,0.000000,0,0
54,38,0.300000,0.800000,0,0,0.000000,0,0.000000,0.000000,0.000000,0,0
54,39,0.300000,0.900000,0,0,0.000000,0,0.000000,0.000000,0.000000,0,0
54,40,0.400000,0.000000,0,0,0.000000,0,0.000000,0.000000,0.000000,100,45
54,41,0.400000,0.100000,0,0,0.000000,0,0.000000,0.000000,0.000000,0,0
54,42,0.400000,0.200000,0,0,0.000000,0,0.000000,0.000000,0.000000,0,0
54,43,0.400000,0.300000,0,0,0.000000,0,0.000000,0.000000,0.000000,0,0
54,44,0.400000,0.400000,0,0,0.000000,0,0.000000,0.000000,0.000000,0,0
54,45,0.400000,0.500000,0,0,0.000000,0,0.000000,0.000000,0.000000,0,0
54,46,0.400000,0.600000,0,0,0.000000,0,0.000000,0.000000,0.000000,0,0
54,47,0.400000,0.700000,0,0,0.000000,0,0.000000,0.000000,0.000000,0,0
54,48,0.400000,0.800000,0,0,0.000000,0,0.000000,0.000000,0.000000,0,0
54,49,0.400000,0.900000,0,0,0.000000,0,0.000000,0.000000,0.000000,100,71
54,50,0.500000,0.000000,0,0,0.000000,0,0.000000,0.000000,0.000000,0,0
54,51,0.500000,0.100000,0,0,0.000000,0,0.000000,0.000000,0.000000,0,0
54,52,0.500000,0.200000,0,0,0.000000,0,0.000000,0.000000,0.000000,0,0
54,53,0.500000,0.300000,0,0,0.000000,0,0.000000,0.000000,0.000000,0,0
54,54,0.500000,0.400000,0,0,0.000000,0,0.000000,0.000000,0.000000,0,0
54,55,0.500000,0.500000,0,0,0.000000,0,0.000000,0.000000,0.000000,0,0
54,56,0.500000,0.600000,0,0,0.000000,0,0.000000,0.000000,0.000000,0,0
54,57,0.500000,0.700000,0,0,0.000000,0,0.000000,0.000000,0.000000,0,0
54,58,0.500000,0.800000,0,0,0.000000,0,0.000000,0.000000,0.000000,0,0
54,59,0.500000,0.900000,0,0,0.000000,0,0.000000,0.000000,0.000000,0,0
54,60,0.600000,0.000000,0,0,0.000000,0,0.000000,0.000000,0.000000,0,0
54,61,0.600000,0.100000,0,0,0.000000,0,0.000000,0.000000,0.000000,0,0
54,62,0.600000,0.200000,0,0,0.000000,0,0.000000,0.000000,0.000000,0,0
54,63,0.600000,0.300000,0,0,0.000000,0,0.000000,0.000000,0.000000,0,0
54,64,0.600000,0.400000,0,0,0.000000,0,0.000000,0.000000,0.000000,0,0
54,65,0.600000,0.500000,0,0,0.000000,0,0.000000,0.000000,0.000000,0,0
54,66,0.600000,0.600000,0,0,0.000000,0,0.000000,0.000000,0.000000,0,0
54,67,0.600000,0.700000,0,0,0.000000,0,0.000000,0.000000,0.000000,0,0
54,68,0.600000,0.800000,0,0,0.000000,0,0.000000,0.000000,0.000000,0,0
54,69,0.600000,0.900000,0,0,0.000000,0,0.000000,0.000000,0.000000,0,0
54,70,0.700000,0.000000,0,0,0.000000,0,0.000000,0.000000,0.000000,0,0
54,71,0.700000,0.100000,0,0,0.000000,0,0.000000,0.000000,0.000000,0,0
54,72,0.700000,0.200000,0,0,0.000000,0,0.000000,0.000000,0.000000,0,0
54,73,0.700000,0.300000,0,0,0.000000,0,0.000000,0.000000,0.000000,0,0
54,74,0.700000,0.400000,0,0,0.000000,0,0.000000,0.000000,0.000000,0,0
54,75,0.700000,0.500000,0,0,0.000000,0,0.000000,0.000000,0.000000,0,0
54,76,0.700000,0.600000,0,0,0.000000,0,0.000000,0.000000,0.000000,0,0
54,77,0.700000,0.700000,0,0,0.000000,0,0.000000,0.000000,0.000000,0,0
54,78,0.700000,0.800000,0,0,0.000000,0,0.000000,0.000000,0.000000,0,0
54,79,0.700000,0.900000,0,0,0.000000,0,0.000000,0.000000,0.000000,0,0
54,80,0.800000,0.000000,0,0,0.000000,0,0.000000,0.000000,0.000000,0,0
54,81,0.800000,0.100000,0,0,0.000000,0,0.000000,0.000000,0.000000,0,0
54,82,0.800000,0.200000,0,0,0.000000,0,0.000000,0.000000,0.000000,0,0
54,83,0.800000,0.300000,0,0,0.000000,0,0.000000,0.000000,0.000000,0,0
54,84,0.800000,0.400000,0,0,0.000000,0,0.000000,0.000000,0.000000,0,0
54,85,0.800000,0.500000,0,0,0.000000,0,0.000000,0.000000,0.000000,0,0
54,86,0.800000,0.600000,0,0,0.000000,0,0.000000,0.000000,0.000000,0,0
54,87,0.800000,0.700000,0,0,0.000000,0,0.000000,0.000000,0.000000,0,0
54,88,0.800000,0.800000,0,0,0.000000,0,0.000000,0.000000,0.000000,0,0
54,89,0.800000,0.900000,0,0,0.000000,0,0.000000,0.000000,0.000000,0,0
54,90,0.900000,0.000000,0,0,0.000000,0,0.000000,0.000000,0.000000,0,0
54,91,0.900000,0.100000,0,0,0.000000,0,0.000000,0.000000,0.000000,0,0
54,92,0.900000,0.200000,0,0,0.000000,0,0.000000,0.000000,0.000000,0,0
54,93,0.900000,0.300000,0,0,0.000000,0,0.000000,0.000000,0.000000,0,0
54,94,0.900000,0.400000,0,0,0.000000,0,0.000000,0.000000,0.000000,0,0
54,95,0.900000,0.500000,0,0,0.000000,0,0.000000,0.000000,0.000000,0,0
54,96,0.900000,0.600000,0,0,0.000000,0,0.000000,0.000000,0.000000,0,0
54,97,0.900000,0.700000,0,0,0.000000,0,0.000000,0.000000,0.000000,0,0
54,98,0.900000,0.800000,0,0,0.000000,0,0.000000,0.000000,0.000000,0,0
54,99,0.900000,0.900000,0,53,0.000000,53,53.844483,5.384448,2899.228329,100,1
55,0,0.000000,0.000000,0,74,0.000000,74,74.414012,7.441401,5537.445255,100,1
55,1,0.000000,0.100000,0,0,0.000000,0,0.000000,0.000000,0.000000,0,0
55,2,0.000000,0.200000,0,0,0.000000,0,0.000000,0.000000,0.000000,0,0
55,3,0.000000,0.300000,0,0,0.000000,0,0.000000,0.000000,0.000000,0,0
55,4,0.000000,0.400000,0,0,0.000000,0,0.000000,0.000000,0.000000,0,0
55,5,0.000000,0.500000,0,0,0.000000,0,0.000000,0.000000,0.000000,0,0
55,6,0.000000,0.600000,0,0,0.000000,0,0.000000,0.000000,0.000000,0,0
55,7,0.000000,0.700000,0,0,0.000000,0,0.000000,0.000000,0.000000,0,0
55,8,0.000000,0.800000,0,0,0.000000,0,0.000000,0.000000,0.000000,0,0
55,9,0.000000,0.900000,0,74,0.000000,74,74.412038,7.441204,5537.151419,100,1
55,10,0.100000,0.000000,0,0,0.000000,0,0.000000,0.000000,0.000000,0,0
55,11,0.100000,0.100000,0,0,0.000000,0,0.000000,0.000000,0.000000,0,0
55,12,0.100000,0.200000,0,0,0.000000,0,0.000000,0.000000,0.000000,0,0
55,13,0.100000,0.300000,0,0,0.000000,0,0.000000,0.000000,0.000000,0,0
55,14,0.100000,0.400000,0,0,0.000000,0,0.000000,0.000000,0.000000,0,0
55,15,0.100000,0.500000,0,0,0.000000,0,0.000000,0.000000,0.000000,0,0
55,16,0.100000,0.600000,0,0,0.000000,0,0.000000,0.000000,0.000000,0,0
55,17,0.100000,0.700000,0,0,0.000000,0,0.000000,0.000000,0.000000,0,0
55,18,0.100000,0.800000,0,0,0.000000,0,0.000000,0.000000,0.000000,0,0
55,19,0.100000,0.900000,0,0,0.000000,0,0.000000,0.000000,0.000000,0,0
55,20,0.200000,0.000000,0,0,0.000000,0,0.000000,0.000000,0.000000,0,0
55,21,0.200000,0.100000,0,0,0.000000,0,0.000000,0.000000,0.000000,0,0
55,22,0.200000,0.200000,0,0,0.000000,0,0.000000,0.000000,0.000000,0,0
55,23,0.200000,0.300000,0,0,0.000000,0,0.000000,0.000000,0.000000,0,0
55,24,0.200000,0.400000,0,0,0.000000,0,0.000000,0.000000,0.000000,0,0
55,25,0.200000,0.500000,0,0,0.000000,0,0.000000,0.000000,0.000000,0,0
55,26,0.200000,0.600000,0,0,0.000000,0,0.000000,0.000000,0.000000,0,0
55,27,0.200000,0.700000,0,0,0.000000,0,0.000000,0.000000,0.000000,0,0
55,28,0.200000,0.800000,0,0,0.000000,0,0.000000,0.000000,0.000000,0,0
55,29,0.200000,0.900000,0,0,0.000000,0,0.000000,0.000000,0.000000,0,0
55,30,0.300000,0.000000,0,0,0.000000,0,0.000000,0.000000,0.000000,0,0
55,31,0.300000,0.100000,0,0,0.000000,0,0.000000,0.000000,0.000000,0,0
55,32,0.300000,0.200000,0,0,0.000000,0,0.000000,0.000000,0.000000,0,0
55,33,0.300000,0.300000,0,0,0.000000,0,0.000000,0.000000,0.000000,0,0
55,34,0.300000,0.400000,0,0,0.000000,0,0.000000,0.000000,0.000000,0,0
55,35,0.300000,0.500000,0,0,0.000000,0,0.000000,0.000000,0.000000,0,0
55,36,0.300000,0.600000,0,0,0.000000,0,0.000000,0.000000,0.000000,0,0
55,37,0.300000,0.700000,0,0,0.000000,0,0.000000,0.000000,0.000000,0,0
55,38,0.300000,0.800000,0,0,0.000000,0,0.000000,0.000000,0.000000,0,0
55,39,0.300000,0.900000,0,0,0.000000,0,0.000000,0.000000,0.000000,0,0
55,40,0.400000,0.000000,0,0,0.000000,0,0.000000,0.000000,0.000000,100,45
55,41,0.400000,0.100000,0,0,0.000000,0,0.000000,0.000000,0.000000,0,0
55,42,0.400000,0.200000,0,0,0.000000,0,0.000000,0.000000,0.000000,0,0
55,43,0.400000,0.300000,0,0,0.000000,0,0.000000,0.000000,0.000000,0,0
55,44,0.400000,0.400000,0,0,0.000000,0,0.000000,0.000000,0.000000,0,0
55,45,0.400000,0.500000,0,0,0.000000,0,0.000000,0.000000,0.000000,0,0
55,46,0.400000,0.600000,0,0,0.000000,0,0.000000,0.000000,0.000000,0,0
55,47,0.400000,0.700000,0,0,0.000000,0,0.000000,0.000000,0.000000,0,0
55,48,0.400000,0.800000,0,0,0.000000,0,0.000000,0.000000,0.000000,0,0
55,49,0.400000,0.900000,0,0,0.000000,0,0.000000,0.000000,0.000000,100,71
55,50,0.500000,0.000000,0,0,0.000000,0,0.000000,0.000000,0.000000,0,0
55,51,0.500000,0.100000,0,0,0.000000,0,0.000000,0.000000,0.000000,0,0
55,52,0.500000,0.200000,0,0,0.000000,0,0.000000,0.000000,0.000000,0,0
55,53,0.500000,0.300000,0,0,0.000000,0,0.000000,0.000000,0.000000,0,0
55,54,0.500000,0.400000,0,0,0.000000,0,0.000000,0.000000,0.000000,0,0
55,55,0.500000,0.500000,0,0,0.000000,0,0.000000,0.000000,0.000000,0,0
55,56,0.500000,0.600000,0,0,0.000000,0,0.000000,0.000000,0.000000,0,0
55,57,0.500000,0.700000,0,0,0.000000,0,0.000000,0.000000,0.000000,0,0
55,58,0.500000,0.800000,0,0,0.000000,0,0.000000,0.000000,0.000000,0,0
55,59,0.500000,0.900000,0,0,0.000000,0,0.000000,0.000000,0.000000,0,0
55,60,0.600000,0.000000,0,0,0.000000,0,0.000000,0.000000,0.000000,0,0
55,61,0.600000,0.100000,0,0,0.000000,0,0.000000,0.000000,0.000000,0,0
55,62,0.600000,0.200000,0,0,0.000000,0,0.000000,0.000000,0.000000,0,0
55,63,0.600000,0.300000,0,0,0.000000,0,0.000000,0.000000,0.000000,0,0
55,64,0.600000,0.400000,0,0,0.000000,0,0.000000,0.000000,0.000000,0,0
55,65,0.600000,0.500000,0,0,0.000000,0,0.000000,0.000000,0.000000,0,0
55,66,0.600000,0.600000,0,0,0.000000,0,0.000000,0.000000,0.000000,0,0
55,67,0.600000,0.700000,0,0,0.000000,0,0.000000,0.000000,0.000000,0,0
55,68,0.600000,0.800000,0,0,0.000000,0,0.000000,0.000000,0.000000,0,0
55,69,0.600000,0.900000,0,0,0.000000,0,0.000000,0.000000,0.000000,0,0
55,70,0.700000,0.000000,0,0,0.000000,0,0.000000,0.000000,0.000000,0,0
55,71,0.700000,0.100000,0,0,0.000000,0,0.000000,0.000000,0.000000,0,0
55,72,0.700000,0.200000,0,0,0.000000,0,0.000000,0.000000,0.000000,0,0
55,73,0.700000,0.300000,0,0,0.000000,0,0.000000,0.000000,0.000000,0,0
55,74,0.700000,0.400000,0,0,0.000000,0,0.000000,0.000000,0.000000,0,0
55,75,0.700000,0.500000,0,0,0.000000,0,0.000000,0.000000,0.000000,0,0
55,76,0.700000,0.600000,0,0,0.000000,0,0.000000,0.000000,0.000000,0,0
55,77,0.700000,0.700000,0,0,0.000000,0,0.000000,0.000000,0.000000,0,0
55,78,0.700000,0.800000,0,0,0.000000,0,0.000000,0.000000,0.000000,0,0
55,79,0.700000,0.900000,0,0,0.000000,0,0.000000,0.000000,0.000000,0,0
55,80,0.800000,0.000000,0,0,0.000000,0,0.000000,0.000000,0.000000,0,0
55,81,0.800000,0.100000,0,0,0.000000,0,0.000000,0.000000,0.000000,0,0
55,82,0.800000,0.200000,0,0,0.000000,0,0.000000,0.000000,0.000000,0,0
55,83,0.800000,0.300000,0,0,0.000000,0,0.000000,0.000000,0.000000,0,0
55,84,0.800000,0.400000,0,0,0.000000,0,0.000000,0.000000,0.000000,0,0
55,85,0.800000,0.500000,0,0,0.000000,0,0.000000,0.000000,0.000000,0,0
55,86,0.800000,0.600000,0,0,0.000000,0,0.000000,0.000000,0.000000,0,0
55,87,0.800000,0.700000,0,0,0.000000,0,0.000000,0.000000,0.000000,0,0
55,88,0.800000,0.800000,0,0,0.000000,0,0.000000,0.000000,0.000000,0,0
55,89,0.800000,0.900000,0,0,0.000000,0,0.000000,0.000000,0.000000,0,0
55,90,0.900000,0.000000,0,0,0.000000,0,0.000000,0.000000,0.000000,0,0
55,91,0.900000,0.100000,0,0,0.000000,0,0.000000,0.000000,0.000000,0,0
55,92,0.900000,0.200000,0,0,0.000000,0,0.000000,0.000000,0.000000,0,0
55,93,0.900000,0.300000,0,0,0.000000,0,0.000000,0.000000,0.000000,0,0
55,94,0.900000,0.400000,0,0,0.000000,0,0.000000,0.000000,0.000000,0,0
55,95,0.900000,0.500000,0,0,0.000000,0,0.000000,0.000000,0.000000,0,0
55,96,0.900000,0.600000,0,0,0.000000,0,0.000000,0.000000,0.000000,0,0
55,97,0.900000,0.700000,0,0,0.000000,0,0.000000,0.000000,0.000000,0,0
55,98,0.900000,0.800000,0,0,0.000000,0,0.000000,0.000000,0.000000,0,0
55,99,0.900000,0.900000,0,53,0.000000,53,53.844483,5.384448,2899.228329,100,1
56,0,0.000000,0.000000,0,74,0.000000,74,74.414012,7.441401,5537.445255,100,1
56,1,0.000000,0.100000,0,0,0.000000,0,0.000000,0.000000,0.000000,0,0
56,2,0.000000,0.200000,0,0,0.000000,0,0.000000,0.000000,0.000000,0,0
56,3,0.000000,0.300000,0,0,0.000000,0,0.000000,0.000000,0.000000,0,0
56,4,0.000000,0.400000,0,0,0.000000,0,0.000000,0.000000,0.000000,0,0
56,5,0.000000,0.500000,0,0,0.000000,0,0.000000,0.000000,0.000000,0,0
56,6,0.000000,0.600000,0,0,0.000000,0,0.000000,0.000000,0.000000,0,0
56,7,0.000000,0.700000,0,0,0.000000,0,0.000000,0.000000,0.000000,0,0
56,8,0.000000,0.800000,0,0,0.000000,0,0.000000,0.000000,0.000000,0,0
56,9,0.000000,0.900000,0,74,0.000000,74,74.412038,7.441204,5537.151419,100,1
56,10,0.100000,0.000000,0,0,0.000000,0,0.000000,0.000000,0.000000,0,0
56,11,0.100000,0.100000,0,0,0.000000,0,0.000000,0.000000,0.000000,0,0
56,12,0.100000,0.200000,0,0,0.000000,0,0.000000,0.000000,0.000000,0,0
56,13,0.100000,0.300000,0,0,0.000000,0,0.000000,0.000000,0.000000,0,0
56,14,0.100000,0.400000,0,0,0.000000,0,0.000000,0.000000,0.000000,0,0
56,15,0.100000,0.500000,0,0,0.000000,0,0.000000,0.000000,0.000000,0,0
56,16,0.100000,0.600000,0,0,0.000000,0,0.000000,0.000000,0.000000,0,0
56,17,0.100000,0.700000,0,0,0.000000,0,0.000000,0.000000,0.000000,0,0
56,18,0.100000,0.800000,0,0,0.000000,0,0.000000,0.000000,0.000000,0,0
56,19,0.100000,0.900000,0,0,0.000000,0,0.000000,0.000000,0.000000,0,0
56,20,0.200000,0.000000,0,0,0.000000,0,0.000000,0.000000,0.000000,0,0
56,21,0.200000,0.100000,0,0,0.000000,0,0.000000,0.000000,0.000000,0,0
56,22,0.200000,0.200000,0,0,0.000000,0,0.000000,0.000000,0.000000,0,0
56,23,0.200000,0.300000,0,0,0.000000,0,0.000000,0.000000,0.000000,0,0
56,24,0.200000,0.400000,0,0,0.000000,0,0.000000,0.000000,0.000000,0,0
56,25,0.200000,0.500000,0,0,0.000000,0,0.000000,0.000000,0.000000,0,0
56,26,0.200000,0.600000,0,0,0.000000,0,0.000000,0.000000,0.000000,0,0
56,27,0.200000,0.700000,0,0,0.000000,0,0.000000,0.000000,0.000000,0,0
56,28,0.200000,0.800000,0,0,0.000000,0,0.000000,0.000000,0.000000,0,0
56,29,0.200000,0.900000,0,0,0.000000,0,0.000000,0.000000,0.000000,0,0
56,30,0.300000,0.000000,0,0,0.000000,0,0.000000,0.000000,0.000000,0,0
56,31,0.300000,0.100000,0,0,0.000000,0,0.000000,0.000000,0.000000,0,0
56,32,0.300000,0.200000,0,0,0.000000,0,0.000000,0.000000,0.000000,0,0
56,33,0.300000,0.300000,0,0,0.000000,0,0.000000,0.000000,0.000000,0,0
56,34,0.300000,0.400000,0,0,0.000000,0,0.000000,0.000000,0.000000,0,0
56,35,0.300000,0.500000,0,0,0.000000,0,0.000000,0.000000,0.000000,0,0
56,36,0.300000,0.600000,0,0,0.000000,0,0.000000,0.000000,0.000000,0,0
56,37,0.300000,0.700000,0,0,0.000000,0,0.000000,0.000000,0.000000,0,0
56,38,0.300000,0.800000,0,0,0.000000,0,0.000000,0.000000,0.000000,0,0
56,39,0.300000,0.900000,0,0,0.000000,0,0.000000,0.000000,0.000000,0,0
56,40,0.400000,0.000000,0,0,0.000000,0,0.000000,0.000000,0.000000,100,45
56,41,0.400000,0.100000,0,0,0.000000,0,0.000000,0.000000,0.000000,0,0
56,42,0.400000,0.200000,0,0,0.000000,0,0.000000,0.000000,0.000000,0,0
56,43,0.400000,0.300000,0,0,0.000000,0,0.000000,0.000000,0.000000,0,0
56,44,0.400000,0.400000,0,0,0.000000,0,0.000000,0.000000,0.000000,0,0
56,45,0.400000,0.500000,0,0,0.000000,0,0.000000,0.000000,0.000000,0,0
56,46,0.400000,0.600000,0,0,0.000000,0,0.000000,0.000000,0.000000,0,0
56,47,0.400000,0.700000,0,0,0.000000,0,0.000000,0.000000,0.000000,0,0
56,48,0.400000,0.800000,0,0,0.000000,0,0.000000,0.000000,0.000000,0,0
56,49,0.400000,0.900000,0,0,0.000000,0,0.000000,0.000000,0.000000,100,71
56,50,0.500000,0.000000,0,0,0.000000,0,0.000000,0.000000,0.000000,0,0
56,51,0.500000,0.100000,0,0,0.000000,0,0.000000,0.000000,0.000000,0,0
56,52,0.500000,0.200000,0,0,0.000000,0,0.000000,0.000000,0.000000,0,0
56,53,0.500000,0.300000,0,0,0.000000,0,0.000000,0.000000,0.000000,0,0
56,54,0.500000,0.400000,0,0,0.000000,0,0.000000,0.000000,0.000000,0,0
56,55,0.500000,0.500000,0,0,0.000000,0,0.000000,0.000000,0.000000,0,0
56,56,0.500000,0.600000,0,0,0.000000,0,0.000000,0.000000,0.000000,0,0
56,57,0.500000,0.700000,0,0,0.000000,0,0.000000,0.000000,0.000000,0,0
56,58,0.500000,0.800000,0,0,0.000000,0,0.000000,0.000000,0.000000,0,0
56,59,0.500000,0.900000,0,0,0.000000,0,0.000000,0.000000,0.000000,0,0
56,60,0.600000,0.000000,0,0,0.000000,0,0.000000,0.000000,0.000000,0,0
56,61,0.600000,0.100000,0,0,0.000000,0,0.000000,0.000000,0.000000,0,0
56,62,0.600000,0.200000,0,0,0.000000,0,0.000000,0.000000,0.000000,0,0
56,63,0.600000,0.300000,0,0,0.000000,0,0.000000,0.000000,0.000000,0,0
56,64,0.600000,0.400000,0,0,0.000000,0,0.000000,0.000000,0.000000,0,0
56,65,0.600000,0.500000,0,0,0.000000,0,0.000000,0.000000,0.000000,0,0
56,66,0.600000,0.600000,0,0,0.000000,0,0.000000,0.000000,0.000000,0,0
56,67,0.600000,0.700000,0,0,0.000000,0,0.000000,0.000000,0.000000,0,0
56,68,0.600000,0.800000,0,0,0.000000,0,0.000000,0.000000,0.000000,0,0
56,69,0.600000,0.900000,0,0,0.000000,0,0.000000,0.000000,0.000000,0,0
56,70,0.700000,0.000000,0,0,0.000000,0,0.000000,0.000000,0.000000,0,0
56,71,0.700000,0.100000,0,0,0.000000,0,0.000000,0.000000,0.000000,0,0
56,72,0.700000,0.200000,0,0,0.000000,0,0.000000,0.000000,0.000000,0,0
56,73,0.700000,0.300000,0,0,0.000000,0,0.000000,0.000000,0.000000,0,0
56,74,0.700000,0.400000,0,0,0.000000,0,0.000000,0.000000,0.000000,0,0
56,75,0.700000,0.500000,0,0,0.000000,0,0.000000,0.000000,0.000000,0,0
56,76,0.700000,0.600000,0,0,0.000000,0,0.000000,0.000000,0.000000,0,0
56,77,0.700000,0.700000,0,0,0.000000,0,0.000000,0.000000,0.000000,0,0
56,78,0.700000,0.800000,0,0,0.000000,0,0.000000,0.000000,0.000000,0,0
56,79,0.700000,0.900000,0,0,0.000000,0,0.000000,0.000000,0.000000,0,0
56,80,0.800000,0.000000,0,0,0.000000,0,0.000000,0.000000,0.000000,0,0
56,81,0.800000,0.100000,0,0,0.000000,0,0.000000,0.000000,0.000000,0,0
56,82,0.800000,0.200000,0,0,0.000000,0,0.000000,0.000000,0.000000,0,0
56,83,0.800000,0.300000,0,0,0.000000,0,0.000000,0.000000,0.000000,0,0
56,84,0.800000,0.400000,0,0,0.000000,0,0.000000,0.000000,0.000000,0,0
56,85,0.800000,0.500000,0,0,0.000000,0,0.000000,0.000000,0.000000,0,0
56,86,0.800000,0.600000,0,0,0.000000,0,0.000000,0.000000,0.000000,0,0
56,87,0.800000,0.700000,0,0,0.000000,0,0.000000,0.000000,0.000000,0,0
56,88,0.800000,0.800000,0,0,0.000000,0,0.000000,0.000000,0.000000,0,0
56,89,0.800000,0.900000,0,0,0.000000,0,0.000000,0.000000,0.000000,0,0
56,90,0.900000,0.000000,0,0,0.000000,0,0.000000,0.000000,0.000000,0,0
56,91,0.900000,0.100000,0,0,0.000000,0,0.000000,0.000000,0.000000,0,0
56,92,0.900000,0.200000,0,0,0.000000,0,0.000000,0.000000,0.000000,0,0
56,93,0.900000,0.300000,0,0,0.000000,0,0.000000,0.000000,0.000000,0,0
56,94,0.900000,0.400000,0,0,0.000000,0,0.000000,0.000000,0.000000,0,0
56,95,0.900000,0.500000,0,0,0.000000,0,0.000000,0.000000,0.000000,0,0
56,96,0.900000,0.600000,0,0,0.000000,0,0.000000,0.000000,0.000000,0,0
56,97,0.900000,0.700000,0,0,0.000000,0,0.000000,0.000000,0.000000,0,0
56,98,0.900000,0.800000,0,0,0.000000,0,0.000000,0.000000,0.000000,0,0
56,99,0.900000,0.900000,0,53,0.000000,53,53.844483,5.384448,2899.228329,100,1
57,0,0.000000,0.000000,0,74,0.000000,74,74.414012,7.441401,5537.445255,100,1
57,1,0.000000,0.100000,0,0,0.000000,0,0.000000,0.000000,0.000000,0,0
57,2,0.000000,0.200000,0,0,0.000000,0,0.000000,0.000000,0.000000,0,0
57,3,0.000000,0.300000,0,0,0.000000,0,0.000000,0.000000,0.000000,0,0
57,4,0.000000,0.400000,0,0,0.000000,0,0.000000,0.000000,0.000000,0,0
57,5,0.000000,0.500000,0,0,0.000000,0,0.000000,0.000000,0.000000,0,0
57,6,0.000000,0.600000,0,0,0.000000,0,0.000000,0.000000,0.000000,0,0
57,7,0.000000,0.700000,0,0,0.000000,0,0.000000,0.000000,0.000000,0,0
57,8,0.000000,0.800000,0,0,0.000000,0,0.000000,0.000000,0.000000,0,0
57,9,0.000000,0.900000,0,74,0.000000,74,74.412038,7.441204,5537.151419,100,1
57,10,0.100000,0.000000,0,0,0.000000,0,0.000000,0.000000,0.000000,0,0
57,11,0.100000,0.100000,0,0,0.000000,0,0.000000,0.000000,0.000000,0,0
57,12,0.100000,0.200000,0,0,0.000000,0,0.000000,0.000000,0.000000,0,0
57,13,0.100000,0.300000,0,0,0.000000,0,0.000000,0.000000,0.000000,0,0
57,14,0.100000,0.400000,0,0,0.000000,0,0.000000,0.000000,0.000000,0,0
57,15,0.100000,0.500000,0,0,0.000000,0,0.000000,0.000000,0.000000,0,0
57,16,0.100000,0.600000,0,0,0.000000,0,0.000000,0.000000,0.000000,0,0
57,17,0.100000,0.700000,0,0,0.000000,0,0.000000,0.000000,0.000000,0,0
57,18,0.100000,0.800000,0,0,0.000000,0,0.000000,0.000000,0.000000,0,0
57,19,0.100000,0.900000,0,0,0.000000,0,0.000000,0.000000,0.000000,0,0
57,20,0.200000,0.000000,0,0,0.000000,0,0.000000,0.000000,0.000000,0,0
57,21,0.200000,0.100000,0,0,0.000000,0,0.000000,0.000000,0.000000,0,0
57,22,0.200000,0.200000,0,0,0.000000,0,0.000000,0.000000,0.000000,0,0
57,23,0.200000,0.300000,0,0,0.000000,0,0.000000,0.000000,0.000000,0,0
57,24,0.200000,0.400000,0,0,0.000000,0,0.000000,0.000000,0.000000,0,0
57,25,0.200000,0.500000,0,0,0.000000,0,0.000000,0.000000,0.000000,0,0
57,26,0.200000,0.600000,0,0,0.000000,0,0.000000,0.000000,0.000000,0,0
57,27,0.200000,0.700000,0,0,0.000000,0,0.000000,0.000000,0.000000,0,0
57,28,0.200000,0.800000,0,0,0.000000,0,0.000000,0.000000,0.000000,0,0
57,29,0.200000,0.900000,0,0,0.000000,0,0.000000,0.000000,0.000000,0,0
57,30,0.300000,0.000000,0,0,0.000000,0,0.000000,0.000000,0.000000,0,0
57,31,0.300000,0.100000,0,0,0.000000,0,0.000000,0.000000,0.000000,0,0
57,32,0.300000,0.200000,0,0,0.000000,0,0.000000,0.000000,0.000000,0,0
57,33,0.300000,0.300000,0,0,0.000000,0,0.000000,0.000000,0.000000,0,0
57,34,0.300000,0.400000,0,0,0.000000,0,0.000000,0.000000,0.000000,0,0
57,35,0.300000,0.500000,0,0,0.000000,0,0.000000,0.000000,0.000000,0,0
57,36,0.300000,0.600000,0,0,0.000000,0,0.000000,0.000000,0.000000,0,0
57,37,0.300000,0.700000,0,0,0.000000,0,0.000000,0.000000,0.000000,0,0
57,38,0.300000,0.800000,0,0,0.000000,0,0.000000,0.000000,0.000000,0,0
57,39,0.300000,0.900000,0,0,0.000000,0,0.000000,0.000000,0.000000,0,0
57,40,0.400000,0.000000,0,0,0.000000,0,0.000000,0.000000,0.000000,100,45
57,41,0.400000,0.100000,0,0,0.000000,0,0.000000,0.000000,0.000000,0,0
57,42,0.400000,0.200000,0,0,0.000000,0,0.000000,0.000000,0.000000,0,0
57,43,0.400000,0.300000,0,0,0.000000,0,0.000000,0.000000,0.000000,0,0
57,44,0.400000,0.400000,0,0,0.000000,0,0.000000,0.000000,0.000000,0,0
57,45,0.400000,0.500000,0,0,0.000000,0,0.000000,0.000000,0.000000,0,0
57,46,0.400000,0.600000,0,0,0.000000,0,0.000000,0.000000,0.000000,0,0
57,47,0.400000,0.700000,0,0,0.000000,0,0.000000,0.000000,0.000000,0,0
57,48,0.400000,0.800000,0,0,0.000000,0,0.000000,0.000000,0.000000,0,0
57,49,0.400000,0.900000,0,0,0.000000,0,0.000000,0.000000,0.000000,100,71
57,50,0.500000,0.000000,0,0,0.000000,0,0.000000,0.000000,0.000000,0,0
57,51,0.500000,0.100000,0,0,0.000000,0,0.000000,0.000000,0.000000,0,0
57,52,0.500000,0.200000,0,0,0.000000,0,0.000000,0.000000,0.000000,0,0
57,53,0.500000,0.300000,0,0,0.000000,0,0.000000,0.000000,0.000000,0,0
57,54,0.500000,0.400000,0,0,0.000000,0,0.000000,0.000000,0.000000,0,0
57,55,0.500000,0.500000,0,0,0.000000,0,0.000000,0.000000,0.000000,0,0
57,56,0.500000,0.600000,0,0,0.000000,0,0.000000,0.000000,0.000000,0,0
57,57,0.500000,0.700000,0,0,0.000000,0,0.000000,0.000000,0.000000,0,0
57,58,0.500000,0.800000,0,0,0.000000,0,0.000000,0.000000,0.000000,0,0
57,59,0.500000,0.900000,0,0,0.000000,0,0.000000,0.000000,0.000000,0,0
57,60,0.600000,0.000000,0,0,0.000000,0,0.000000,0.000000,0.000000,0,0
57,61,0.600000,0.100000,0,0,0.000000,0,0.000000,0.000000,0.000000,0,0
57,62,0.600000,0.200000,0,0,0.000000,0,0.000000,0.000000,0.000000,0,0
57,63,0.600000,0.300000,0,0,0.000000,0,0.000000,0.000000,0.000000,0,0
57,64,0.600000,0.400000,0,0,0.000000,0,0.000000,0.000000,0.000000,0,0
57,65,0.600000,0.500000,0,0,0.000000,0,0.000000,0.000000,0.000000,0,0
57,66,0.600000,0.600000,0,0,0.000000,0,0.000000,0.000000,0.000000,0,0
57,67,0.600000,0.700000,0,0,0.000000,0,0.000000,0.000000,0.000000,0,0
57,68,0.600000,0.800000,0,0,0.000000,0,0.000000,0.000000,0.000000,0,0
57,69,0.600000,0.900000,0,0,0.000000,0,0.000000,0.000000,0.000000,0,0
57,70,0.700000,0.000000,0,0,0.000000,0,0.000000,0.000000,0.000000,0,0
57,71,0.700000,0.100000,0,0,0.000000,0,0.000000,0.000000,0.000000,0,0
57,72,0.700000,0.200000,0,0,0.000000,0,0.000000,0.000000,0.000000,0,0
57,73,0.700000,0.300000,0,0,0.000000,0,0.000000,0.000000,0.000000,0,0
57,74,0.700000,0.400000,0,0,0.000000,0,0.000000,0.000000,0.000000,0,0
57,75,0.700000,0.500000,0,0,0.000000,0,0.000000,0.000000,0.000000,0,0
57,76,0.700000,0.600000,0,0,0.000000,0,0.000000,0.000000,0.000000,0,0
57,77,0.700000,0.700000,0,0,0.000000,0,0.000000,0.000000,0.000000,0,0
57,78,0.700000,0.800000,0,0,0.000000,0,0.000000,0.000000,0.000000,0,0
57,79,0.700000,0.900000,0,0,0.000000,0,0.000000,0.000000,0.000000,0,0
57,80,0.800000,0.000000,0,0,0.000000,0,0.000000,0.000000,0.000000,0,0
57,81,0.800000,0.100000,0,0,0.000000,0,0.000000,0.000000,0.000000,0,0
57,82,0.800000,0.200000,0,0,0.000000,0,0.000000,0.000000,0.000000,0,0
57,83,0.800000,0.300000,0,0,0.000000,0,0.000000,0.000000,0.000000,0,0
57,84,0.800000,0.400000,0,0,0.000000,0,0.000000,0.000000,0.000000,0,0
57,85,0.800000,0.500000,0,0,0.000000,0,0.000000,0.000000,0.000000,0,0
57,86,0.800000,0.600000,0,0,0.000000,0,0.000000,0.000000,0.000000,0,0
57,87,0.800000,0.700000,0,0,0.000000,0,0.000000,0.000000,0.000000,0,0
57,88,0.800000,0.800000,0,0,0.000000,0,0.000000,0.000000,0.000000,0,0
57,89,0.800000,0.900000,0,0,0.000000,0,0.000000,0.000000,0.000000,0,0
57,90,0.900000,0.000000,0,0,0.000000,0,0.000000,0.000000,0.000000,0,0
57,91,0.900000,0.100000,0,0,0.000000,0,0.000000,0.000000,0.000000,0,0
57,92,0.900000,0.200000,0,0,0.000000,0,0.000000,0.000000,0.000000,0,0
57,93,0.900000,0.300000,0,0,0.000000,0,0.000000,0.000000,0.000000,0,0
57,94,0.900000,0.400000,0,0,0.000000,0,0.000000,0.000000,0.000000,0,0
57,95,0.900000,0.500000,0,0,0.000000,0,0.000000,0.000000,0.000000,0,0
57,96,0.900000,0.600000,0,0,0.000000,0,0.000000,0.000000,0.000000,0,0
57,97,0.900000,0.700000,0,0,0.000000,0,0.000000,0.000000,0.000000,0,0
57,98,0.900000,0.800000,0,0,0.000000,0,0.000000,0.000000,0.000000,0,0
57,99,0.900000,0.900000,0,53,0.000000,53,53.844483,5.384448,2899.228329,100,1
58,0,0.000000,0.000000,0,74,0.000000,74,74.414012,7.441401,5537.445255,100,1
58,1,0.000000,0.100000,0,0,0.000000,0,0.000000,0.000000,0.000000,0,0
58,2,0.000000,0.200000,0,0,0.000000,0,0.000000,0.000000,0.000000,0,0
58,3,0.000000,0.300000,0,0,0.000000,0,0.000000,0.000000,0.000000,0,0
58,4,0.000000,0.400000,0,0,0.000000,0,0.000000,0.000000,0.000000,0,0
58,5,0.000000,0.500000,0,0,0.000000,0,0.000000,0.000000,0.000000,0,0
58,6,0.000000,0.600000,0,0,0.000000,0,0.000000,0.000000,0.000000,0,0
58,7,0.000000,0.700000,0,0,0.000000,0,0.000000,0.000000,0.000000,0,0
58,8,0.000000,0.800000,0,0,0.000000,0,0.000000,0.000000,0.000000,0,0
58,9,0.000000,0.900000,0,74,0.000000,74,74.412038,7.441204,5537.151419,100,1
58,10,0.100000,0.000000,0,0,0.000000,0,0.000000,0.000000,0.000000,0,0
58,11,0.100000,0.100000,0,0,0.000000,0,0.000000,0.000000,0.000000,0,0
58,12,0.100000,0.200000,0,0,0.000000,0,0.000000,0.000000,0.000000,0,0
58,13,0.100000,0.300000,0,0,0.000000,0,0.000000,0.000000,0.000000,0,0
58,14,0.100000,0.400000,0,0,0.000000,0,0.000000,0.000000,0.000000,0,0
58,15,0.100000,0.500000,0,0,0.000000,0,0.000000,0.000000,0.000000,0,0
58,16,0.100000,0.600000,0,0,0.000000,0,0.000000,0.000000,0.000000,0,0
58,17,0.100000,0.700000,0,0,0.000000,0,0.000000,0.000000,0.000000,0,0
58,18,0.100000,0.800000,0,0,0.000000,0,0.000000,0.000000,0.000000,0,0
58,19,0.100000,0.900000,0,0,0.000000,0,0.000000,0.000000,0.000000,0,0
58,20,0.200000,0.000000,0,0,0.000000,0,0.000000,0.000000,0.000000,0,0
58,21,0.200000,0.100000,0,0,0.000000,0,0.000000,0.000000,0.000000,0,0
58,22,0.200000,0.200000,0,0,0.000000,0,0.000000,0.000000,0.000000,0,0
58,23,0.200000,0.300000,0,0,0.000000,0,0.000000,0.000000,0.000000,0,0
58,24,0.200000,0.400000,0,0,0.000000,0,0.000000,0.000000,0.000000,0,0
58,25,0.200000,0.500000,0,0,0.000000,0,0.000000,0.000000,0.000000,0,0
58,26,0.200000,0.600000,0,0,0.000000,0,0.000000,0.000000,0.000000,0,0
58,27,0.200000,0.700000,0,0,0.000000,0,0.000000,0.000000,0.000000,0,0
58,28,0.200000,0.800000,0,0,0.000000,0,0.000000,0.000000,0.000000,0,0
58,29,0.200000,0.900000,0,0,0.000000,0,0.000000,0.000000,0.000000,0,0
58,30,0.300000,0.000000,0,0,0.000000,0,0.000000,0.000000,0.000000,0,0
58,31,0.300000,0.100000,0,0,0.000000,0,0.000000,0.000000,0.000000,0,0
58,32,0.300000,0.200000,0,0,0.000000,0,0.000000,0.000000,0.000000,0,0
58,33,0.300000,0.300000,0,0,0.000000,0,0.000000,0.000000,0.000000,0,0
58,34,0.300000,0.400000,0,0,0.000000,0,0.000000,0.000000,0.000000,0,0
58,35,0.300000,0.500000,0,0,0.000000,0,0.000000,0.000000,0.000000,0,0
58,36,0.300000,0.600000,0,0,0.000000,0,0.000000,0.000000,0.000000,0,0
58,37,0.300000,0.700000,0,0,0.000000,0,0.000000,0.000000,0.000000,0,0
58,38,0.300000,0.800000,0,0,0.000000,0,0.000000,0.000000,0.000000,0,0
58,39,0.300000,0.900000,0,0,0.000000,0,0.000000,0.000000,0.000000,0,0
58,40,0.400000,0.000000,0,0,0.000000,0,0.000000,0.000000,0.000000,100,45
58,41,0.400000,0.100000,0,0,0.000000,0,0.000000,0.000000,0.000000,0,0
58,42,0.400000,0.200000,0,0,0.000000,0,0.000000,0.000000,0.000000,0,0
58,43,0.400000,0.300000,0,0,0.000000,0,0.000000,0.000000,0.000000,0,0
58,44,0.400000,0.400000,0,0,0.000000,0,0.000000,0.000000,0.000000,0,0
58,45,0.400000,0.500000,0,0,0.000000,0,0.000000,0.000000,0.000000,0,0
58,46,0.400000,0.600000,0,0,0.000000,0,0.000000,0.000000,0.000000,0,0
58,47,0.400000,0.700000,0,0,0.000000,0,0.000000,0.000000,0.000000,0,0
58,48,0.400000,0.800000,0,0,0.000000,0,0.000000,0.000000,0.000000,0,0
58,49,0.400000,0.900000,0,0,0.000000,0,0.000000,0.000000,0.000000,100,71
58,50,0.500000,0.000000,0,0,0.000000,0,0.000000,0.000000,0.000000,0,0
58,51,0.500000,0.100000,0,0,0.000000,0,0.000000,0.000000,0.000000,0,0
58,52,0.500000,0.200000,0,0,0.000000,0,0.000000,0.000000,0.000000,0,0
58,53,0.500000,0.300000,0,0,0.000000,0,0.000000,0.000000,0.000000,0,0
58,54,0.500000,0.400000,0,0,0.000000,0,0.000000,0.000000,0.000000,0,0
58,55,0.500000,0.500000,0,0,0.000000,0,0.000000,0.000000,0.000000,0,0
58,56,0.500000,0.600000,0,0,0.000000,0,0.000000,0.000000,0.000000,0,0
58,57,0.500000,0.700000,0,0,0.000000,0,0.000000,0.000000,0.000000,0,0
58,58,0.500000,0.800000,0,0,0.000000,0,0.000000,0.000000,0.000000,0,0
58,59,0.500000,0.900000,0,0,0.000000,0,0.000000,0.000000,0.000000,0,0
58,60,0.600000,0.000000,0,0,0.000000,0,0.000000,0.000000,0.000000,0,0
58,61,0.600000,0.100000,0,0,0.000000,0,0.000000,0.000000,0.000000,0,0
58,62,0.600000,0.200000,0,0,0.000000,0,0.000000,0.000000,0.000000,0,0
58,63,0.600000,0.300000,0,0,0.000000,0,0.000000,0.000000,0.000000,0,0
58,64,0.600000,0.400000,0,0,0.000000,0,0.000000,0.000000,0.000000,0,0
58,65,0.600000,0.500000,0,0,0.000000,0,0.000000,0.000000,0.000000,0,0
58,66,0.600000,0.600000,0,0,0.000000,0,0.000000,0.000000,0.000000,0,0
58,67,0.600000,0.700000,0,0,0.000000,0,0.000000,0.000000,0.000000,0,0
58,68,0.600000,0.800000,0,0,0.000000,0,0.000000,0.000000,0.000000,0,0
58,69,0.600000,0.900000,0,0,0.000000,0,0.000000,0.000000,0.000000,0,0
58,70,0.700000,0.000000,0,0,0.000000,0,0.000000,0.000000,0.000000,0,0
58,71,0.700000,0.100000,0,0,0.000000,0,0.000000,0.000000,0.000000,0,0
58,72,0.700000,0.200000,0,0,0.000000,0,0.000000,0.000000,0.000000,0,0
58,73,0.700000,0.300000,0,0,0.000000,0,0.000000,0.000000,0.000000,0,0
58,74,0.700000,0.400000,0,0,0.000000,0,0.000000,0.000000,0.000000,0,0
58,75,0.700000,0.500000,0,0,0.000000,0,0.000000,0.000000,0.000000,0,0
58,76,0.700000,0.600000,0,0,0.000000,0,0.000000,0.000000,0.000000,0,0
58,77,0.700000,0.700000,0,0,0.000000,0,0.000000,0.000000,0.000000,0,0
58,78,0.700000,0.800000,0,0,0.000000,0,0.000000,0.000000,0.000000,0,0
58,79,0.700000,0.900000,0,0,0.000000,0,0.000000,0.000000,0.000000,0,0
58,80,0.800000,0.000000,0,0,0.000000,0,0.000000,0.000000,0.000000,0,0
58,81,0.800000,0.100000,0,0,0.000000,0,0.000000,0.000000,0.000000,0,0
58,82,0.800000,0.200000,0,0,0.000000,0,0.000000,0.000000,0.000000,0,0
58,83,0.800000,0.300000,0,0,0.000000,0,0.000000,0.000000,0.000000,0,0
58,84,0.800000,0.400000,0,0,0.000000,0,0.000000,0.000000,0.000000,0,0
58,85,0.800000,0.500000,0,0,0.000000,0,0.000000,0.000000,0.000000,0,0
58,86,0.800000,0.600000,0,0,0.000000,0,0.000000,0.000000,0.000000,0,0
58,87,0.800000,0.700000,0,0,0.000000,0,0.000000,0.000000,0.000000,0,0
58,88,0.800000,0.800000,0,0,0.000000,0,0.000000,0.000000,0.000000,0,0
58,89,0.800000,0.900000,0,0,0.000000,0,0.000000,0.000000,0.000000,0,0
58,90,0.900000,0.000000,0,0,0.000000,0,0.000000,0.000000,0.000000,0,0
58,91,0.900000,0.100000,0,0,0.000000,0,0.000000,0.000000,0.000000,0,0
58,92,0.900000,0.200000,0,0,0.000000,0,0.000000,0.000000,0.000000,0,0
58,93,0.900000,0.300000,0,0,0.000000,0,0.000000,0.000000,0.000000,0,0
58,94,0.900000,0.400000,0,0,0.000000,0,0.000000,0.000000,0.000000,0,0
58,95,0.900000,0.500000,0,0,0.000000,0,0.000000,0.000000,0.000000,0,0
58,96,0.900000,0.600000,0,0,0.000000,0,0.000000,0.000000,0.000000,0,0
58,97,0.900000,0.700000,0,0,0.000000,0,0.000000,0.000000,0.000000,0,0
58,98,0.900000,0.800000,0,0,0.000000,0,0.000000,0.000000,0.000000,0,0
58,99,0.900000,0.900000,0,53,0.000000,53,53.844483,5.384448,2899.228329,100,1
59,0,0.000000,0.000000,0,74,0.000000,74,74.414012,7.441401,5537.445255,100,1
59,1,0.000000,0.100000,0,0,0.000000,0,0.000000,0.000000,0.000000,0,0
59,2,0.000000,0.200000,0,0,0.000000,0,0.000000,0.000000,0.000000,0,0
59,3,0.000000,0.300000,0,0,0.000000,0,0.000000,0.000000,0.000000,0,0
59,4,0.000000,0.400000,0,0,0.000000,0,0.000000,0.000000,0.000000,0,0
59,5,0.000000,0.500000,0,0,0.000000,0,0.000000,0.000000,0.000000,0,0
59,6,0.000000,0.600000,0,0,0.000000,0,0.000000,0.000000,0.000000,0,0
59,7,0.000000,0.700000,0,0,0.000000,0,0.000000,0.000000,0.000000,0,0
59,8,0.000000,0.800000,0,0,0.000000,0,0.000000,0.000000,0.000000,0,0
59,9,0.000000,0.900000,0,74,0.000000,74,74.412038,7.441204,5537.151419,100,1
59,10,0.100000,0.000000,0,0,0.000000,0,0.000000,0.000000,0.000000,0,0
59,11,0.100000,0.100000,0,0,0.000000,0,0.000000,0.000000,0.000000,0,0
59,12,0.100000,0.200000,0,0,0.000000,0,0.000000,0.000000,0.000000,0,0
59,13,0.100000,0.300000,0,0,0.000000,0,0.000000,0.000000,0.000000,0,0
59,14,0.100000,0.400000,0,0,0.000000,0,0.000000,0.000000,0.000000,0,0
59,15,0.100000,0.500000,0,0,0.000000,0,0.000000,0.000000,0.000000,0,0
59,16,0.100000,0.600000,0,0,0.000000,0,0.000000,0.000000,0.000000,0,0
59,17,0.100000,0.700000,0,0,0.000000,0,0.000000,0.000000,0.000000,0,0
59,18,0.100000,0.800000,0,0,0.000000,0,0.000000,0.000000,0.000000,0,0
59,19,0.100000,0.900000,0,0,0.000000,0,0.000000,0.000000,0.000000,0,0
59,20,0.200000,0.000000,0,0,0.000000,0,0.000000,0.000000,0.000000,0,0
59,21,0.200000,0.100000,0,0,0.000000,0,0.000000,0.000000,0.000000,0,0
59,22,0.200000,0.200000,0,0,0.000000,0,0.000000,0.000000,0.000000,0,0
59,23,0.200000,0.300000,0,0,0.000000,0,0.000000,0.000000,0.000000,0,0
59,24,0.200000,0.400000,0,0,0.000000,0,0.000000,0.000000,0.000000,0,0
59,25,0.200000,0.500000,0,0,0.000000,0,0.000000,0.000000,0.000000,0,0
59,26,0.200000,0.600000,0,0,0.000000,0,0.000000,0.000000,0.000000,0,0
59,27,0.200000,0.700000,0,0,0.000000,0,0.000000,0.000000,0.000000,0,0
59,28,0.200000,0.800000,0,0,0.000000,0,0.000000,0.000000,0.000000,0,0
59,29,0.200000,0.900000,0,0,0.000000,0,0.000000,0.000000,0.000000,0,0
59,30,0.300000,0.000000,0,0,0.000000,0,0.000000,0.000000,0.000000,0,0
59,31,0.300000,0.100000,0,0,0.000000,0,0.000000,0.000000,0.000000,0,0
59,32,0.300000,0.200000,0,0,0.000000,0,0.000000,0.000000,0.000000,0,0
59,33,0.300000,0.300000,0,0,0.000000,0,0.000000,0.000000,0.000000,0,0
59,34,0.300000,0.400000,0,0,0.000000,0,0.000000,0.000000,0.000000,0,0
59,35,0.300000,0.500000,0,0,0.000000,0,0.000000,0.000000,0.000000,0,0
59,36,0.300000,0.600000,0,0,0.000000,0,0.000000,0.000000,0.000000,0,0
59,37,0.300000,0.700000,0,0,0.000000,0,0.000000,0.000000,0.000000,0,0
59,38,0.300000,0.800000,0,0,0.000000,0,0.000000,0.000000,0.000000,0,0
59,39,0.300000,0.900000,0,0,0.000000,0,0.000000,0.000000,0.000000,0,0
59,40,0.400000,0.000000,0,0,0.000000,0,0.000000,0.000000,0.000000,100,45
59,41,0.400000,0.100000,0,0,0.000000,0,0.000000,0.000000,0.000000,0,0
59,42,0.400000,0.200000,0,0,0.000000,0,0.000000,0.000000,0.000000,0,0
59,43,0.400000,0.300000,0,0,0.000000,0,0.000000,0.000000,0.000000,0,0
59,44,0.400000,0.400000,0,0,0.000000,0,0.000000,0.000000,0.000000,0,0
59,45,0.400000,0.500000,0,0,0.000000,0,0.000000,0.000000,0.000000,0,0
59,46,0.400000,0.600000,0,0,0.000000,0,0.000000,0.000000,0.000000,0,0
59,47,0.400000,0.700000,0,0,0.000000,0,0.000000,0.000000,0.000000,0,0
59,48,0.400000,0.800000,0,0,0.000000,0,0.000000,0.000000,0.000000,0,0
59,49,0.400000,0.900000,0,0,0.000000,0,0.000000,0.000000,0.000000,100,71
59,50,0.500000,0.000000,0,0,0.000000,0,0.000000,0.000000,0.000000,0,0
59,51,0.500000,0.100000,0,0,0.000000,0,0.000000,0.000000,0.000000,0,0
59,52,0.500000,0.200000,0,0,0.000000,0,0.000000,0.000000,0.000000,0,0
59,53,0.500000,0.300000,0,0,0.000000,0,0.000000,0.000000,0.000000,0,0
59,54,0.500000,0.400000,0,0,0.000000,0,0.000000,0.000000,0.000000,0,0
59,55,0.500000,0.500000,0,0,0.000000,0,0.000000,0.000000,0.000000,0,0
59,56,0.500000,0.600000,0,0,0.000000,0,0.000000,0.000000,0.000000,0,0
59,57,0.500000,0.700000,0,0,0.000000,0,0.000000,0.000000,0.000000,0,0
59,58,0.500000,0.800000,0,0,0.000000,0,0.000000,0.000000,0.000000,0,0
59,59,0.500000,0.900000,0,0,0.000000,0,0.000000,0.000000,0.000000,0,0
59,60,0.600000,0.000000,0,0,0.000000,0,0.000000,0.000000,0.000000,0,0
59,61,0.600000,0.100000,0,0,0.000000,0,0.000000,0.000000,0.000000,0,0
59,62,0.600000,0.200000,0,0,0.000000,0,0.000000,0.000000,0.000000,0,0
59,63,0.600000,0.300000,0,0,0.000000,0,0.000000,0.000000,0.000000,0,0
59,64,0.600000,0.400000,0,0,0.000000,0,0.000000,0.000000,0.000000,0,0
59,65,0.600000,0.500000,0,0,0.000000,0,0.000000,0.000000,0.000000,0,0
59,66,0.600000,0.600000,0,0,0.000000,0,0.000000,0.000000,0.000000,0,0
59,67,0.600000,0.700000,0,0,0.000000,0,0.000000,0.000000,0.000000,0,0
59,68,0.600000,0.800000,0,0,0.000000,0,0.000000,0.000000,0.000000,0,0
59,69,0.600000,0.900000,0,0,0.000000,0,0.000000,0.000000,0.000000,0,0
59,70,0.700000,0.000000,0,0,0.000000,0,0.000000,0.000000,0.000000,0,0
59,71,0.700000,0.100000,0,0,0.000000,0,0.000000,0.000000,0.000000,0,0
59,72,0.700000,0.200000,0,0,0.000000,0,0.000000,0.000000,0.000000,0,0
59,73,0.700000,0.300000,0,0,0.000000,0,0.000000,0.000000,0.000000,0,0
59,74,0.700000,0.400000,0,0,0.000000,0,0.000000,0.000000,0.000000,0,0
59,75,0.700000,0.500000,0,0,0.000000,0,0.000000,0.000000,0.000000,0,0
59,76,0.700000,0.600000,0,0,0.000000,0,0.000000,0.000000,0.000000,0,0
59,77,0.700000,0.700000,0,0,0.000000,0,0.000000,0.000000,0.000000,0,0
59,78,0.700000,0.800000,0,0,0.000000,0,0.000000,0.000000,0.000000,0,0
59,79,0.700000,0.900000,0,0,0.000000,0,0.000000,0.000000,0.000000,0,0
59,80,0.800000,0.000000,0,0,0.000000,0,0.000000,0.000000,0.000000,0,0
59,81,0.800000,0.100000,0,0,0.000000,0,0.000000,0.000000,0.000000,0,0
59,82,0.800000,0.200000,0,0,0.000000,0,0.000000,0.000000,0.000000,0,0
59,83,0.800000,0.300000,0,0,0.000000,0,0.000000,0.000000,0.000000,0,0
59,84,0.800000,0.400000,0,0,0.000000,0,0.000000,0.000000,0.000000,0,0
59,85,0.800000,0.500000,0,0,0.000000,0,0.000000,0.000000,0.000000,0,0
59,86,0.800000,0.600000,0,0,0.000000,0,0.000000,0.000000,0.000000,0,0
59,87,0.800000,0.700000,0,0,0.000000,0,0.000000,0.000000,0.000000,0,0
59,88,0.800000,0.800000,0,0,0.000000,0,0.000000,0.000000,0.000000,0,0
59,89,0.800000,0.900000,0,0,0.000000,0,0.000000,0.000000,0.000000,0,0
59,90,0.900000,0.000000,0,0,0.000000,0,0.000000,0.000000,0.000000,0,0
59,91,0.900000,0.100000,0,0,0.000000,0,0.000000,0.000000,0.000000,0,0
59,92,0.900000,0.200000,0,0,0.000000,0,0.000000,0.000000,0.000000,0,0
59,93,0.900000,0.300000,0,0,0.000000,0,0.000000,0.000000,0.000000,0,0
59,94,0.900000,0.400000,0,0,0.000000,0,0.000000,0.000000,0.000000,0,0
59,95,0.900000,0.500000,0,0,0.000000,0,0.000000,0.000000,0.000000,0,0
59,96,0.900000,0.600000,0,0,0.000000,0,0.000000,0.000000,0.000000,0,0
59,97,0.900000,0.700000,0,0,0.000000,0,0.000000,0.000000,0.000000,0,0
59,98,0.900000,0.800000,0,0,0.000000,0,0.000000,0.000000,0.000000,0,0
59,99,0.900000,0.900000,0,53,0.000000,53,53.844483,5.384448,2899.228329,100,1
60,0,0.000000,0.000000,0,74,0.000000,74,74.414012,7.441401,5537.445255,100,1
60,1,0.000000,0.100000,0,0,0.000000,0,0.000000,0.000000,0.000000,0,0
60,2,0.000000,0.200000,0,0,0.000000,0,0.000000,0.000000,0.000000,0,0
60,3,0.000000,0.300000,0,0,0.000000,0,0.000000,0.000000,0.000000,0,0
60,4,0.000000,0.400000,0,0,0.000000,0,0.000000,0.000000,0.000000,0,0
60,5,0.000000,0.500000,0,0,0.000000,0,0.000000,0.000000,0.000000,0,0
60,6,0.000000,0.600000,0,0,0.000000,0,0.000000,0.000000,0.000000,0,0
60,7,0.000000,0.700000,0,0,0.000000,0,0.000000,0.000000,0.000000,0,0
60,8,0.000000,0.800000,0,0,0.000000,0,0.000000,0.000000,0.000000,0,0
60,9,0.000000,0.900000,0,74,0.000000,74,74.412038,7.441204,5537.151419,100,1
60,10,0.100000,0.000000,0,0,0.000000,0,0.000000,0.000000,0.000000,0,0
60,11,0.100000,0.100000,0,0,0.000000,0,0.000000,0.000000,0.000000,0,0
60,12,0.100000,0.200000,0,0,0.000000,0,0.000000,0.000000,0.000000,0,0
60,13,0.100000,0.300000,0,0,0.000000,0,0.000000,0.000000,0.000000,0,0
60,14,0.100000,0.400000,0,0,0.000000,0,0.000000,0.000000,0.000000,0,0
60,15,0.100000,0.500000,0,0,0.000000,0,0.000000,0.000000,0.000000,0,0
60,16,0.100000,0.600000,0,0,0.000000,0,0.000000,0.000000,0.000000,0,0
60,17,0.100000,0.700000,0,0,0.000000,0,0.000000,0.000000,0.000000,0,0
60,18,0.100000,0.800000,0,0,0.000000,0,0.000000,0.000000,0.000000,0,0
60,19,0.100000,0.900000,0,0,0.000000,0,0.000000,0.000000,0.000000,0,0
60,20,0.200000,0.000000,0,0,0.000000,0,0.000000,0.000000,0.000000,0,0
60,21,0.200000,0.100000,0,0,0.000000,0,0.000000,0.000000,0.000000,0,0
60,22,0.200000,0.200000,0,0,0.000000,0,0.000000,0.000000,0.000000,0,0
60,23,0.200000,0.300000,0,0,0.000000,0,0.000000,0.000000,0.000000,0,0
60,24,0.200000,0.400000,0,0,0.000000,0,0.000000,0.000000,0.000000,0,0
60,25,0.200000,0.500000,0,0,0.000000,0,0.000000,0.000000,0.000000,0,0
60,26,0.200000,0.600000,0,0,0.000000,0,0.000000,0.000000,0.000000,0,0
60,27,0.200000,0.700000,0,0,0.000000,0,0.000000,0.000000,0.000000,0,0
60,28,0.200000,0.800000,0,0,0.000000,0,0.000000,0.000000,0.000000,0,0
60,29,0.200000,0.900000,0,0,0.000000,0,0.000000,0.000000,0.000000,0,0
60,30,0.300000,0.000000,0,0,0.000000,0,0.000000,0.000000,0.000000,0,0
60,31,0.300000,0.100000,0,0,0.000000,0,0.000000,0.000000,0.000000,0,0
60,32,0.300000,0.200000,0,0,0.000000,0,0.000000,0.000000,0.000000,0,0
60,33,0.300000,0.300000,0,0,0.000000,0,0.000000,0.000000,0.000000,0,0
60,34,0.300000,0.400000,0,0,0.000000,0,0.000000,0.000000,0.000000,0,0
60,35,0.300000,0.500000,0,0,0.000000,0,0.000000,0.000000,0.000000,0,0
60,36,0.300000,0.600000,0,0,0.000000,0,0.000000,0.000000,0.000000,0,0
60,37,0.300000,0.700000,0,0,0.000000,0,0.000000,0.000000,0.000000,0,0
60,38,0.300000,0.800000,0,0,0.000000,0,0.000000,0.000000,0.000000,0,0
60,39,0.300000,0.900000,0,0,0.000000,0,0.000000,0.000000,0.000000,0,0
60,40,0.400000,0.000000,0,0,0.000000,0,0.000000,0.000000,0.000000,100,45
60,41,0.400000,0.100000,0,0,0.000000,0,0.000000,0.000000,0.000000,0,0
60,42,0.400000,0.200000,0,0,0.000000,0,0.000000,0.000000,0.000000,0,0
60,43,0.400000,0.300000,0,0,0.000000,0,0.000000,0.000000,0.000000,0,0
60,44,0.400000,0.400000,0,0,0.000000,0,0.000000,0.000000,0.000000,0,0
60,45,0.400000,0.500000,0,0,0.000000,0,0.000000,0.000000,0.000000,0,0
60,46,0.400000,0.600000,0,0,0.000000,0,0.000000,0.000000,0.000000,0,0
60,47,0.400000,0.700000,0,0,0.000000,0,0.000000,0.000000,0.000000,0,0
60,48,0.400000,0.800000,0,0,0.000000,0,0.000000,0.000000,0.000000,0,0
60,49,0.400000,0.900000,0,0,0.000000,0,0.000000,0.000000,0.000000,100,71
60,50,0.500000,0.000000,0,0,0.000000,0,0.000000,0.000000,0.000000,0,0
60,51,0.500000,0.100000,0,0,0.000000,0,0.000000,0.000000,0.000000,0,0
60,52,0.500000,0.200000,0,0,0.000000,0,0.000000,0.000000,0.000000,0,0
60,53,0.500000,0.300000,0,0,0.000000,0,0.000000,0.000000,0.000000,0,0
60,54,0.500000,0.400000,0,0,0.000000,0,0.000000,0.000000,0.000000,0,0
60,55,0.500000,0.500000,0,0,0.000000,0,0.000000,0.000000,0.000000,0,0
60,56,0.500000,0.600000,0,0,0.000000,0,0.000000,0.000000,0.000000,0,0
60,57,0.500000,0.700000,0,0,0.000000,0,0.000000,0.000000,0.000000,0,0
60,58,0.500000,0.800000,0,0,0.000000,0,0.000000,0.000000,0.000000,0,0
60,59,0.500000,0.900000,0,0,0.000000,0,0.000000,0.000000,0.000000,0,0
60,60,0.600000,0.000000,0,0,0.000000,0,0.000000,0.000000,0.000000,0,0
60,61,0.600000,0.100000,0,0,0.000000,0,0.000000,0.000000,0.000000,0,0
60,62,0.600000,0.200000,0,0,0.000000,0,0.000000,0.000000,0.000000,0,0
60,63,0.600000,0.300000,0,0,0.000000,0,0.000000,0.000000,0.000000,0,0
60,64,0.600000,0.400000,0,0,0.000000,0,0.000000,0.000000,0.000000,0,0
60,65,0.600000,0.500000,0,0,0.000000,0,0.000000,0.000000,0.000000,0,0
60,66,0.600000,0.600000,0,0,0.000000,0,0.000000,0.000000,0.000000,0,0
60,67,0.600000,0.700000,0,0,0.000000,0,0.000000,0.000000,0.000000,0,0
60,68,0.600000,0.800000,0,0,0.000000,0,0.000000,0.000000,0.000000,0,0
60,69,0.600000,0.900000,0,0,0.000000,0,0.000000,0.000000,0.000000,0,0
60,70,0.700000,0.000000,0,0,0.000000,0,0.000000,0.000000,0.000000,0,0
60,71,0.700000,0.100000,0,0,0.000000,0,0.000000,0.000000,0.000000,0,0
60,72,0.700000,0.200000,0,0,0.000000,0,0.000000,0.000000,0.000000,0,0
60,73,0.700000,0.300000,0,0,0.000000,0,0.000000,0.000000,0.000000,0,0
60,74,0.700000,0.400000,0,0,0.000000,0,0.000000,0.000000,0.000000,0,0
60,75,0.700000,0.500000,0,0,0.000000,0,0.000000,0.000000,0.000000,0,0
60,76,0.700000,0.600000,0,0,0.000000,0,0.000000,0.000000,0.000000,0,0
60,77,0.700000,0.700000,0,0,0.000000,0,0.000000,0.000000,0.000000,0,0
60,78,0.700000,0.800000,0,0,0.000000,0,0.000000,0.000000,0.000000,0,0
60,79,0.700000,0.900000,0,0,0.000000,0,0.000000,0.000000,0.000000,0,0
60,80,0.800000,0.000000,0,0,0.000000,0,0.000000,0.000000,0.000000,0,0
60,81,0.800000,0.100000,0,0,0.000000,0,0.000000,0.000000,0.000000,0,0
60,82,0.800000,0.200000,0,0,0.000000,0,0.000000,0.000000,0.000000,0,0
60,83,0.800000,0.300000,0,0,0.000000,0,0.000000,0.000000,0.000000,0,0
60,84,0.800000,0.400000,0,0,0.000000,0,0.000000,0.000000,0.000000,0,0
60,85,0.800000,0.500000,0,0,0.000000,0,0.000000,0.000000,0.000000,0,0
60,86,0.800000,0.600000,0,0,0.000000,0,0.000000,0.000000,0.000000,0,0
60,87,0.800000,0.700000,0,0,0.000000,0,0.000000,0.000000,0.000000,0,0
60,88,0.800000,0.800000,0,0,0.000000,0,0.000000,0.000000,0.000000,0,0
60,89,0.800000,0.900000,0,0,0.000000,0,0.000000,0.000000,0.000000,0,0
60,90,0.900000,0.000000,0,0,0.000000,0,0.000000,0.000000,0.000000,0,0
60,91,0.900000,0.100000,0,0,0.000000,0,0.000000,0.000000,0.000000,0,0
60,92,0.900000,0.200000,0,0,0.000000,0,0.000000,0.000000,0.000000,0,0
60,93,0.900000,0.300000,0,0,0.000000,0,0.000000,0.000000,0.000000,0,0
60,94,0.900000,0.400000,0,0,0.000000,0,0.000000,0.000000,0.000000,0,0
60,95,0.900000,0.500000,0,0,0.000000,0,0.000000,0.000000,0.000000,0,0
60,96,0.900000,0.600000,0,0,0.000000,0,0.000000,0.000000,0.000000,0,0
60,97,0.900000,0.700000,0,0,0.000000,0,0.000000,0.000000,0.000000,0,0
60,98,0.900000,0.800000,0,0,0.000000,0,0.000000,0.000000,0.000000,0,0
60,99,0.900000,0.900000,0,53,0.000000,53,53.844483,5.384448,2899.228329,100,1
61,0,0.000000,0.000000,0,74,0.000000,74,74.414012,7.441401,5537.445255,100,1
61,1,0.000000,0.100000,0,0,0.000000,0,0.000000,0.000000,0.000000,0,0
61,2,0.000000,0.200000,0,0,0.000000,0,0.000000,0.000000,0.000000,0,0
61,3,0.000000,0.300000,0,0,0.000000,0,0.000000,0.000000,0.000000,0,0
61,4,0.000000,0.400000,0,0,0.000000,0,0.000000,0.000000,0.000000,0,0
61,5,0.000000,0.500000,0,0,0.000000,0,0.000000,0.000000,0.000000,0,0
61,6,0.000000,0.600000,0,0,0.000000,0,0.000000,0.000000,0.000000,0,0
61,7,0.000000,0.700000,0,0,0.000000,0,0.000000,0.000000,0.000000,0,0
61,8,0.000000,0.800000,0,0,0.000000,0,0.000000,0.000000,0.000000,0,0
61,9,0.000000,0.900000,0,74,0.000000,74,74.412038,7.441204,5537.151419,100,1
61,10,0.100000,0.000000,0,0,0.000000,0,0.000000,0.000000,0.000000,0,0
61,11,0.100000,0.100000,0,0,0.000000,0,0.000000,0.000000,0.000000,0,0
61,12,0.100000,0.200000,0,0,0.000000,0,0.000000,0.000000,0.000000,0,0
61,13,0.100000,0.300000,0,0,0.000000,0,0.000000,0.000000,0.000000,0,0
61,14,0.100000,0.400000,0,0,0.000000,0,0.000000,0.000000,0.000000,0,0
61,15,0.100000,0.500000,0,0,0.000000,0,0.000000,0.000000,0.000000,0,0
61,16,0.100000,0.600000,0,0,0.000000,0,0.000000,0.000000,0.000000,0,0
61,17,0.100000,0.700000,0,0,0.000000,0,0.000000,0.000000,0.000000,0,0
61,18,0.100000,0.800000,0,0,0.000000,0,0.000000,0.000000,0.000000,0,0
61,19,0.100000,0.900000,0,0,0.000000,0,0.000000,0.000000,0.000000,0,0
61,20,0.200000,0.000000,0,0,0.000000,0,0.000000,0.000000,0.000000,0,0
61,21,0.200000,0.100000,0,0,0.000000,0,0.000000,0.000000,0.000000,0,0
61,22,0.200000,0.200000,0,0,0.000000,0,0.000000,0.000000,0.000000,0,0
61,23,0.200000,0.300000,0,0,0.000000,0,0.000000,0.000000,0.000000,0,0
61,24,0.200000,0.400000,0,0,0.000000,0,0.000000,0.000000,0.000000,0,0
61,25,0.200000,0.500000,0,0,0.000000,0,0.000000,0.000000,0.000000,0,0
61,26,0.200000,0.600000,0,0,0.000000,0,0.000000,0.000000,0.000000,0,0
61,27,0.200000,0.700000,0,0,0.000000,0,0.000000,0.000000,0.000000,0,0
61,28,0.200000,0.800000,0,0,0.000000,0,0.000000,0.000000,0.000000,0,0
61,29,0.200000,0.900000,0,0,0.000000,0,0.000000,0.000000,0.000000,0,0
61,30,0.300000,0.000000,0,0,0.000000,0,0.000000,0.000000,0.000000,0,0
61,31,0.300000,0.100000,0,0,0.000000,0,0.000000,0.000000,0.000000,0,0
61,32,0.300000,0.200000,0,0,0.000000,0,0.000000,0.000000,0.000000,0,0
61,33,0.300000,0.300000,0,0,0.000000,0,0.000000,0.000000,0.000000,0,0
61,34,0.300000,0.400000,0,0,0.000000,0,0.000000,0.000000,0.000000,0,0
61,35,0.300000,0.500000,0,0,0.000000,0,0.000000,0.000000,0.000000,0,0
61,36,0.300000,0.600000,0,0,0.000000,0,0.000000,0.000000,0.000000,0,0
61,37,0.300000,0.700000,0,0,0.000000,0,0.000000,0.000000,0.000000,0,0
61,38,0.300000,0.800000,0,0,0.000000,0,0.000000,0.000000,0.000000,0,0
61,39,0.300000,0.900000,0,0,0.000000,0,0.000000,0.000000,0.000000,0,0
61,40,0.400000,0.000000,0,0,0.000000,0,0.000000,0.000000,0.000000,100,45
61,41,0.400000,0.100000,0,0,0.000000,0,0.000000,0.000000,0.000000,0,0
61,42,0.400000,0.200000,0,0,0.000000,0,0.000000,0.000000,0.000000,0,0
61,43,0.400000,0.300000,0,0,0.000000,0,0.000000,0.000000,0.000000,0,0
61,44,0.400000,0.400000,0,0,0.000000,0,0.000000,0.000000,0.000000,0,0
61,45,0.400000,0.500000,0,0,0.000000,0,0.000000,0.000000,0.000000,0,0
61,46,0.400000,0.600000,0,0,0.000000,0,0.000000,0.000000,0.000000,0,0
61,47,0.400000,0.700000,0,0,0.000000,0,0.000000,0.000000,0.000000,0,0
61,48,0.400000,0.800000,0,0,0.000000,0,0.000000,0.000000,0.000000,0,0
61,49,0.400000,0.900000,0,0,0.000000,0,0.000000,0.000000,0.000000,100,71
61,50,0.500000,0.000000,0,0,0.000000,0,0.000000,0.000000,0.000000,0,0
61,51,0.500000,0.100000,0,0,0.000000,0,0.000000,0.000000,0.000000,0,0
61,52,0.500000,0.200000,0,0,0.000000,0,0.000000,0.000000,0.000000,0,0
61,53,0.500000,0.300000,0,0,0.000000,0,0.000000,0.000000,0.000000,0,0
61,54,0.500000,0.400000,0,0,0.000000,0,0.000000,0.000000,0.000000,0,0
61,55,0.500000,0.500000,0,0,0.000000,0,0.000000,0.000000,0.000000,0,0
61,56,0.500000,0.600000,0,0,0.000000,0,0.000000,0.000000,0.000000,0,0
61,57,0.500000,0.700000,0,0,0.000000,0,0.000000,0.000000,0.000000,0,0
61,58,0.500000,0.800000,0,0,0.000000,0,0.000000,0.000000,0.000000,0,0
61,59,0.500000,0.900000,0,0,0.000000,0,0.000000,0.000000,0.000000,0,0
61,60,0.600000,0.000000,0,0,0.000000,0,0.000000,0.000000,0.000000,0,0
61,61,0.600000,0.100000,0,0,0.000000,0,0.000000,0.000000,0.000000,0,0
61,62,0.600000,0.200000,0,0,0.000000,0,0.000000,0.000000,0.000000,0,0
61,63,0.600000,0.300000,0,0,0.000000,0,0.000000,0.000000,0.000000,0,0
61,64,0.600000,0.400000,0,0,0.000000,0,0.000000,0.000000,0.000000,0,0
61,65,0.600000,0.500000,0,0,0.000000,0,0.000000,0.000000,0.000000,0,0
61,66,0.600000,0.600000,0,0,0.000000,0,0.000000,0.000000,0.000000,0,0
61,67,0.600000,0.700000,0,0,0.000000,0,0.000000,0.000000,0.000000,0,0
61,68,0.600000,0.800000,0,0,0.000000,0,0.000000,0.000000,0.000000,0,0
61,69,0.600000,0.900000,0,0,0.000000,0,0.000000,0.000000,0.000000,0,0
61,70,0.700000,0.000000,0,0,0.000000,0,0.000000,0.000000,0.000000,0,0
61,71,0.700000,0.100000,0,0,0.000000,0,0.000000,0.000000,0.000000,0,0
61,72,0.700000,0.200000,0,0,0.000000,0,0.000000,0.000000,0.000000,0,0
61,73,0.700000,0.300000,0,0,0.000000,0,0.000000,0.000000,0.000000,0,0
61,74,0.700000,0.400000,0,0,0.000000,0,0.000000,0.000000,0.000000,0,0
61,75,0.700000,0.500000,0,0,0.000000,0,0.000000,0.000000,0.000000,0,0
61,76,0.700000,0.600000,0,0,0.000000,0,0.000000,0.000000,0.000000,0,0
61,77,0.700000,0.700000,0,0,0.000000,0,0.000000,0.000000,0.000000,0,0
61,78,0.700000,0.800000,0,0,0.000000,0,0.000000,0.000000,0.000000,0,0
61,79,0.700000,0.900000,0,0,0.000000,0,0.000000,0.000000,0.000000,0,0
61,80,0.800000,0.000000,0,0,0.000000,0,0.000000,0.000000,0.000000,0,0
61,81,0.800000,0.100000,0,0,0.000000,0,0.000000,0.000000,0.000000,0,0
61,82,0.800000,0.200000,0,0,0.000000,0,0.000000,0.000000,0.000000,0,0
61,83,0.800000,0.300000,0,0,0.000000,0,0.000000,0.000000,0.000000,0,0
61,84,0.800000,0.400000,0,0,0.000000,0,0.000000,0.000000,0.000000,0,0
61,85,0.800000,0.500000,0,0,0.000000,0,0.000000,0.000000,0.000000,0,0
61,86,0.800000,0.600000,0,0,0.000000,0,0.000000,0.000000,0.000000,0,0
61,87,0.800000,0.700000,0,0,0.000000,0,0.000000,0.000000,0.000000,0,0
61,88,0.800000,0.800000,0,0,0.000000,0,0.000000,0.000000,0.000000,0,0
61,89,0.800000,0.900000,0,0,0.000000,0,0.000000,0.000000,0.000000,0,0
61,90,0.900000,0.000000,0,0,0.000000,0,0.000000,0.000000,0.000000,0,0
61,91,0.900000,0.100000,0,0,0.000000,0,0.000000,0.000000,0.000000,0,0
61,92,0.900000,0.200000,0,0,0.000000,0,0.000000,0.000000,0.000000,0,0
61,93,0.900000,0.300000,0,0,0.000000,0,0.000000,0.000000,0.000000,0,0
61,94,0.900000,0.400000,0,0,0.000000,0,0.000000,0.000000,0.000000,0,0
61,95,0.900000,0.500000,0,0,0.000000,0,0.000000,0.000000,0.000000,0,0
61,96,0.900000,0.600000,0,0,0.000000,0,0.000000,0.000000,0.000000,0,0
61,97,0.900000,0.700000,0,0,0.000000,0,0.000000,0.000000,0.000000,0,0
61,98,0.900000,0.800000,0,0,0.000000,0,0.000000,0.000000,0.000000,0,0
61,99,0.900000,0.900000,0,53,0.000000,53,53.844483,5.384448,2899.228329,100,1
62,0,0.000000,0.000000,0,74,0.000000,74,74.414012,7.441401,5537.445255,100,1
62,1,0.000000,0.100000,0,0,0.000000,0,0.000000,0.000000,0.000000,0,0
62,2,0.000000,0.200000,0,0,0.000000,0,0.000000,0.000000,0.000000,0,0
62,3,0.000000,0.300000,0,0,0.000000,0,0.000000,0.000000,0.000000,0,0
62,4,0.000000,0.400000,0,0,0.000000,0,0.000000,0.000000,0.000000,0,0
62,5,0.000000,0.500000,0,0,0.000000,0,0.000000,0.000000,0.000000,0,0
62,6,0.000000,0.600000,0,0,0.000000,0,0.000000,0.000000,0.000000,0,0
62,7,0.000000,0.700000,0,0,0.000000,0,0.000000,0.000000,0.000000,0,0
62,8,0.000000,0.800000,0,0,0.000000,0,0.000000,0.000000,0.000000,0,0
62,9,0.000000,0.900000,0,74,0.000000,74,74.412038,7.441204,5537.151419,100,1
62,10,0.100000,0.000000,0,0,0.000000,0,0.000000,0.000000,0.000000,0,0
62,11,0.100000,0.100000,0,0,0.000000,0,0.000000,0.000000,0.000000,0,0
62,12,0.100000,0.200000,0,0,0.000000,0,0.000000,0.000000,0.000000,0,0
62,13,0.100000,0.300000,0,0,0.000000,0,0.000000,0.000000,0.000000,0,0
62,14,0.100000,0.400000,0,0,0.000000,0,0.000000,0.000000,0.000000,0,0
62,15,0.100000,0.500000,0,0,0.000000,0,0.000000,0.000000,0.000000,0,0
62,16,0.100000,0.600000,0,0,0.000000,0,0.000000,0.000000,0.000000,0,0
62,17,0.100000,0.700000,0,0,0.000000,0,0.000000,0.000000,0.000000,0,0
62,18,0.100000,0.800000,0,0,0.000000,0,0.000000,0.000000,0.000000,0,0
62,19,0.100000,0.900000,0,0,0.000000,0,0.000000,0.000000,0.000000,0,0
62,20,0.200000,0.000000,0,0,0.000000,0,0.000000,0.000000,0.000000,0,0
62,21,0.200000,0.100000,0,0,0.000000,0,0.000000,0.000000,0.000000,0,0
62,22,0.200000,0.200000,0,0,0.000000,0,0.000000,0.000000,0.000000,0,0
62,23,0.200000,0.300000,0,0,0.000000,0,0.000000,0.000000,0.000000,0,0
62,24,0.200000,0.400000,0,0,0.000000,0,0.000000,0.000000,0.000000,0,0
62,25,0.200000,0.500000,0,0,0.000000,0,0.000000,0.000000,0.000000,0,0
62,26,0.200000,0.600000,0,0,0.000000,0,0.000000,0.000000,0.000000,0,0
62,27,0.200000,0.700000,0,0,0.000000,0,0.000000,0.000000,0.000000,0,0
62,28,0.200000,0.800000,0,0,0.000000,0,0.000000,0.000000,0.000000,0,0
62,29,0.200000,0.900000,0,0,0.000000,0,0.000000,0.000000,0.000000,0,0
62,30,0.300000,0.000000,0,0,0.000000,0,0.000000,0.000000,0.000000,0,0
62,31,0.300000,0.100000,0,0,0.000000,0,0.000000,0.000000,0.000000,0,0
62,32,0.300000,0.200000,0,0,0.000000,0,0.000000,0.000000,0.000000,0,0
62,33,0.300000,0.300000,0,0,0.000000,0,0.000000,0.000000,0.000000,0,0
62,34,0.300000,0.400000,0,0,0.000000,0,0.000000,0.000000,0.000000,0,0
62,35,0.300000,0.500000,0,0,0.000000,0,0.000000,0.000000,0.000000,0,0
62,36,0.300000,0.600000,0,0,0.000000,0,0.000000,0.000000,0.000000,0,0
62,37,0.300000,0.700000,0,0,0.000000,0,0.000000,0.000000,0.000000,0,0
62,38,0.300000,0.800000,0,0,0.000000,0,0.000000,0.000000,0.000000,0,0
62,39,0.300000,0.900000,0,0,0.000000,0,0.000000,0.000000,0.000000,0,0
62,40,0.400000,0.000000,0,0,0.000000,0,0.000000,0.000000,0.000000,100,45
62,41,0.400000,0.100000,0,0,0.000000,0,0.000000,0.000000,0.000000,0,0
62,42,0.400000,0.200000,0,0,0.000000,0,0.000000,0.000000,0.000000,0,0
62,43,0.400000,0.300000,0,0,0.000000,0,0.000000,0.000000,0.000000,0,0
62,44,0.400000,0.400000,0,0,0.000000,0,0.000000,0.000000,0.000000,0,0
62,45,0.400000,0.500000,0,0,0.000000,0,0.000000,0.000000,0.000000,0,0
62,46,0.400000,0.600000,0,0,0.000000,0,0.000000,0.000000,0.000000,0,0
62,47,0.400000,0.700000,0,0,0.000000,0,0.000000,0.000000,0.000000,0,0
62,48,0.400000,0.800000,0,0,0.000000,0,0.000000,0.000000,0.000000,0,0
62,49,0.400000,0.900000,0,0,0.000000,0,0.000000,0.000000,0.000000,100,71
62,50,0.500000,0.000000,0,0,0.000000,0,0.000000,0.000000,0.000000,0,0
62,51,0.500000,0.100000,0,0,0.000000,0,0.000000,0.000000,0.000000,0,0
62,52,0.500000,0.200000,0,0,0.000000,0,0.000000,0.000000,0.000000,0,0
62,53,0.500000,0.300000,0,0,0.000000,0,0.000000,0.000000,0.000000,0,0
62,54,0.500000,0.400000,0,0,0.000000,0,0.000000,0.000000,0.000000,0,0
62,55,0.500000,0.500000,0,0,0.000000,0,0.000000,0.000000,0.000000,0,0
62,56,0.500000,0.600000,0,0,0.000000,0,0.000000,0.000000,0.000000,0,0
62,57,0.500000,0.700000,0,0,0.000000,0,0.000000,0.000000,0.000000,0,0
62,58,0.500000,0.800000,0,0,0.000000,0,0.000000,0.000000,0.000000,0,0
62,59,0.500000,0.900000,0,0,0.000000,0,0.000000,0.000000,0.000000,0,0
62,60,0.600000,0.000000,0,0,0.000000,0,0.000000,0.000000,0.000000,0,0
62,61,0.600000,0.100000,0,0,0.000000,0,0.000000,0.000000,0.000000,0,0
62,62,0.600000,0.200000,0,0,0.000000,0,0.000000,0.000000,0.000000,0,0
62,63,0.600000,0.300000,0,0,0.000000,0,0.000000,0.000000,0.000000,0,0
62,64,0.600000,0.400000,0,0,0.000000,0,0.000000,0.000000,0.000000,0,0
62,65,0.600000,0.500000,0,0,0.000000,0,0.000000,0.000000,0.000000,0,0
62,66,0.600000,0.600000,0,0,0.000000,0,0.000000,0.000000,0.000000,0,0
62,67,0.600000,0.700000,0,0,0.000000,0,0.000000,0.000000,0.000000,0,0
62,68,0.600000,0.800000,0,0,0.000000,0,0.000000,0.000000,0.000000,0,0
62,69,0.600000,0.900000,0,0,0.000000,0,0.000000,0.000000,0.000000,0,0
62,70,0.700000,0.000000,0,0,0.000000,0,0.000000,0.000000,0.000000,0,0
62,71,0.700000,0.100000,0,0,0.000000,0,0.000000,0.000000,0.000000,0,0
62,72,0.700000,0.200000,0,0,0.000000,0,0.000000,0.000000,0.000000,0,0
62,73,0.700000,0.300000,0,0,0.000000,0,0.000000,0.000000,0.000000,0,0
62,74,0.700000,0.400000,0,0,0.000000,0,0.000000,0.000000,0.000000,0,0
62,75,0.700000,0.500000,0,0,0.000000,0,0.000000,0.000000,0.000000,0,0
62,76,0.700000,0.600000,0,0,0.000000,0,0.000000,0.000000,0.000000,0,0
62,77,0.700000,0.700000,0,0,0.000000,0,0.000000,0.000000,0.000000,0,0
62,78,0.700000,0.800000,0,0,0.000000,0,0.000000,0.000000,0.000000,0,0
62,79,0.700000,0.900000,0,0,0.000000,0,0.000000,0.000000,0.000000,0,0
62,80,0.800000,0.000000,0,0,0.000000,0,0.000000,0.000000,0.000000,0,0
62,81,0.800000,0.100000,0,0,0.000000,0,0.000000,0.000000,0.000000,0,0
62,82,0.800000,0.200000,0,0,0.000000,0,0.000000,0.000000,0.000000,0,0
62,83,0.800000,0.300000,0,0,0.000000,0,0.000000,0.000000,0.000000,0,0
62,84,0.800000,0.400000,0,0,0.000000,0,0.000000,0.000000,0.000000,0,0
62,85,0.800000,0.500000,0,0,0.000000,0,0.000000,0.000000,0.000000,0,0
62,86,0.800000,0.600000,0,0,0.000000,0,0.000000,0.000000,0.000000,0,0
62,87,0.800000,0.700000,0,0,0.000000,0,0.000000,0.000000,0.000000,0,0
62,88,0.800000,0.800000,0,0,0.000000,0,0.000000,0.000000,0.000000,0,0
62,89,0.800000,0.900000,0,0,0.000000,0,0.000000,0.000000,0.000000,0,0
62,90,0.900000,0.000000,0,0,0.000000,0,0.000000,0.000000,0.000000,0,0
62,91,0.900000,0.100000,0,0,0.000000,0,0.000000,0.000000,0.000000,0,0
62,92,0.900000,0.200000,0,0,0.000000,0,0.000000,0.000000,0.000000,0,0
62,93,0.900000,0.300000,0,0,0.000000,0,0.000000,0.000000,0.000000,0,0
62,94,0.900000,0.400000,0,0,0.000000,0,0.000000,0.000000,0.000000,0,0
62,95,0.900000,0.500000,0,0,0.000000,0,0.000000,0.000000,0.000000,0,0
62,96,0.900000,0.600000,0,0,0.000000,0,0.000000,0.000000,0.000000,0,0
62,97,0.900000,0.700000,0,0,0.000000,0,0.000000,0.000000,0.000000,0,0
62,98,0.900000,0.800000,0,0,0.000000,0,0.000000,0.000000,0.000000,0,0
62,99,0.900000,0.900000,0,53,0.000000,53,53.844483,5.384448,2899.228329,100,1
63,0,0.000000,0.000000,0,74,0.000000,74,74.414012,7.441401,5537.445255,100,1
63,1,0.000000,0.100000,0,0,0.000000,0,0.000000,0.000000,0.000000,0,0
63,2,0.000000,0.200000,0,0,0.000000,0,0.000000,0.000000,0.000000,0,0
63,3,0.000000,0.300000,0,0,0.000000,0,0.000000,0.000000,0.000000,0,0
63,4,0.000000,0.400000,0,0,0.000000,0,0.000000,0.000000,0.000000,0,0
63,5,0.000000,0.500000,0,0,0.000000,0,0.000000,0.000000,0.000000,0,0
63,6,0.000000,0.600000,0,0,0.000000,0,0.000000,0.000000,0.000000,0,0
63,7,0.000000,0.700000,0,0,0.000000,0,0.000000,0.000000,0.000000,0,0
63,8,0.000000,0.800000,0,0,0.000000,0,0.000000,0.000000,0.000000,0,0
63,9,0.000000,0.900000,0,74,0.000000,74,74.412038,7.441204,5537.151419,100,1
63,10,0.100000,0.000000,0,0,0.000000,0,0.000000,0.000000,0.000000,0,0
63,11,0.100000,0.100000,0,0,0.000000,0,0.000000,0.000000,0.000000,0,0
63,12,0.100000,0.200000,0,0,0.000000,0,0.000000,0.000000,0.000000,0,0
63,13,0.100000,0.300000,0,0,0.000000,0,0.000000,0.000000,0.000000,0,0
63,14,0.100000,0.400000,0,0,0.000000,0,0.000000,0.000000,0.000000,0,0
63,15,0.100000,0.500000,0,0,0.000000,0,0.000000,0.000000,0.000000,0,0
63,16,0.100000,0.600000,0,0,0.000000,0,0.000000,0.000000,0.000000,0,0
63,17,0.100000,0.700000,0,0,0.000000,0,0.000000,0.000000,0.000000,0,0
63,18,0.100000,0.800000,0,0,0.000000,0,0.000000,0.000000,0.000000,0,0
63,19,0.100000,0.900000,0,0,0.000000,0,0.000000,0.000000,0.000000,0,0
63,20,0.200000,0.000000,0,0,0.000000,0,0.000000,0.000000,0.000000,0,0
63,21,0.200000,0.100000,0,0,0.000000,0,0.000000,0.000000,0.000000,0,0
63,22,0.200000,0.200000,0,0,0.000000,0,0.000000,0.000000,0.000000,0,0
63,23,0.200000,0.300000,0,0,0.000000,0,0.000000,0.000000,0.000000,0,0
63,24,0.200000,0.400000,0,0,0.000000,0,0.000000,0.000000,0.000000,0,0
63,25,0.200000,0.500000,0,0,0.000000,0,0.000000,0.000000,0.000000,0,0
63,26,0.200000,0.600000,0,0,0.000000,0,0.000000,0.000000,0.000000,0,0
63,27,0.200000,0.700000,0,0,0.000000,0,0.000000,0.000000,0.000000,0,0
63,28,0.200000,0.800000,0,0,0.000000,0,0.000000,0.000000,0.000000,0,0
63,29,0.200000,0.900000,0,0,0.000000,0,0.000000,0.000000,0.000000,0,0
63,30,0.300000,0.000000,0,0,0.000000,0,0.000000,0.000000,0.000000,0,0
63,31,0.300000,0.100000,0,0,0.000000,0,0.000000,0.000000,0.000000,0,0
63,32,0.300000,0.200000,0,0,0.000000,0,0.000000,0.000000,0.000000,0,0
63,33,0.300000,0.300000,0,0,0.000000,0,0.000000,0.000000,0.000000,0,0
63,34,0.300000,0.400000,0,0,0.000000,0,0.000000,0.000000,0.000000,0,0
63,35,0.300000,0.500000,0,0,0.000000,0,0.000000,0.000000,0.000000,0,0
63,36,0.300000,0.600000,0,0,0.000000,0,0.000000,0.000000,0.000000,0,0
63,37,0.300000,0.700000,0,0,0.000000,0,0.000000,0.000000,0.000000,0,0
63,38,0.300000,0.800000,0,0,0.000000,0,0.000000,0.000000,0.000000,0,0
63,39,0.300000,0.900000,0,0,0.000000,0,0.000000,0.000000,0.000000,0,0
63,40,0.400000,0.000000,0,0,0.000000,0,0.000000,0.000000,0.000000,100,45
63,41,0.400000,0.100000,0,0,0.000000,0,0.000000,0.000000,0.000000,0,0
63,42,0.400000,0.200000,0,0,0.000000,0,0.000000,0.000000,0.000000,0,0
63,43,0.400000,0.300000,0,0,0.000000,0,0.000000,0.000000,0.000000,0,0
63,44,0.400000,0.400000,0,0,0.000000,0,0.000000,0.000000,0.000000,0,0
63,45,0.400000,0.500000,0,0,0.000000,0,0.000000,0.000000,0.000000,0,0
63,46,0.400000,0.600000,0,0,0.000000,0,0.000000,0.000000,0.000000,0,0
63,47,0.400000,0.700000,0,0,0.000000,0,0.000000,0.000000,0.000000,0,0
63,48,0.400000,0.800000,0,0,0.000000,0,0.000000,0.000000,0.000000,0,0
63,49,0.400000,0.900000,0,0,0.000000,0,0.000000,0.000000,0.000000,100,71
63,50,0.500000,0.000000,0,0,0.000000,0,0.000000,0.000000,0.000000,0,0
63,51,0.500000,0.100000,0,0,0.000000,0,0.000000,0.000000,0.000000,0,0
63,52,0.500000,0.200000,0,0,0.000000,0,0.000000,0.000000,0.000000,0,0
63,53,0.500000,0.300000,0,0,0.000000,0,0.000000,0.000000,0.000000,0,0
63,54,0.500000,0.400000,0,0,0.000000,0,0.000000,0.000000,0.000000,0,0
63,55,0.500000,0.500000,0,0,0.000000,0,0.000000,0.000000,0.000000,0,0
63,56,0.500000,0.600000,0,0,0.000000,0,0.000000,0.000000,0.000000,0,0
63,57,0.500000,0.700000,0,0,0.000000,0,0.000000,0.000000,0.000000,0,0
63,58,0.500000,0.800000,0,0,0.000000,0,0.000000,0.000000,0.000000,0,0
63,59,0.500000,0.900000,0,0,0.000000,0,0.000000,0.000000,0.000000,0,0
63,60,0.600000,0.000000,0,0,0.000000,0,0.000000,0.000000,0.000000,0,0
63,61,0.600000,0.100000,0,0,0.000000,0,0.000000,0.000000,0.000000,0,0
63,62,0.600000,0.200000,0,0,0.000000,0,0.000000,0.000000,0.000000,0,0
63,63,0.600000,0.300000,0,0,0.000000,0,0.000000,0.000000,0.000000,0,0
63,64,0.600000,0.400000,0,0,0.000000,0,0.000000,0.000000,0.000000,0,0
63,65,0.600000,0.500000,0,0,0.000000,0,0.000000,0.000000,0.000000,0,0
63,66,0.600000,0.600000,0,0,0.000000,0,0.000000,0.000000,0.000000,0,0
63,67,0.600000,0.700000,0,0,0.000000,0,0.000000,0.000000,0.000000,0,0
63,68,0.600000,0.800000,0,0,0.000000,0,0.000000,0.000000,0.000000,0,0
63,69,0.600000,0.900000,0,0,0.000000,0,0.000000,0.000000,0.000000,0,0
63,70,0.700000,0.000000,0,0,0.000000,0,0.000000,0.000000,0.000000,0,0
63,71,0.700000,0.100000,0,0,0.000000,0,0.000000,0.000000,0.000000,0,0
63,72,0.700000,0.200000,0,0,0.000000,0,0.000000,0.000000,0.000000,0,0
63,73,0.700000,0.300000,0,0,0.000000,0,0.000000,0.000000,0.000000,0,0
63,74,0.700000,0.400000,0,0,0.000000,0,0.000000,0.000000,0.000000,0,0
63,75,0.700000,0.500000,0,0,0.000000,0,0.000000,0.000000,0.000000,0,0
63,76,0.700000,0.600000,0,0,0.000000,0,0.000000,0.000000,0.000000,0,0
63,77,0.700000,0.700000,0,0,0.000000,0,0.000000,0.000000,0.000000,0,0
63,78,0.700000,0.800000,0,0,0.000000,0,0.000000,0.000000,0.000000,0,0
63,79,0.700000,0.900000,0,0,0.000000,0,0.000000,0.000000,0.000000,0,0
63,80,0.800000,0.000000,0,0,0.000000,0,0.000000,0.000000,0.000000,0,0
63,81,0.800000,0.100000,0,0,0.000000,0,0.000000,0.000000,0.000000,0,0
63,82,0.800000,0.200000,0,0,0.000000,0,0.000000,0.000000,0.000000,0,0
63,83,0.800000,0.300000,0,0,0.000000,0,0.000000,0.000000,0.000000,0,0
63,84,0.800000,0.400000,0,0,0.000000,0,0.000000,0.000000,0.000000,0,0
63,85,0.800000,0.500000,0,0,0.000000,0,0.000000,0.000000,0.000000,0,0
63,86,0.800000,0.600000,0,0,0.000000,0,0.000000,0.000000,0.000000,0,0
63,87,0.800000,0.700000,0,0,0.000000,0,0.000000,0.000000,0.000000,0,0
63,88,0.800000,0.800000,0,0,0.000000,0,0.000000,0.000000,0.000000,0,0
63,89,0.800000,0.900000,0,0,0.000000,0,0.000000,0.000000,0.000000,0,0
63,90,0.900000,0.000000,0,0,0.000000,0,0.000000,0.000000,0.000000,0,0
63,91,0.900000,0.100000,0,0,0.000000,0,0.000000,0.000000,0.000000,0,0
63,92,0.900000,0.200000,0,0,0.000000,0,0.000000,0.000000,0.000000,0,0
63,93,0.900000,0.300000,0,0,0.000000,0,0.000000,0.000000,0.000000,0,0
63,94,0.900000,0.400000,0,0,0.000000,0,0.000000,0.000000,0.000000,0,0
63,95,0.900000,0.500000,0,0,0.000000,0,0.000000,0.000000,0.000000,0,0
63,96,0.900000,0.600000,0,0,0.000000,0,0.000000,0.000000,0.000000,0,0
63,97,0.900000,0.700000,0,0,0.000000,0,0.000000,0.000000,0.000000,0,0
63,98,0.900000,0.800000,0,0,0.000000,0,0.000000,0.000000,0.000000,0,0
63,99,0.900000,0.900000,0,53,0.000000,53,53.844483,5.384448,2899.228329,100,1
64,0,0.000000,0.000000,0,74,0.000000,74,74.414012,7.441401,5537.445255,100,1
64,1,0.000000,0.100000,0,0,0.000000,0,0.000000,0.000000,0.000000,0,0
64,2,0.000000,0.200000,0,0,0.000000,0,0.000000,0.000000,0.000000,0,0
64,3,0.000000,0.300000,0,0,0.000000,0,0.000000,0.000000,0.000000,0,0
64,4,0.000000,0.400000,0,0,0.000000,0,0.000000,0.000000,0.000000,0,0
64,5,0.000000,0.500000,0,0,0.000000,0,0.000000,0.000000,0.000000,0,0
64,6,0.000000,0.600000,0,0,0.000000,0,0.000000,0.000000,0.000000,0,0
64,7,0.000000,0.700000,0,0,0.000000,0,0.000000,0.000000,0.000000,0,0
64,8,0.000000,0.800000,0,0,0.000000,0,0.000000,0.000000,0.000000,0,0
64,9,0.000000,0.900000,0,74,0.000000,74,74.412038,7.441204,5537.151419,100,1
64,10,0.100000,0.000000,0,0,0.000000,0,0.000000,0.000000,0.000000,0,0
64,11,0.100000,0.100000,0,0,0.000000,0,0.000000,0.000000,0.000000,0,0
64,12,0.100000,0.200000,0,0,0.000000,0,0.000000,0.000000,0.000000,0,0
64,13,0.100000,0.300000,0,0,0.000000,0,0.000000,0.000000,0.000000,0,0
64,14,0.100000,0.400000,0,0,0.000000,0,0.000000,0.000000,0.000000,0,0
64,15,0.100000,0.500000,0,0,0.000000,0,0.000000,0.000000,0.000000,0,0
64,16,0.100000,0.600000,0,0,0.000000,0,0.000000,0.000000,0.000000,0,0
64,17,0.100000,0.700000,0,0,0.000000,0,0.000000,0.000000,0.000000,0,0
64,18,0.100000,0.800000,0,0,0.000000,0,0.000000,0.000000,0.000000,0,0
64,19,0.100000,0.900000,0,0,0.000000,0,0.000000,0.000000,0.000000,0,0
64,20,0.200000,0.000000,0,0,0.000000,0,0.000000,0.000000,0.000000,0,0
64,21,0.200000,0.100000,0,0,0.000000,0,0.000000,0.000000,0.000000,0,0
64,22,0.200000,0.200000,0,0,0.000000,0,0.000000,0.000000,0.000000,0,0
64,23,0.200000,0.300000,0,0,0.000000,0,0.000000,0.000000,0.000000,0,0
64,24,0.200000,0.400000,0,0,0.000000,0,0.000000,0.000000,0.000000,0,0
64,25,0.200000,0.500000,0,0,0.000000,0,0.000000,0.000000,0.000000,0,0
64,26,0.200000,0.600000,0,0,0.000000,0,0.000000,0.000000,0.000000,0,0
64,27,0.200000,0.700000,0,0,0.000000,0,0.000000,0.000000,0.000000,0,0
64,28,0.200000,0.800000,0,0,0.000000,0,0.000000,0.000000,0.000000,0,0
64,29,0.200000,0.900000,0,0,0.000000,0,0.000000,0.000000,0.000000,0,0
64,30,0.300000,0.000000,0,0,0.000000,0,0.000000,0.000000,0.000000,0,0
64,31,0.300000,0.100000,0,0,0.000000,0,0.000000,0.000000,0.000000,0,0
64,32,0.300000,0.200000,0,0,0.000000,0,0.000000,0.000000,0.000000,0,0
64,33,0.300000,0.300000,0,0,0.000000,0,0.000000,0.000000,0.000000,0,0
64,34,0.300000,0.400000,0,0,0.000000,0,0.000000,0.000000,0.000000,0,0
64,35,0.300000,0.500000,0,0,0.000000,0,0.000000,0.000000,0.000000,0,0
64,36,0.300000,0.600000,0,0,0.000000,0,0.000000,0.000000,0.000000,0,0
64,37,0.300000,0.700000,0,0,0.000000,0,0.000000,0.000000,0.000000,0,0
64,38,0.300000,0.800000,0,0,0.000000,0,0.000000,0.000000,0.000000,0,0
64,39,0.300000,0.900000,0,0,0.000000,0,0.000000,0.000000,0.000000,0,0
64,40,0.400000,0.000000,0,0,0.000000,0,0.000000,0.000000,0.000000,100,45
64,41,0.400000,0.100000,0,0,0.000000,0,0.000000,0.000000,0.000000,0,0
64,42,0.400000,0.200000,0,0,0.000000,0,0.000000,0.000000,0.000000,0,0
64,43,0.400000,0.300000,0,0,0.000000,0,0.000000,0.000000,0.000000,0,0
64,44,0.400000,0.400000,0,0,0.000000,0,0.000000,0.000000,0.000000,0,0
64,45,0.400000,0.500000,0,0,0.000000,0,0.000000,0.000000,0.000000,0,0
64,46,0.400000,0.600000,0,0,0.000000,0,0.000000,0.000000,0.000000,0,0
64,47,0.400000,0.700000,0,0,0.000000,0,0.000000,0.000000,0.000000,0,0
64,48,0.400000,0.800000,0,0,0.000000,0,0.000000,0.000000,0.000000,0,0
64,49,0.400000,0.900000,0,0,0.000000,0,0.000000,0.000000,0.000000,100,71
64,50,0.500000,0.000000,0,0,0.000000,0,0.000000,0.000000,0.000000,0,0
64,51,0.500000,0.100000,0,0,0.000000,0,0.000000,0.000000,0.000000,0,0
64,52,0.500000,0.200000,0,0,0.000000,0,0.000000,0.000000,0.000000,0,0
64,53,0.500000,0.300000,0,0,0.000000,0,0.000000,0.000000,0.000000,0,0
64,54,0.500000,0.400000,0,0,0.000000,0,0.000000,0.000000,0.000000,0,0
64,55,0.500000,0.500000,0,0,0.000000,0,0.000000,0.000000,0.000000,0,0
64,56,0.500000,0.600000,0,0,0.000000,0,0.000000,0.000000,0.000000,0,0
64,57,0.500000,0.700000,0,0,0.000000,0,0.000000,0.000000,0.000000,0,0
64,58,0.500000,0.800000,0,0,0.000000,0,0.000000,0.000000,0.000000,0,0
64,59,0.500000,0.900000,0,0,0.000000,0,0.000000,0.000000,0.000000,0,0
64,60,0.600000,0.000000,0,0,0.000000,0,0.000000,0.000000,0.000000,0,0
64,61,0.600000,0.100000,0,0,0.000000,0,0.000000,0.000000,0.000000,0,0
64,62,0.600000,0.200000,0,0,0.000000,0,0.000000,0.000000,0.000000,0,0
64,63,0.600000,0.300000,0,0,0.000000,0,0.000000,0.000000,0.000000,0,0
64,64,0.600000,0.400000,0,0,0.000000,0,0.000000,0.000000,0.000000,0,0
64,65,0.600000,0.500000,0,0,0.000000,0,0.000000,0.000000,0.000000,0,0
64,66,0.600000,0.600000,0,0,0.000000,0,0.000000,0.000000,0.000000,0,0
64,67,0.600000,0.700000,0,0,0.000000,0,0.000000,0.000000,0.000000,0,0
64,68,0.600000,0.800000,0,0,0.000000,0,0.000000,0.000000,0.000000,0,0
64,69,0.600000,0.900000,0,0,0.000000,0,0.000000,0.000000,0.000000,0,0
64,70,0.700000,0.000000,0,0,0.000000,0,0.000000,0.000000,0.000000,0,0
64,71,0.700000,0.100000,0,0,0.000000,0,0.000000,0.000000,0.000000,0,0
64,72,0.700000,0.200000,0,0,0.000000,0,0.000000,0.000000,0.000000,0,0
64,73,0.700000,0.300000,0,0,0.000000,0,0.000000,0.000000,0.000000,0,0
64,74,0.700000,0.400000,0,0,0.000000,0,0.000000,0.000000,0.000000,0,0
64,75,0.700000,0.500000,0,0,0.000000,0,0.000000,0.000000,0.000000,0,0
64,76,0.700000,0.600000,0,0,0.000000,0,0.000000,0.000000,0.000000,0,0
64,77,0.700000,0.700000,0,0,0.000000,0,0.000000,0.000000,0.000000,0,0
64,78,0.700000,0.800000,0,0,0.000000,0,0.000000,0.000000,0.000000,0,0
64,79,0.700000,0.900000,0,0,0.000000,0,0.000000,0.000000,0.000000,0,0
64,80,0.800000,0.000000,0,0,0.000000,0,0.000000,0.000000,0.000000,0,0
64,81,0.800000,0.100000,0,0,0.000000,0,0.000000,0.000000,0.000000,0,0
64,82,0.800000,0.200000,0,0,0.000000,0,0.000000,0.000000,0.000000,0,0
64,83,0.800000,0.300000,0,0,0.000000,0,0.000000,0.000000,0.000000,0,0
64,84,0.800000,0.400000,0,0,0.000000,0,0.000000,0.000000,0.000000,0,0
64,85,0.800000,0.500000,0,0,0.000000,0,0.000000,0.000000,0.000000,0,0
64,86,0.800000,0.600000,0,0,0.000000,0,0.000000,0.000000,0.000000,0,0
64,87,0.800000,0.700000,0,0,0.000000,0,0.000000,0.000000,0.000000,0,0
64,88,0.800000,0.800000,0,0,0.000000,0,0.000000,0.000000,0.000000,0,0
64,89,0.800000,0.900000,0,0,0.000000,0,0.000000,0.000000,0.000000,0,0
64,90,0.900000,0.000000,0,0,0.000000,0,0.000000,0.000000,0.000000,0,0
64,91,0.900000,0.100000,0,0,0.000000,0,0.000000,0.000000,0.000000,0,0
64,92,0.900000,0.200000,0,0,0.000000,0,0.000000,0.000000,0.000000,0,0
64,93,0.900000,0.300000,0,0,0.000000,0,0.000000,0.000000,0.000000,0,0
64,94,0.900000,0.400000,0,0,0.000000,0,0.000000,0.000000,0.000000,0,0
64,95,0.900000,0.500000,0,0,0.000000,0,0.000000,0.000000,0.000000,0,0
64,96,0.900000,0.600000,0,0,0.000000,0,0.000000,0.000000,0.000000,0,0
64,97,0.900000,0.700000,0,0,0.000000,0,0.000000,0.000000,0.000000,0,0
64,98,0.900000,0.800000,0,0,0.000000,0,0.000000,0.000000,0.000000,0,0
64,99,0.900000,0.900000,0,53,0.000000,53,53.844483,5.384448,2899.228329,100,1
65,0,0.000000,0.000000,0,74,0.000000,74,74.414012,7.441401,5537.445255,100,1
65,1,0.000000,0.100000,0,0,0.000000,0,0.000000,0.000000,0.000000,0,0
65,2,0.000000,0.200000,0,0,0.000000,0,0.000000,0.000000,0.000000,0,0
65,3,0.000000,0.300000,0,0,0.000000,0,0.000000,0.000000,0.000000,0,0
65,4,0.000000,0.400000,0,0,0.000000,0,0.000000,0.000000,0.000000,0,0
65,5,0.000000,0.500000,0,0,0.000000,0,0.000000,0.000000,0.000000,0,0
65,6,0.000000,0.600000,0,0,0.000000,0,0.000000,0.000000,0.000000,0,0
65,7,0.000000,0.700000,0,0,0.000000,0,0.000000,0.000000,0.000000,0,0
65,8,0.000000,0.800000,0,0,0.000000,0,0.000000,0.000000,0.000000,0,0
65,9,0.000000,0.900000,0,74,0.000000,74,74.412038,7.441204,5537.151419,100,1
65,10,0.100000,0.000000,0,0,0.000000,0,0.000000,0.000000,0.000000,0,0
65,11,0.100000,0.100000,0,0,0.000000,0,0.000000,0.000000,0.000000,0,0
65,12,0.100000,0.200000,0,0,0.000000,0,0.000000,0.000000,0.000000,0,0
65,13,0.100000,0.300000,0,0,0.000000,0,0.000000,0.000000,0.000000,0,0
65,14,0.100000,0.400000,0,0,0.000000,0,0.000000,0.000000,0.000000,0,0
65,15,0.100000,0.500000,0,0,0.000000,0,0.000000,0.000000,0.000000,0,0
65,16,0.100000,0.600000,0,0,0.000000,0,0.000000,0.000000,0.000000,0,0
65,17,0.100000,0.700000,0,0,0.000000,0,0.000000,0.000000,0.000000,0,0
65,18,0.100000,0.800000,0,0,0.000000,0,0.000000,0.000000,0.000000,0,0
65,19,0.100000,0.900000,0,0,0.000000,0,0.000000,0.000000,0.000000,0,0
65,20,0.200000,0.000000,0,0,0.000000,0,0.000000,0.000000,0.000000,0,0
65,21,0.200000,0.100000,0,0,0.000000,0,0.000000,0.000000,0.000000,0,0
65,22,0.200000,0.200000,0,0,0.000000,0,0.000000,0.000000,0.000000,0,0
65,23,0.200000,0.300000,0,0,0.000000,0,0.000000,0.000000,0.000000,0,0
65,24,0.200000,0.400000,0,0,0.000000,0,0.000000,0.000000,0.000000,0,0
65,25,0.200000,0.500000,0,0,0.000000,0,0.000000,0.000000,0.000000,0,0
65,26,0.200000,0.600000,0,0,0.000000,0,0.000000,0.000000,0.000000,0,0
65,27,0.200000,0.700000,0,0,0.000000,0,0.000000,0.000000,0.000000,0,0
65,28,0.200000,0.800000,0,0,0.000000,0,0.000000,0.000000,0.000000,0,0
65,29,0.200000,0.900000,0,0,0.000000,0,0.000000,0.000000,0.000000,0,0
65,30,0.300000,0.000000,0,0,0.000000,0,0.000000,0.000000,0.000000,0,0
65,31,0.300000,0.100000,0,0,0.000000,0,0.000000,0.000000,0.000000,0,0
65,32,0.300000,0.200000,0,0,0.000000,0,0.000000,0.000000,0.000000,0,0
65,33,0.300000,0.300000,0,0,0.000000,0,0.000000,0.000000,0.000000,0,0
65,34,0.300000,0.400000,0,0,0.000000,0,0.000000,0.000000,0.000000,0,0
65,35,0.300000,0.500000,0,0,0.000000,0,0.000000,0.000000,0.000000,0,0
65,36,0.300000,0.600000,0,0,0.000000,0,0.000000,0.000000,0.000000,0,0
65,37,0.300000,0.700000,0,0,0.000000,0,0.000000,0.000000,0.000000,0,0
65,38,0.300000,0.800000,0,0,0.000000,0,0.000000,0.000000,0.000000,0,0
65,39,0.300000,0.900000,0,0,0.000000,0,0.000000,0.000000,0.000000,0,0
65,40,0.400000,0.000000,0,0,0.000000,0,0.000000,0.000000,0.000000,100,45
65,41,0.400000,0.100000,0,0,0.000000,0,0.000000,0.000000,0.000000,0,0
65,42,0.400000,0.200000,0,0,0.000000,0,0.000000,0.000000,0.000000,0,0
65,43,0.400000,0.300000,0,0,0.000000,0,0.000000,0.000000,0.000000,0,0
65,44,0.400000,0.400000,0,0,0.000000,0,0.000000,0.000000,0.000000,0,0
65,45,0.400000,0.500000,0,0,0.000000,0,0.000000,0.000000,0.000000,0,0
65,46,0.400000,0.600000,0,0,0.000000,0,0.000000,0.000000,0.000000,0,0
65,47,0.400000,0.700000,0,0,0.000000,0,0.000000,0.000000,0.000000,0,0
65,48,0.400000,0.800000,0,0,0.000000,0,0.000000,0.000000,0.000000,0,0
65,49,0.400000,0.900000,0,0,0.000000,0,0.000000,0.000000,0.000000,100,71
65,50,0.500000,0.000000,0,0,0.000000,0,0.000000,0.000000,0.000000,0,0
65,51,0.500000,0.100000,0,0,0.000000,0,0.000000,0.000000,0.000000,0,0
65,52,0.500000,0.200000,0,0,0.000000,0,0.000000,0.000000,0.000000,0,0
65,53,0.500000,0.300000,0,0,0.000000,0,0.000000,0.000000,0.000000,0,0
65,54,0.500000,0.400000,0,0,0.000000,0,0.000000,0.000000,0.000000,0,0
65,55,0.500000,0.500000,0,0,0.000000,0,0.000000,0.000000,0.000000,0,0
65,56,0.500000,0.600000,0,0,0.000000,0,0.000000,0.000000,0.000000,0,0
65,57,0.500000,0.700000,0,0,0.000000,0,0.000000,0.000000,0.000000,0,0
65,58,0.500000,0.800000,0,0,0.000000,0,0.000000,0.000000,0.000000,0,0
65,59,0.500000,0.900000,0,0,0.000000,0,0.000000,0.000000,0.000000,0,0
65,60,0.600000,0.000000,0,0,0.000000,0,0.000000,0.000000,0.000000,0,0
65,61,0.600000,0.100000,0,0,0.000000,0,0.000000,0.000000,0.000000,0,0
65,62,0.600000,0.200000,0,0,0.000000,0,0.000000,0.000000,0.000000,0,0
65,63,0.600000,0.300000,0,0,0.000000,0,0.000000,0.000000,0.000000,0,0
65,64,0.600000,0.400000,0,0,0.000000,0,0.000000,0.000000,0.000000,0,0
65,65,0.600000,0.500000,0,0,0.000000,0,0.000000,0.000000,0.000000,0,0
65,66,0.600000,0.600000,0,0,0.000000,0,0.000000,0.000000,0.000000,0,0
65,67,0.600000,0.700000,0,0,0.000000,0,0.000000,0.000000,0.000000,0,0
65,68,0.600000,0.800000,0,0,0.000000,0,0.000000,0.000000,0.000000,0,0
65,69,0.600000,0.900000,0,0,0.000000,0,0.000000,0.000000,0.000000,0,0
65,70,0.700000,0.000000,0,0,0.000000,0,0.000000,0.000000,0.000000,0,0
65,71,0.700000,0.100000,0,0,0.000000,0,0.000000,0.000000,0.000000,0,0
65,72,0.700000,0.200000,0,0,0.000000,0,0.000000,0.000000,0.000000,0,0
65,73,0.700000,0.300000,0,0,0.000000,0,0.000000,0.000000,0.000000,0,0
65,74,0.700000,0.400000,0,0,0.000000,0,0.000000,0.000000,0.000000,0,0
65,75,0.700000,0.500000,0,0,0.000000,0,0.000000,0.000000,0.000000,0,0
65,76,0.700000,0.600000,0,0,0.000000,0,0.000000,0.000000,0.000000,0,0
65,77,0.700000,0.700000,0,0,0.000000,0,0.000000,0.000000,0.000000,0,0
65,78,0.700000,0.800000,0,0,0.000000,0,0.000000,0.000000,0.000000,0,0
65,79,0.700000,0.900000,0,0,0.000000,0,0.000000,0.000000,0.000000,0,0
65,80,0.800000,0.000000,0,0,0.000000,0,0.000000,0.000000,0.000000,0,0
65,81,0.800000,0.100000,0,0,0.000000,0,0.000000,0.000000,0.000000,0,0
65,82,0.800000,0.200000,0,0,0.000000,0,0.000000,0.000000,0.000000,0,0
65,83,0.800000,0.300000,0,0,0.000000,0,0.000000,0.000000,0.000000,0,0
65,84,0.800000,0.400000,0,0,0.000000,0,0.000000,0.000000,0.000000,0,0
65,85,0.800000,0.500000,0,0,0.000000,0,0.000000,0.000000,0.000000,0,0
65,86,0.800000,0.600000,0,0,0.000000,0,0.000000,0.000000,0.000000,0,0
65,87,0.800000,0.700000,0,0,0.000000,0,0.000000,0.000000,0.000000,0,0
65,88,0.800000,0.800000,0,0,0.000000,0,0.000000,0.000000,0.000000,0,0
65,89,0.800000,0.900000,0,0,0.000000,0,0.000000,0.000000,0.000000,0,0
65,90,0.900000,0.000000,0,0,0.000000,0,0.000000,0.000000,0.000000,0,0
65,91,0.900000,0.100000,0,0,0.000000,0,0.000000,0.000000,0.000000,0,0
65,92,0.900000,0.200000,0,0,0.000000,0,0.000000,0.000000,0.000000,0,0
65,93,0.900000,0.300000,0,0,0.000000,0,0.000000,0.000000,0.000000,0,0
65,94,0.900000,0.400000,0,0,0.000000,0,0.000000,0.000000,0.000000,0,0
65,95,0.900000,0.500000,0,0,0.000000,0,0.000000,0.000000,0.000000,0,0
65,96,0.900000,0.600000,0,0,0.000000,0,0.000000,0.000000,0.000000,0,0
65,97,0.900000,0.700000,0,0,0.000000,0,0.000000,0.000000,0.000000,0,0
65,98,0.900000,0.800000,0,0,0.000000,0,0.000000,0.000000,0.000000,0,0
65,99,0.900000,0.900000,0,53,0.000000,53,53.844483,5.384448,2899.228329,100,1
66,0,0.000000,0.000000,0,74,0.000000,74,74.414012,7.441401,5537.445255,100,1
66,1,0.000000,0.100000,0,0,0.000000,0,0.000000,0.000000,0.000000,0,0
66,2,0.000000,0.200000,0,0,0.000000,0,0.000000,0.000000,0.000000,0,0
66,3,0.000000,0.300000,0,0,0.000000,0,0.000000,0.000000,0.000000,0,0
66,4,0.000000,0.400000,0,0,0.000000,0,0.000000,0.000000,0.000000,0,0
66,5,0.000000,0.500000,0,0,0.000000,0,0.000000,0.000000,0.000000,0,0
66,6,0.000000,0.600000,0,0,0.000000,0,0.000000,0.000000,0.000000,0,0
66,7,0.000000,0.700000,0,0,0.000000,0,0.000000,0.000000,0.000000,0,0
66,8,0.000000,0.800000,0,0,0.000000,0,0.000000,0.000000,0.000000,0,0
66,9,0.000000,0.900000,0,74,0.000000,74,74.412038,7.441204,5537.151419,100,1
66,10,0.100000,0.000000,0,0,0.000000,0,0.000000,0.000000,0.000000,0,0
66,11,0.100000,0.100000,0,0,0.000000,0,0.000000,0.000000,0.000000,0,0
66,12,0.100000,0.200000,0,0,0.000000,0,0.000000,0.000000,0.000000,0,0
66,13,0.100000,0.300000,0,0,0.000000,0,0.000000,0.000000,0.000000,0,0
66,14,0.100000,0.400000,0,0,0.000000,0,0.000000,0.000000,0.000000,0,0
66,15,0.100000,0.500000,0,0,0.000000,0,0.000000,0.000000,0.000000,0,0
66,16,0.100000,0.600000,0,0,0.000000,0,0.000000,0.000000,0.000000,0,0
66,17,0.100000,0.700000,0,0,0.000000,0,0.000000,0.000000,0.000000,0,0
66,18,0.100000,0.800000,0,0,0.000000,0,0.000000,0.000000,0.000000,0,0
66,19,0.100000,0.900000,0,0,0.000000,0,0.000000,0.000000,0.000000,0,0
66,20,0.200000,0.000000,0,0,0.000000,0,0.000000,0.000000,0.000000,0,0
66,21,0.200000,0.100000,0,0,0.000000,0,0.000000,0.000000,0.000000,0,0
66,22,0.200000,0.200000,0,0,0.000000,0,0.000000,0.000000,0.000000,0,0
66,23,0.200000,0.300000,0,0,0.000000,0,0.000000,0.000000,0.000000,0,0
66,24,0.200000,0.400000,0,0,0.000000,0,0.000000,0.000000,0.000000,0,0
66,25,0.200000,0.500000,0,0,0.000000,0,0.000000,0.000000,0.000000,0,0
66,26,0.200000,0.600000,0,0,0.000000,0,0.000000,0.000000,0.000000,0,0
66,27,0.200000,0.700000,0,0,0.000000,0,0.000000,0.000000,0.000000,0,0
66,28,0.200000,0.800000,0,0,0.000000,0,0.000000,0.000000,0.000000,0,0
66,29,0.200000,0.900000,0,0,0.000000,0,0.000000,0.000000,0.000000,0,0
66,30,0.300000,0.000000,0,0,0.000000,0,0.000000,0.000000,0.000000,0,0
66,31,0.300000,0.100000,0,0,0.000000,0,0.000000,0.000000,0.000000,0,0
66,32,0.300000,0.200000,0,0,0.000000,0,0.000000,0.000000,0.000000,0,0
66,33,0.300000,0.300000,0,0,0.000000,0,0.000000,0.000000,0.000000,0,0
66,34,0.300000,0.400000,0,0,0.000000,0,0.000000,0.000000,0.000000,0,0
66,35,0.300000,0.500000,0,0,0.000000,0,0.000000,0.000000,0.000000,0,0
66,36,0.300000,0.600000,0,0,0.000000,0,0.000000,0.000000,0.000000,0,0
66,37,0.300000,0.700000,0,0,0.000000,0,0.000000,0.000000,0.000000,0,0
66,38,0.300000,0.800000,0,0,0.000000,0,0.000000,0.000000,0.000000,0,0
66,39,0.300000,0.900000,0,0,0.000000,0,0.000000,0.000000,0.000000,0,0
66,40,0.400000,0.000000,0,0,0.000000,0,0.000000,0.000000,0.000000,100,45
66,41,0.400000,0.100000,0,0,0.000000,0,0.000000,0.000000,0.000000,0,0
66,42,0.400000,0.200000,0,0,0.000000,0,0.000000,0.000000,0.000000,0,0
66,43,0.400000,0.300000,0,0,0.000000,0,0.000000,0.000000,0.000000,0,0
66,44,0.400000,0.400000,0,0,0.000000,0,0.000000,0.000000,0.000000,0,0
66,45,0.400000,0.500000,0,0,0.000000,0,0.000000,0.000000,0.000000,0,0
66,46,0.400000,0.600000,0,0,0.000000,0,0.000000,0.000000,0.000000,0,0
66,47,0.400000,0.700000,0,0,0.000000,0,0.000000,0.000000,0.000000,0,0
66,48,0.400000,0.800000,0,0,0.000000,0,0.000000,0.000000,0.000000,0,0
66,49,0.400000,0.900000,0,0,0.000000,0,0.000000,0.000000,0.000000,100,71
66,50,0.500000,0.000000,0,0,0.000000,0,0.000000,0.000000,0.000000,0,0
66,51,0.500000,0.100000,0,0,0.000000,0,0.000000,0.000000,0.000000,0,0
66,52,0.500000,0.200000,0,0,0.000000,0,0.000000,0.000000,0.000000,0,0
66,53,0.500000,0.300000,0,0,0.000000,0,0.000000,0.000000,0.000000,0,0
66,54,0.500000,0.400000,0,0,0.000000,0,0.000000,0.000000,0.000000,0,0
66,55,0.500000,0.500000,0,0,0.000000,0,0.000000,0.000000,0.000000,0,0
66,56,0.500000,0.600000,0,0,0.000000,0,0.000000,0.000000,0.000000,0,0
66,57,0.500000,0.700000,0,0,0.000000,0,0.000000,0.000000,0.000000,0,0
66,58,0.500000,0.800000,0,0,0.000000,0,0.000000,0.000000,0.000000,0,0
66,59,0.500000,0.900000,0,0,0.000000,0,0.000000,0.000000,0.000000,0,0
66,60,0.600000,0.000000,0,0,0.000000,0,0.000000,0.000000,0.000000,0,0
66,61,0.600000,0.100000,0,0,0.000000,0,0.000000,0.000000,0.000000,0,0
66,62,0.600000,0.200000,0,0,0.000000,0,0.000000,0.000000,0.000000,0,0
66,63,0.600000,0.300000,0,0,0.000000,0,0.000000,0.000000,0.000000,0,0
66,64,0.600000,0.400000,0,0,0.000000,0,0.000000,0.000000,0.000000,0,0
66,65,0.600000,0.500000,0,0,0.000000,0,0.000000,0.000000,0.000000,0,0
66,66,0.600000,0.600000,0,0,0.000000,0,0.000000,0.000000,0.000000,0,0
66,67,0.600000,0.700000,0,0,0.000000,0,0.000000,0.000000,0.000000,0,0
66,68,0.600000,0.800000,0,0,0.000000,0,0.000000,0.000000,0.000000,0,0
66,69,0.600000,0.900000,0,0,0.000000,0,0.000000,0.000000,0.000000,0,0
66,70,0.700000,0.000000,0,0,0.000000,0,0.000000,0.000000,0.000000,0,0
66,71,0.700000,0.100000,0,0,0.000000,0,0.000000,0.000000,0.000000,0,0
66,72,0.700000,0.200000,0,0,0.000000,0,0.000000,0.000000,0.000000,0,0
66,73,0.700000,0.300000,0,0,0.000000,0,0.000000,0.000000,0.000000,0,0
66,74,0.700000,0.400000,0,0,0.000000,0,0.000000,0.000000,0.000000,0,0
66,75,0.700000,0.500000,0,0,0.000000,0,0.000000,0.000000,0.000000,0,0
66,76,0.700000,0.600000,0,0,0.000000,0,0.000000,0.000000,0.000000,0,0
66,77,0.700000,0.700000,0,0,0.000000,0,0.000000,0.000000,0.000000,0,0
66,78,0.700000,0.800000,0,0,0.000000,0,0.000000,0.000000,0.000000,0,0
66,79,0.700000,0.900000,0,0,0.000000,0,0.000000,0.000000,0.000000,0,0
66,80,0.800000,0.000000,0,0,0.000000,0,0.000000,0.000000,0.000000,0,0
66,81,0.800000,0.100000,0,0,0.000000,0,0.000000,0.000000,0.000000,0,0
66,82,0.800000,0.200000,0,0,0.000000,0,0.000000,0.000000,0.000000,0,0
66,83,0.800000,0.300000,0,0,0.000000,0,0.000000,0.000000,0.000000,0,0
66,84,0.800000,0.400000,0,0,0.000000,0,0.000000,0.000000,0.000000,0,0
66,85,0.800000,0.500000,0,0,0.000000,0,0.000000,0.000000,0.000000,0,0
66,86,0.800000,0.600000,0,0,0.000000,0,0.000000,0.000000,0.000000,0,0
66,87,0.800000,0.700000,0,0,0.000000,0,0.000000,0.000000,0.000000,0,0
66,88,0.800000,0.800000,0,0,0.000000,0,0.000000,0.000000,0.000000,0,0
66,89,0.800000,0.900000,0,0,0.000000,0,0.000000,0.000000,0.000000,0,0
66,90,0.900000,0.000000,0,0,0.000000,0,0.000000,0.000000,0.000000,0,0
66,91,0.900000,0.100000,0,0,0.000000,0,0.000000,0.000000,0.000000,0,0
66,92,0.900000,0.200000,0,0,0.000000,0,0.000000,0.000000,0.000000,0,0
66,93,0.900000,0.300000,0,0,0.000000,0,0.000000,0.000000,0.000000,0,0
66,94,0.900000,0.400000,0,0,0.000000,0,0.000000,0.000000,0.000000,0,0
66,95,0.900000,0.500000,0,0,0.000000,0,0.000000,0.000000,0.000000,0,0
66,96,0.900000,0.600000,0,0,0.000000,0,0.000000,0.000000,0.000000,0,0
66,97,0.900000,0.700000,0,0,0.000000,0,0.000000,0.000000,0.000000,0,0
66,98,0.900000,0.800000,0,0,0.000000,0,0.000000,0.000000,0.000000,0,0
66,99,0.900000,0.900000,0,53,0.000000,53,53.844483,5.384448,2899.228329,100,1
67,0,0.000000,0.000000,0,74,0.000000,74,74.414012,7.441401,5537.445255,100,1
67,1,0.000000,0.100000,0,0,0.000000,0,0.000000,0.000000,0.000000,0,0
67,2,0.000000,0.200000,0,0,0.000000,0,0.000000,0.000000,0.000000,0,0
67,3,0.000000,0.300000,0,0,0.000000,0,0.000000,0.000000,0.000000,0,0
67,4,0.000000,0.400000,0,0,0.000000,0,0.000000,0.000000,0.000000,0,0
67,5,0.000000,0.500000,0,0,0.000000,0,0.000000,0.000000,0.000000,0,0
67,6,0.000000,0.600000,0,0,0.000000,0,0.000000,0.000000,0.000000,0,0
67,7,0.000000,0.700000,0,0,0.000000,0,0.000000,0.000000,0.000000,0,0
67,8,0.000000,0.800000,0,0,0.000000,0,0.000000,0.000000,0.000000,0,0
67,9,0.000000,0.900000,0,74,0.000000,74,74.412038,7.441204,5537.151419,100,1
67,10,0.100000,0.000000,0,0,0.000000,0,0.000000,0.000000,0.000000,0,0
67,11,0.100000,0.100000,0,0,0.000000,0,0.000000,0.000000,0.000000,0,0
67,12,0.100000,0.200000,0,0,0.000000,0,0.000000,0.000000,0.000000,0,0
67,13,0.100000,0.300000,0,0,0.000000,0,0.000000,0.000000,0.000000,0,0
67,14,0.100000,0.400000,0,0,0.000000,0,0.000000,0.000000,0.000000,0,0
67,15,0.100000,0.500000,0,0,0.000000,0,0.000000,0.000000,0.000000,0,0
67,16,0.100000,0.600000,0,0,0.000000,0,0.000000,0.000000,0.000000,0,0
67,17,0.100000,0.700000,0,0,0.000000,0,0.000000,0.000000,0.000000,0,0
67,18,0.100000,0.800000,0,0,0.000000,0,0.000000,0.000000,0.000000,0,0
67,19,0.100000,0.900000,0,0,0.000000,0,0.000000,0.000000,0.000000,0,0
67,20,0.200000,0.000000,0,0,0.000000,0,0.000000,0.000000,0.000000,0,0
67,21,0.200000,0.100000,0,0,0.000000,0,0.000000,0.000000,0.000000,0,0
67,22,0.200000,0.200000,0,0,0.000000,0,0.000000,0.000000,0.000000,0,0
67,23,0.200000,0.300000,0,0,0.000000,0,0.000000,0.000000,0.000000,0,0
67,24,0.200000,0.400000,0,0,0.000000,0,0.000000,0.000000,0.000000,0,0
67,25,0.200000,0.500000,0,0,0.000000,0,0.000000,0.000000,0.000000,0,0
67,26,0.200000,0.600000,0,0,0.000000,0,0.000000,0.000000,0.000000,0,0
67,27,0.200000,0.700000,0,0,0.000000,0,0.000000,0.000000,0.000000,0,0
67,28,0.200000,0.800000,0,0,0.000000,0,0.000000,0.000000,0.000000,0,0
67,29,0.200000,0.900000,0,0,0.000000,0,0.000000,0.000000,0.000000,0,0
67,30,0.300000,0.000000,0,0,0.000000,0,0.000000,0.000000,0.000000,0,0
67,31,0.300000,0.100000,0,0,0.000000,0,0.000000,0.000000,0.000000,0,0
67,32,0.300000,0.200000,0,0,0.000000,0,0.000000,0.000000,0.000000,0,0
67,33,0.300000,0.300000,0,0,0.000000,0,0.000000,0.000000,0.000000,0,0
67,34,0.300000,0.400000,0,0,0.000000,0,0.000000,0.000000,0.000000,0,0
67,35,0.300000,0.500000,0,0,0.000000,0,0.000000,0.000000,0.000000,0,0
67,36,0.300000,0.600000,0,0,0.000000,0,0.000000,0.000000,0.000000,0,0
67,37,0.300000,0.700000,0,0,0.000000,0,0.000000,0.000000,0.000000,0,0
67,38,0.300000,0.800000,0,0,0.000000,0,0.000000,0.000000,0.000000,0,0
67,39,0.300000,0.900000,0,0,0.000000,0,0.000000,0.000000,0.000000,0,0
67,40,0.400000,0.000000,0,0,0.000000,0,0.000000,0.000000,0.000000,100,45
67,41,0.400000,0.100000,0,0,0.000000,0,0.000000,0.000000,0.000000,0,0
67,42,0.400000,0.200000,0,0,0.000000,0,0.000000,0.000000,0.000000,0,0
67,43,0.400000,0.300000,0,0,0.000000,0,0.000000,0.000000,0.000000,0,0
67,44,0.400000,0.400000,0,0,0.000000,0,0.000000,0.000000,0.000000,0,0
67,45,0.400000,0.500000,0,0,0.000000,0,0.000000,0.000000,0.000000,0,0
67,46,0.400000,0.600000,0,0,0.000000,0,0.000000,0.000000,0.000000,0,0
67,47,0.400000,0.700000,0,0,0.000000,0,0.000000,0.000000,0.000000,0,0
67,48,0.400000,0.800000,0,0,0.000000,0,0.000000,0.000000,0.000000,0,0
67,49,0.400000,0.900000,0,0,0.000000,0,0.000000,0.000000,0.000000,100,71
67,50,0.500000,0.000000,0,0,0.000000,0,0.000000,0.000000,0.000000,0,0
67,51,0.500000,0.100000,0,0,0.000000,0,0.000000,0.000000,0.000000,0,0
67,52,0.500000,0.200000,0,0,0.000000,0,0.000000,0.000000,0.000000,0,0
67,53,0.500000,0.300000,0,0,0.000000,0,0.000000,0.000000,0.000000,0,0
67,54,0.500000,0.400000,0,0,0.000000,0,0.000000,0.000000,0.000000,0,0
67,55,0.500000,0.500000,0,0,0.000000,0,0.000000,0.000000,0.000000,0,0
67,56,0.500000,0.600000,0,0,0.000000,0,0.000000,0.000000,0.000000,0,0
67,57,0.500000,0.700000,0,0,0.000000,0,0.000000,0.000000,0.000000,0,0
67,58,0.500000,0.800000,0,0,0.000000,0,0.000000,0.000000,0.000000,0,0
67,59,0.500000,0.900000,0,0,0.000000,0,0.000000,0.000000,0.000000,0,0
67,60,0.600000,0.000000,0,0,0.000000,0,0.000000,0.000000,0.000000,0,0
67,61,0.600000,0.100000,0,0,0.000000,0,0.000000,0.000000,0.000000,0,0
67,62,0.600000,0.200000,0,0,0.000000,0,0.000000,0.000000,0.000000,0,0
67,63,0.600000,0.300000,0,0,0.000000,0,0.000000,0.000000,0.000000,0,0
67,64,0.600000,0.400000,0,0,0.000000,0,0.000000,0.000000,0.000000,0,0
67,65,0.600000,0.500000,0,0,0.000000,0,0.000000,0.000000,0.000000,0,0
67,66,0.600000,0.600000,0,0,0.000000,0,0.000000,0.000000,0.000000,0,0
67,67,0.600000,0.700000,0,0,0.000000,0,0.000000,0.000000,0.000000,0,0
67,68,0.600000,0.800000,0,0,0.000000,0,0.000000,0.000000,0.000000,0,0
67,69,0.600000,0.900000,0,0,0.000000,0,0.000000,0.000000,0.000000,0,0
67,70,0.700000,0.000000,0,0,0.000000,0,0.000000,0.000000,0.000000,0,0
67,71,0.700000,0.100000,0,0,0.000000,0,0.000000,0.000000,0.000000,0,0
67,72,0.700000,0.200000,0,0,0.000000,0,0.000000,0.000000,0.000000,0,0
67,73,0.700000,0.300000,0,0,0.000000,0,0.000000,0.000000,0.000000,0,0
67,74,0.700000,0.400000,0,0,0.000000,0,0.000000,0.000000,0.000000,0,0
67,75,0.700000,0.500000,0,0,0.000000,0,0.000000,0.000000,0.000000,0,0
67,76,0.700000,0.600000,0,0,0.000000,0,0.000000,0.000000,0.000000,0,0
67,77,0.700000,0.700000,0,0,0.000000,0,0.000000,0.000000,0.000000,0,0
67,78,0.700000,0.800000,0,0,0.000000,0,0.000000,0.000000,0.000000,0,0
67,79,0.700000,0.900000,0,0,0.000000,0,0.000000,0.000000,0.000000,0,0
67,80,0.800000,0.000000,0,0,0.000000,0,0.000000,0.000000,0.000000,0,0
67,81,0.800000,0.100000,0,0,0.000000,0,0.000000,0.000000,0.000000,0,0
67,82,0.800000,0.200000,0,0,0.000000,0,0.000000,0.000000,0.000000,0,0
67,83,0.800000,0.300000,0,0,0.000000,0,0.000000,0.000000,0.000000,0,0
67,84,0.800000,0.400000,0,0,0.000000,0,0.000000,0.000000,0.000000,0,0
67,85,0.800000,0.500000,0,0,0.000000,0,0.000000,0.000000,0.000000,0,0
67,86,0.800000,0.600000,0,0,0.000000,0,0.000000,0.000000,0.000000,0,0
67,87,0.800000,0.700000,0,0,0.000000,0,0.000000,0.000000,0.000000,0,0
67,88,0.800000,0.800000,0,0,0.000000,0,0.000000,0.000000,0.000000,0,0
67,89,0.800000,0.900000,0,0,0.000000,0,0.000000,0.000000,0.000000,0,0
67,90,0.900000,0.000000,0,0,0.000000,0,0.000000,0.000000,0.000000,0,0
67,91,0.900000,0.100000,0,0,0.000000,0,0.000000,0.000000,0.000000,0,0
67,92,0.900000,0.200000,0,0,0.000000,0,0.000000,0.000000,0.000000,0,0
67,93,0.900000,0.300000,0,0,0.000000,0,0.000000,0.000000,0.000000,0,0
67,94,0.900000,0.400000,0,0,0.000000,0,0.000000,0.000000,0.000000,0,0
67,95,0.900000,0.500000,0,0,0.000000,0,0.000000,0.000000,0.000000,0,0
67,96,0.900000,0.600000,0,0,0.000000,0,0.000000,0.000000,0.000000,0,0
67,97,0.900000,0.700000,0,0,0.000000,0,0.000000,0.000000,0.000000,0,0
67,98,0.900000,0.800000,0,0,0.000000,0,0.000000,0.000000,0.000000,0,0
67,99,0.900000,0.900000,0,53,0.000000,53,53.844483,5.384448,2899.228329,100,1
68,0,0.000000,0.000000,0,74,0.000000,74,74.414012,7.441401,5537.445255,100,1
68,1,0.000000,0.100000,0,0,0.000000,0,0.000000,0.000000,0.000000,0,0
68,2,0.000000,0.200000,0,0,0.000000,0,0.000000,0.000000,0.000000,0,0
68,3,0.000000,0.300000,0,0,0.000000,0,0.000000,0.000000,0.000000,0,0
68,4,0.000000,0.400000,0,0,0.000000,0,0.000000,0.000000,0.000000,0,0
68,5,0.000000,0.500000,0,0,0.000000,0,0.000000,0.000000,0.000000,0,0
68,6,0.000000,0.600000,0,0,0.000000,0,0.000000,0.000000,0.000000,0,0
68,7,0.000000,0.700000,0,0,0.000000,0,0.000000,0.000000,0.000000,0,0
68,8,0.000000,0.800000,0,0,0.000000,0,0.000000,0.000000,0.000000,0,0
68,9,0.000000,0.900000,0,74,0.000000,74,74.412038,7.441204,5537.151419,100,1
68,10,0.100000,0.000000,0,0,0.000000,0,0.000000,0.000000,0.000000,0,0
68,11,0.100000,0.100000,0,0,0.000000,0,0.000000,0.000000,0.000000,0,0
68,12,0.100000,0.200000,0,0,0.000000,0,0.000000,0.000000,0.000000,0,0
68,13,0.100000,0.300000,0,0,0.000000,0,0.000000,0.000000,0.000000,0,0
68,14,0.100000,0.400000,0,0,0.000000,0,0.000000,0.000000,0.000000,0,0
68,15,0.100000,0.500000,0,0,0.000000,0,0.000000,0.000000,0.000000,0,0
68,16,0.100000,0.600000,0,0,0.000000,0,0.000000,0.000000,0.000000,0,0
68,17,0.100000,0.700000,0,0,0.000000,0,0.000000,0.000000,0.000000,0,0
68,18,0.100000,0.800000,0,0,0.000000,0,0.000000,0.000000,0.000000,0,0
68,19,0.100000,0.900000,0,0,0.000000,0,0.000000,0.000000,0.000000,0,0
68,20,0.200000,0.000000,0,0,0.000000,0,0.000000,0.000000,0.000000,0,0
68,21,0.200000,0.100000,0,0,0.000000,0,0.000000,0.000000,0.000000,0,0
68,22,0.200000,0.200000,0,0,0.000000,0,0.000000,0.000000,0.000000,0,0
68,23,0.200000,0.300000,0,0,0.000000,0,0.000000,0.000000,0.000000,0,0
68,24,0.200000,0.400000,0,0,0.000000,0,0.000000,0.000000,0.000000,0,0
68,25,0.200000,0.500000,0,0,0.000000,0,0.000000,0.000000,0.000000,0,0
68,26,0.200000,0.600000,0,0,0.000000,0,0.000000,0.000000,0.000000,0,0
68,27,0.200000,0.700000,0,0,0.000000,0,0.000000,0.000000,0.000000,0,0
68,28,0.200000,0.800000,0,0,0.000000,0,0.000000,0.000000,0.000000,0,0
68,29,0.200000,0.900000,0,0,0.000000,0,0.000000,0.000000,0.000000,0,0
68,30,0.300000,0.000000,0,0,0.000000,0,0.000000,0.000000,0.000000,0,0
68,31,0.300000,0.100000,0,0,0.000000,0,0.000000,0.000000,0.000000,0,0
68,32,0.300000,0.200000,0,0,0.000000,0,0.000000,0.000000,0.000000,0,0
68,33,0.300000,0.300000,0,0,0.000000,0,0.000000,0.000000,0.000000,0,0
68,34,0.300000,0.400000,0,0,0.000000,0,0.000000,0.000000,0.000000,0,0
68,35,0.300000,0.500000,0,0,0.000000,0,0.000000,0.000000,0.000000,0,0
68,36,0.300000,0.600000,0,0,0.000000,0,0.000000,0.000000,0.000000,0,0
68,37,0.300000,0.700000,0,0,0.000000,0,0.000000,0.000000,0.000000,0,0
68,38,0.300000,0.800000,0,0,0.000000,0,0.000000,0.000000,0.000000,0,0
68,39,0.300000,0.900000,0,0,0.000000,0,0.000000,0.000000,0.000000,0,0
68,40,0.400000,0.000000,0,0,0.000000,0,0.000000,0.000000,0.000000,100,45
68,41,0.400000,0.100000,0,0,0.000000,0,0.000000,0.000000,0.000000,0,0
68,42,0.400000,0.200000,0,0,0.000000,0,0.000000,0.000000,0.000000,0,0
68,43,0.400000,0.300000,0,0,0.000000,0,0.000000,0.000000,0.000000,0,0
68,44,0.400000,0.400000,0,0,0.000000,0,0.000000,0.000000,0.000000,0,0
68,45,0.400000,0.500000,0,0,0.000000,0,0.000000,0.000000,0.000000,0,0
68,46,0.400000,0.600000,0,0,0.000000,0,0.000000,0.000000,0.000000,0,0
68,47,0.400000,0.700000,0,0,0.000000,0,0.000000,0.000000,0.000000,0,0
68,48,0.400000,0.800000,0,0,0.000000,0,0.000000,0.000000,0.000000,0,0
68,49,0.400000,0.900000,0,0,0.000000,0,0.000000,0.000000,0.000000,100,71
68,50,0.500000,0.000000,0,0,0.000000,0,0.000000,0.000000,0.000000,0,0
68,51,0.500000,0.100000,0,0,0.000000,0,0.000000,0.000000,0.000000,0,0
68,52,0.500000,0.200000,0,0,0.000000,0,0.000000,0.000000,0.000000,0,0
68,53,0.500000,0.300000,0,0,0.000000,0,0.000000,0.000000,0.000000,0,0
68,54,0.500000,0.400000,0,0,0.000000,0,0.000000,0.000000,0.000000,0,0
68,55,0.500000,0.500000,0,0,0.000000,0,0.000000,0.000000,0.000000,0,0
68,56,0.500000,0.600000,0,0,0.000000,0,0.000000,0.000000,0.000000,0,0
68,57,0.500000,0.700000,0,0,0.000000,0,0.000000,0.000000,0.000000,0,0
68,58,0.500000,0.800000,0,0,0.000000,0,0.000000,0.000000,0.000000,0,0
68,59,0.500000,0.900000,0,0,0.000000,0,0.000000,0.000000,0.000000,0,0
68,60,0.600000,0.000000,0,0,0.000000,0,0.000000,0.000000,0.000000,0,0
68,61,0.600000,0.100000,0,0,0.000000,0,0.000000,0.000000,0.000000,0,0
68,62,0.600000,0.200000,0,0,0.000000,0,0.000000,0.000000,0.000000,0,0
68,63,0.600000,0.300000,0,0,0.000000,0,0.000000,0.000000,0.000000,0,0
68,64,0.600000,0.400000,0,0,0.000000,0,0.000000,0.000000,0.000000,0,0
68,65,0.600000,0.500000,0,0,0.000000,0,0.000000,0.000000,0.000000,0,0
68,66,0.600000,0.600000,0,0,0.000000,0,0.000000,0.000000,0.000000,0,0
68,67,0.600000,0.700000,0,0,0.000000,0,0.000000,0.000000,0.000000,0,0
68,68,0.600000,0.800000,0,0,0.000000,0,0.000000,0.000000,0.000000,0,0
68,69,0.600000,0.900000,0,0,0.000000,0,0.000000,0.000000,0.000000,0,0
68,70,0.700000,0.000000,0,0,0.000000,0,0.000000,0.000000,0.000000,0,0
68,71,0.700000,0.100000,0,0,0.000000,0,0.000000,0.000000,0.000000,0,0
68,72,0.700000,0.200000,0,0,0.000000,0,0.000000,0.000000,0.000000,0,0
68,73,0.700000,0.300000,0,0,0.000000,0,0.000000,0.000000,0.000000,0,0
68,74,0.700000,0.400000,0,0,0.000000,0,0.000000,0.000000,0.000000,0,0
68,75,0.700000,0.500000,0,0,0.000000,0,0.000000,0.000000,0.000000,0,0
68,76,0.700000,0.600000,0,0,0.000000,0,0.000000,0.000000,0.000000,0,0
68,77,0.700000,0.700000,0,0,0.000000,0,0.000000,0.000000,0.000000,0,0
68,78,0.700000,0.800000,0,0,0.000000,0,0.000000,0.000000,0.000000,0,0
68,79,0.700000,0.900000,0,0,0.000000,0,0.000000,0.000000,0.000000,0,0
68,80,0.800000,0.000000,0,0,0.000000,0,0.000000,0.000000,0.000000,0,0
68,81,0.800000,0.100000,0,0,0.000000,0,0.000000,0.000000,0.000000,0,0
68,82,0.800000,0.200000,0,0,0.000000,0,0.000000,0.000000,0.000000,0,0
68,83,0.800000,0.300000,0,0,0.000000,0,0.000000,0.000000,0.000000,0,0
68,84,0.800000,0.400000,0,0,0.000000,0,0.000000,0.000000,0.000000,0,0
68,85,0.800000,0.500000,0,0,0.000000,0,0.000000,0.000000,0.000000,0,0
68,86,0.800000,0.600000,0,0,0.000000,0,0.000000,0.000000,0.000000,0,0
68,87,0.800000,0.700000,0,0,0.000000,0,0.000000,0.000000,0.000000,0,0
68,88,0.800000,0.800000,0,0,0.000000,0,0.000000,0.000000,0.000000,0,0
68,89,0.800000,0.900000,0,0,0.000000,0,0.000000,0.000000,0.000000,0,0
68,90,0.900000,0.000000,0,0,0.000000,0,0.000000,0.000000,0.000000,0,0
68,91,0.900000,0.100000,0,0,0.000000,0,0.000000,0.000000,0.000000,0,0
68,92,0.900000,0.200000,0,0,0.000000,0,0.000000,0.000000,0.000000,0,0
68,93,0.900000,0.300000,0,0,0.000000,0,0.000000,0.000000,0.000000,0,0
68,94,0.900000,0.400000,0,0,0.000000,0,0.000000,0.000000,0.000000,0,0
68,95,0.900000,0.500000,0,0,0.000000,0,0.000000,0.000000,0.000000,0,0
68,96,0.900000,0.600000,0,0,0.000000,0,0.000000,0.000000,0.000000,0,0
68,97,0.900000,0.700000,0,0,0.000000,0,0.000000,0.000000,0.000000,0,0
68,98,0.900000,0.800000,0,0,0.000000,0,0.000000,0.000000,0.000000,0,0
68,99,0.900000,0.900000,0,53,0.000000,53,53.844483,5.384448,2899.228329,100,1
69,0,0.000000,0.000000,0,74,0.000000,74,74.414012,7.441401,5537.445255,100,1
69,1,0.000000,0.100000,0,0,0.000000,0,0.000000,0.000000,0.000000,0,0
69,2,0.000000,0.200000,0,0,0.000000,0,0.000000,0.000000,0.000000,0,0
69,3,0.000000,0.300000,0,0,0.000000,0,0.000000,0.000000,0.000000,0,0
69,4,0.000000,0.400000,0,0,0.000000,0,0.000000,0.000000,0.000000,0,0
69,5,0.000000,0.500000,0,0,0.000000,0,0.000000,0.000000,0.000000,0,0
69,6,0.000000,0.600000,0,0,0.000000,0,0.000000,0.000000,0.000000,0,0
69,7,0.000000,0.700000,0,0,0.000000,0,0.000000,0.000000,0.000000,0,0
69,8,0.000000,0.800000,0,0,0.000000,0,0.000000,0.000000,0.000000,0,0
69,9,0.000000,0.900000,0,74,0.000000,74,74.412038,7.441204,5537.151419,100,1
69,10,0.100000,0.000000,0,0,0.000000,0,0.000000,0.000000,0.000000,0,0
69,11,0.100000,0.100000,0,0,0.000000,0,0.000000,0.000000,0.000000,0,0
69,12,0.100000,0.200000,0,0,0.000000,0,0.000000,0.000000,0.000000,0,0
69,13,0.100000,0.300000,0,0,0.000000,0,0.000000,0.000000,0.000000,0,0
69,14,0.100000,0.400000,0,0,0.000000,0,0.000000,0.000000,0.000000,0,0
69,15,0.100000,0.500000,0,0,0.000000,0,0.000000,0.000000,0.000000,0,0
69,16,0.100000,0.600000,0,0,0.000000,0,0.000000,0.000000,0.000000,0,0
69,17,0.100000,0.700000,0,0,0.000000,0,0.000000,0.000000,0.000000,0,0
69,18,0.100000,0.800000,0,0,0.000000,0,0.000000,0.000000,0.000000,0,0
69,19,0.100000,0.900000,0,0,0.000000,0,0.000000,0.000000,0.000000,0,0
69,20,0.200000,0.000000,0,0,0.000000,0,0.000000,0.000000,0.000000,0,0
69,21,0.200000,0.100000,0,0,0.000000,0,0.000000,0.000000,0.000000,0,0
69,22,0.200000,0.200000,0,0,0.000000,0,0.000000,0.000000,0.000000,0,0
69,23,0.200000,0.300000,0,0,0.000000,0,0.000000,0.000000,0.000000,0,0
69,24,0.200000,0.400000,0,0,0.000000,0,0.000000,0.000000,0.000000,0,0
69,25,0.200000,0.500000,0,0,0.000000,0,0.000000,0.000000,0.000000,0,0
69,26,0.200000,0.600000,0,0,0.000000,0,0.000000,0.000000,0.000000,0,0
69,27,0.200000,0.700000,0,0,0.000000,0,0.000000,0.000000,0.000000,0,0
69,28,0.200000,0.800000,0,0,0.000000,0,0.000000,0.000000,0.000000,0,0
69,29,0.200000,0.900000,0,0,0.000000,0,0.000000,0.000000,0.000000,0,0
69,30,0.300000,0.000000,0,0,0.000000,0,0.000000,0.000000,0.000000,0,0
69,31,0.300000,0.100000,0,0,0.000000,0,0.000000,0.000000,0.000000,0,0
69,32,0.300000,0.200000,0,0,0.000000,0,0.000000,0.000000,0.000000,0,0
69,33,0.300000,0.300000,0,0,0.000000,0,0.000000,0.000000,0.000000,0,0
69,34,0.300000,0.400000,0,0,0.000000,0,0.000000,0.000000,0.000000,0,0
69,35,0.300000,0.500000,0,0,0.000000,0,0.000000,0.000000,0.000000,0,0
69,36,0.300000,0.600000,0,0,0.000000,0,0.000000,0.000000,0.000000,0,0
69,37,0.300000,0.700000,0,0,0.000000,0,0.000000,0.000000,0.000000,0,0
69,38,0.300000,0.800000,0,0,0.000000,0,0.000000,0.000000,0.000000,0,0
69,39,0.300000,0.900000,0,0,0.000000,0,0.000000,0.000000,0.000000,0,0
69,40,0.400000,0.000000,0,0,0.000000,0,0.000000,0.000000,0.000000,100,45
69,41,0.400000,0.100000,0,0,0.000000,0,0.000000,0.000000,0.000000,0,0
69,42,0.400000,0.200000,0,0,0.000000,0,0.000000,0.000000,0.000000,0,0
69,43,0.400000,0.300000,0,0,0.000000,0,0.000000,0.000000,0.000000,0,0
69,44,0.400000,0.400000,0,0,0.000000,0,0.000000,0.000000,0.000000,0,0
69,45,0.400000,0.500000,0,0,0.000000,0,0.000000,0.000000,0.000000,0,0
69,46,0.400000,0.600000,0,0,0.000000,0,0.000000,0.000000,0.000000,0,0
69,47,0.400000,0.700000,0,0,0.000000,0,0.000000,0.000000,0.000000,0,0
69,48,0.400000,0.800000,0,0,0.000000,0,0.000000,0.000000,0.000000,0,0
69,49,0.400000,0.900000,0,0,0.000000,0,0.000000,0.000000,0.000000,100,71
69,50,0.500000,0.000000,0,0,0.000000,0,0.000000,0.000000,0.000000,0,0
69,51,0.500000,0.100000,0,0,0.000000,0,0.000000,0.000000,0.000000,0,0
69,52,0.500000,0.200000,0,0,0.000000,0,0.000000,0.000000,0.000000,0,0
69,53,0.500000,0.300000,0,0,0.000000,0,0.000000,0.000000,0.000000,0,0
69,54,0.500000,0.400000,0,0,0.000000,0,0.000000,0.000000,0.000000,0,0
69,55,0.500000,0.500000,0,0,0.000000,0,0.000000,0.000000,0.000000,0,0
69,56,0.500000,0.600000,0,0,0.000000,0,0.000000,0.000000,0.000000,0,0
69,57,0.500000,0.700000,0,0,0.000000,0,0.000000,0.000000,0.000000,0,0
69,58,0.500000,0.800000,0,0,0.000000,0,0.000000,0.000000,0.000000,0,0
69,59,0.500000,0.900000,0,0,0.000000,0,0.000000,0.000000,0.000000,0,0
69,60,0.600000,0.000000,0,0,0.000000,0,0.000000,0.000000,0.000000,0,0
69,61,0.600000,0.100000,0,0,0.000000,0,0.000000,0.000000,0.000000,0,0
69,62,0.600000,0.200000,0,0,0.000000,0,0.000000,0.000000,0.000000,0,0
69,63,0.600000,0.300000,0,0,0.000000,0,0.000000,0.000000,0.000000,0,0
69,64,0.600000,0.400000,0,0,0.000000,0,0.000000,0.000000,0.000000,0,0
69,65,0.600000,0.500000,0,0,0.000000,0,0.000000,0.000000,0.000000,0,0
69,66,0.600000,0.600000,0,0,0.000000,0,0.000000,0.000000,0.000000,0,0
69,67,0.600000,0.700000,0,0,0.000000,0,0.000000,0.000000,0.000000,0,0
69,68,0.600000,0.800000,0,0,0.000000,0,0.000000,0.000000,0.000000,0,0
69,69,0.600000,0.900000,0,0,0.000000,0,0.000000,0.000000,0.000000,0,0
69,70,0.700000,0.000000,0,0,0.000000,0,0.000000,0.000000,0.000000,0,0
69,71,0.700000,0.100000,0,0,0.000000,0,0.000000,0.000000,0.000000,0,0
69,72,0.700000,0.200000,0,0,0.000000,0,0.000000,0.000000,0.000000,0,0
69,73,0.700000,0.300000,0,0,0.000000,0,0.000000,0.000000,0.000000,0,0
69,74,0.700000,0.400000,0,0,0.000000,0,0.000000,0.000000,0.000000,0,0
69,75,0.700000,0.500000,0,0,0.000000,0,0.000000,0.000000,0.000000,0,0
69,76,0.700000,0.600000,0,0,0.000000,0,0.000000,0.000000,0.000000,0,0
69,77,0.700000,0.700000,0,0,0.000000,0,0.000000,0.000000,0.000000,0,0
69,78,0.700000,0.800000,0,0,0.000000,0,0.000000,0.000000,0.000000,0,0
69,79,0.700000,0.900000,0,0,0.000000,0,0.000000,0.000000,0.000000,0,0
69,80,0.800000,0.000000,0,0,0.000000,0,0.000000,0.000000,0.000000,0,0
69,81,0.800000,0.100000,0,0,0.000000,0,0.000000,0.000000,0.000000,0,0
69,82,0.800000,0.200000,0,0,0.000000,0,0.000000,0.000000,0.000000,0,0
69,83,0.800000,0.300000,0,0,0.000000,0,0.000000,0.000000,0.000000,0,0
69,84,0.800000,0.400000,0,0,0.000000,0,0.000000,0.000000,0.000000,0,0
69,85,0.800000,0.500000,0,0,0.000000,0,0.000000,0.000000,0.000000,0,0
69,86,0.800000,0.600000,0,0,0.000000,0,0.000000,0.000000,0.000000,0,0
69,87,0.800000,0.700000,0,0,0.000000,0,0.000000,0.000000,0.000000,0,0
69,88,0.800000,0.800000,0,0,0.000000,0,0.000000,0.000000,0.000000,0,0
69,89,0.800000,0.900000,0,0,0.000000,0,0.000000,0.000000,0.000000,0,0
69,90,0.900000,0.000000,0,0,0.000000,0,0.000000,0.000000,0.000000,0,0
69,91,0.900000,0.100000,0,0,0.000000,0,0.000000,0.000000,0.000000,0,0
69,92,0.900000,0.200000,0,0,0.000000,0,0.000000,0.000000,0.000000,0,0
69,93,0.900000,0.300000,0,0,0.000000,0,0.000000,0.000000,0.000000,0,0
69,94,0.900000,0.400000,0,0,0.000000,0,0.000000,0.000000,0.000000,0,0
69,95,0.900000,0.500000,0,0,0.000000,0,0.000000,0.000000,0.000000,0,0
69,96,0.900000,0.600000,0,0,0.000000,0,0.000000,0.000000,0.000000,0,0
69,97,0.900000,0.700000,0,0,0.000000,0,0.000000,0.000000,0.000000,0,0
69,98,0.900000,0.800000,0,0,0.000000,0,0.000000,0.000000,0.000000,0,0
69,99,0.900000,0.900000,0,53,0.000000,53,53.844483,5.384448,2899.228329,100,1
70,0,0.000000,0.000000,0,74,0.000000,74,74.414012,7.441401,5537.445255,100,1
70,1,0.000000,0.100000,0,0,0.000000,0,0.000000,0.000000,0.000000,0,0
70,2,0.000000,0.200000,0,0,0.000000,0,0.000000,0.000000,0.000000,0,0
70,3,0.000000,0.300000,0,0,0.000000,0,0.000000,0.000000,0.000000,0,0
70,4,0.000000,0.400000,0,0,0.000000,0,0.000000,0.000000,0.000000,0,0
70,5,0.000000,0.500000,0,0,0.000000,0,0.000000,0.000000,0.000000,0,0
70,6,0.000000,0.600000,0,0,0.000000,0,0.000000,0.000000,0.000000,0,0
70,7,0.000000,0.700000,0,0,0.000000,0,0.000000,0.000000,0.000000,0,0
70,8,0.000000,0.800000,0,0,0.000000,0,0.000000,0.000000,0.000000,0,0
70,9,0.000000,0.900000,0,74,0.000000,74,74.412038,7.441204,5537.151419,100,1
70,10,0.100000,0.000000,0,0,0.000000,0,0.000000,0.000000,0.000000,0,0
70,11,0.100000,0.100000,0,0,0.000000,0,0.000000,0.000000,0.000000,0,0
70,12,0.100000,0.200000,0,0,0.000000,0,0.000000,0.000000,0.000000,0,0
70,13,0.100000,0.300000,0,0,0.000000,0,0.000000,0.000000,0.000000,0,0
70,14,0.100000,0.400000,0,0,0.000000,0,0.000000,0.000000,0.000000,0,0
70,15,0.100000,0.500000,0,0,0.000000,0,0.000000,0.000000,0.000000,0,0
70,16,0.100000,0.600000,0,0,0.000000,0,0.000000,0.000000,0.000000,0,0
70,17,0.100000,0.700000,0,0,0.000000,0,0.000000,0.000000,0.000000,0,0
70,18,0.100000,0.800000,0,0,0.000000,0,0.000000,0.000000,0.000000,0,0
70,19,0.100000,0.900000,0,0,0.000000,0,0.000000,0.000000,0.000000,0,0
70,20,0.200000,0.000000,0,0,0.000000,0,0.000000,0.000000,0.000000,0,0
70,21,0.200000,0.100000,0,0,0.000000,0,0.000000,0.000000,0.000000,0,0
70,22,0.200000,0.200000,0,0,0.000000,0,0.000000,0.000000,0.000000,0,0
70,23,0.200000,0.300000,0,0,0.000000,0,0.000000,0.000000,0.000000,0,0
70,24,0.200000,0.400000,0,0,0.000000,0,0.000000,0.000000,0.000000,0,0
70,25,0.200000,0.500000,0,0,0.000000,0,0.000000,0.000000,0.000000,0,0
70,26,0.200000,0.600000,0,0,0.000000,0,0.000000,0.000000,0.000000,0,0
70,27,0.200000,0.700000,0,0,0.000000,0,0.000000,0.000000,0.000000,0,0
70,28,0.200000,0.800000,0,0,0.000000,0,0.000000,0.000000,0.000000,0,0
70,29,0.200000,0.900000,0,0,0.000000,0,0.000000,0.000000,0.000000,0,0
70,30,0.300000,0.000000,0,0,0.000000,0,0.000000,0.000000,0.000000,0,0
70,31,0.300000,0.100000,0,0,0.000000,0,0.000000,0.000000,0.000000,0,0
70,32,0.300000,0.200000,0,0,0.000000,0,0.000000,0.000000,0.000000,0,0
70,33,0.300000,0.300000,0,0,0.000000,0,0.000000,0.000000,0.000000,0,0
70,34,0.300000,0.400000,0,0,0.000000,0,0.000000,0.000000,0.000000,0,0
70,35,0.300000,0.500000,0,0,0.000000,0,0.000000,0.000000,0.000000,0,0
70,36,0.300000,0.600000,0,0,0.000000,0,0.000000,0.000000,0.000000,0,0
70,37,0.300000,0.700000,0,0,0.000000,0,0.000000,0.000000,0.000000,0,0
70,38,0.300000,0.800000,0,0,0.000000,0,0.000000,0.000000,0.000000,0,0
70,39,0.300000,0.900000,0,0,0.000000,0,0.000000,0.000000,0.000000,0,0
70,40,0.400000,0.000000,0,0,0.000000,0,0.000000,0.000000,0.000000,100,45
70,41,0.400000,0.100000,0,0,0.000000,0,0.000000,0.000000,0.000000,0,0
70,42,0.400000,0.200000,0,0,0.000000,0,0.000000,0.000000,0.000000,0,0
70,43,0.400000,0.300000,0,0,0.000000,0,0.000000,0.000000,0.000000,0,0
70,44,0.400000,0.400000,0,0,0.000000,0,0.000000,0.000000,0.000000,0,0
70,45,0.400000,0.500000,0,0,0.000000,0,0.000000,0.000000,0.000000,0,0
70,46,0.400000,0.600000,0,0,0.000000,0,0.000000,0.000000,0.000000,0,0
70,47,0.400000,0.700000,0,0,0.000000,0,0.000000,0.000000,0.000000,0,0
70,48,0.400000,0.800000,0,0,0.000000,0,0.000000,0.000000,0.000000,0,0
70,49,0.400000,0.900000,0,0,0.000000,0,0.000000,0.000000,0.000000,100,71
70,50,0.500000,0.000000,0,0,0.000000,0,0.000000,0.000000,0.000000,0,0
70,51,0.500000,0.100000,0,0,0.000000,0,0.000000,0.000000,0.000000,0,0
70,52,0.500000,0.200000,0,0,0.000000,0,0.000000,0.000000,0.000000,0,0
70,53,0.500000,0.300000,0,0,0.000000,0,0.000000,0.000000,0.000000,0,0
70,54,0.500000,0.400000,0,0,0.000000,0,0.000000,0.000000,0.000000,0,0
70,55,0.500000,0.500000,0,0,0.000000,0,0.000000,0.000000,0.000000,0,0
70,56,0.500000,0.600000,0,0,0.000000,0,0.000000,0.000000,0.000000,0,0
70,57,0.500000,0.700000,0,0,0.000000,0,0.000000,0.000000,0.000000,0,0
70,58,0.500000,0.800000,0,0,0.000000,0,0.000000,0.000000,0.000000,0,0
70,59,0.500000,0.900000,0,0,0.000000,0,0.000000,0.000000,0.000000,0,0
70,60,0.600000,0.000000,0,0,0.000000,0,0.000000,0.000000,0.000000,0,0
70,61,0.600000,0.100000,0,0,0.000000,0,0.000000,0.000000,0.000000,0,0
70,62,0.600000,0.200000,0,0,0.000000,0,0.000000,0.000000,0.000000,0,0
70,63,0.600000,0.300000,0,0,0.000000,0,0.000000,0.000000,0.000000,0,0
70,64,0.600000,0.400000,0,0,0.000000,0,0.000000,0.000000,0.000000,0,0
70,65,0.600000,0.500000,0,0,0.000000,0,0.000000,0.000000,0.000000,0,0
70,66,0.600000,0.600000,0,0,0.000000,0,0.000000,0.000000,0.000000,0,0
70,67,0.600000,0.700000,0,0,0.000000,0,0.000000,0.000000,0.000000,0,0
70,68,0.600000,0.800000,0,0,0.000000,0,0.000000,0.000000,0.000000,0,0
70,69,0.600000,0.900000,0,0,0.000000,0,0.000000,0.000000,0.000000,0,0
70,70,0.700000,0.000000,0,0,0.000000,0,0.000000,0.000000,0.000000,0,0
70,71,0.700000,0.100000,0,0,0.000000,0,0.000000,0.000000,0.000000,0,0
70,72,0.700000,0.200000,0,0,0.000000,0,0.000000,0.000000,0.000000,0,0
70,73,0.700000,0.300000,0,0,0.000000,0,0.000000,0.000000,0.000000,0,0
70,74,0.700000,0.400000,0,0,0.000000,0,0.000000,0.000000,0.000000,0,0
70,75,0.700000,0.500000,0,0,0.000000,0,0.000000,0.000000,0.000000,0,0
70,76,0.700000,0.600000,0,0,0.000000,0,0.000000,0.000000,0.000000,0,0
70,77,0.700000,0.700000,0,0,0.000000,0,0.000000,0.000000,0.000000,0,0
70,78,0.700000,0.800000,0,0,0.000000,0,0.000000,0.000000,0.000000,0,0
70,79,0.700000,0.900000,0,0,0.000000,0,0.000000,0.000000,0.000000,0,0
70,80,0.800000,0.000000,0,0,0.000000,0,0.000000,0.000000,0.000000,0,0
70,81,0.800000,0.100000,0,0,0.000000,0,0.000000,0.000000,0.000000,0,0
70,82,0.800000,0.200000,0,0,0.000000,0,0.000000,0.000000,0.000000,0,0
70,83,0.800000,0.300000,0,0,0.000000,0,0.000000,0.000000,0.000000,0,0
70,84,0.800000,0.400000,0,0,0.000000,0,0.000000,0.000000,0.000000,0,0
70,85,0.800000,0.500000,0,0,0.000000,0,0.000000,0.000000,0.000000,0,0
70,86,0.800000,0.600000,0,0,0.000000,0,0.000000,0.000000,0.000000,0,0
70,87,0.800000,0.700000,0,0,0.000000,0,0.000000,0.000000,0.000000,0,0
70,88,0.800000,0.800000,0,0,0.000000,0,0.000000,0.000000,0.000000,0,0
70,89,0.800000,0.900000,0,0,0.000000,0,0.000000,0.000000,0.000000,0,0
70,90,0.900000,0.000000,0,0,0.000000,0,0.000000,0.000000,0.000000,0,0
70,91,0.900000,0.100000,0,0,0.000000,0,0.000000,0.000000,0.000000,0,0
70,92,0.900000,0.200000,0,0,0.000000,0,0.000000,0.000000,0.000000,0,0
70,93,0.900000,0.300000,0,0,0.000000,0,0.000000,0.000000,0.000000,0,0
70,94,0.900000,0.400000,0,0,0.000000,0,0.000000,0.000000,0.000000,0,0
70,95,0.900000,0.500000,0,0,0.000000,0,0.000000,0.000000,0.000000,0,0
70,96,0.900000,0.600000,0,0,0.000000,0,0.000000,0.000000,0.000000,0,0
70,97,0.900000,0.700000,0,0,0.000000,0,0.000000,0.000000,0.000000,0,0
70,98,0.900000,0.800000,0,0,0.000000,0,0.000000,0.000000,0.000000,0,0
70,99,0.900000,0.900000,0,53,0.000000,53,53.844483,5.384448,2899.228329,100,1
71,0,0.000000,0.000000,0,74,0.000000,74,74.414012,7.441401,5537.445255,100,1
71,1,0.000000,0.100000,0,0,0.000000,0,0.000000,0.000000,0.000000,0,0
71,2,0.000000,0.200000,0,0,0.000000,0,0.000000,0.000000,0.000000,0,0
71,3,0.000000,0.300000,0,0,0.000000,0,0.000000,0.000000,0.000000,0,0
71,4,0.000000,0.400000,0,0,0.000000,0,0.000000,0.000000,0.000000,0,0
71,5,0.000000,0.500000,0,0,0.000000,0,0.000000,0.000000,0.000000,0,0
71,6,0.000000,0.600000,0,0,0.000000,0,0.000000,0.000000,0.000000,0,0
71,7,0.000000,0.700000,0,0,0.000000,0,0.000000,0.000000,0.000000,0,0
71,8,0.000000,0.800000,0,0,0.000000,0,0.000000,0.000000,0.000000,0,0
71,9,0.000000,0.900000,0,74,0.000000,74,74.412038,7.441204,5537.151419,100,1
71,10,0.100000,0.000000,0,0,0.000000,0,0.000000,0.000000,0.000000,0,0
71,11,0.100000,0.100000,0,0,0.000000,0,0.000000,0.000000,0.000000,0,0
71,12,0.100000,0.200000,0,0,0.000000,0,0.000000,0.000000,0.000000,0,0
71,13,0.100000,0.300000,0,0,0.000000,0,0.000000,0.000000,0.000000,0,0
71,14,0.100000,0.400000,0,0,0.000000,0,0.000000,0.000000,0.000000,0,0
71,15,0.100000,0.500000,0,0,0.000000,0,0.000000,0.000000,0.000000,0,0
71,16,0.100000,0.600000,0,0,0.000000,0,0.000000,0.000000,0.000000,0,0
71,17,0.100000,0.700000,0,0,0.000000,0,0.000000,0.000000,0.000000,0,0
71,18,0.100000,0.800000,0,0,0.000000,0,0.000000,0.000000,0.000000,0,0
71,19,0.100000,0.900000,0,0,0.000000,0,0.000000,0.000000,0.000000,0,0
71,20,0.200000,0.000000,0,0,0.000000,0,0.000000,0.000000,0.000000,0,0
71,21,0.200000,0.100000,0,0,0.000000,0,0.000000,0.000000,0.000000,0,0
71,22,0.200000,0.200000,0,0,0.000000,0,0.000000,0.000000,0.000000,0,0
71,23,0.200000,0.300000,0,0,0.000000,0,0.000000,0.000000,0.000000,0,0
71,24,0.200000,0.400000,0,0,0.000000,0,0.000000,0.000000,0.000000,0,0
71,25,0.200000,0.500000,0,0,0.000000,0,0.000000,0.000000,0.000000,0,0
71,26,0.200000,0.600000,0,0,0.000000,0,0.000000,0.000000,0.000000,0,0
71,27,0.200000,0.700000,0,0,0.000000,0,0.000000,0.000000,0.000000,0,0
71,28,0.200000,0.800000,0,0,0.000000,0,0.000000,0.000000,0.000000,0,0
71,29,0.200000,0.900000,0,0,0.000000,0,0.000000,0.000000,0.000000,0,0
71,30,0.300000,0.000000,0,0,0.000000,0,0.000000,0.000000,0.000000,0,0
71,31,0.300000,0.100000,0,0,0.000000,0,0.000000,0.000000,0.000000,0,0
71,32,0.300000,0.200000,0,0,0.000000,0,0.000000,0.000000,0.000000,0,0
71,33,0.300000,0.300000,0,0,0.000000,0,0.000000,0.000000,0.000000,0,0
71,34,0.300000,0.400000,0,0,0.000000,0,0.000000,0.000000,0.000000,0,0
71,35,0.300000,0.500000,0,0,0.000000,0,0.000000,0.000000,0.000000,0,0
71,36,0.300000,0.600000,0,0,0.000000,0,0.000000,0.000000,0.000000,0,0
71,37,0.300000,0.700000,0,0,0.000000,0,0.000000,0.000000,0.000000,0,0
71,38,0.300000,0.800000,0,0,0.000000,0,0.000000,0.000000,0.000000,0,0
71,39,0.300000,0.900000,0,0,0.000000,0,0.000000,0.000000,0.000000,0,0
71,40,0.400000,0.000000,0,0,0.000000,0,0.000000,0.000000,0.000000,100,45
71,41,0.400000,0.100000,0,0,0.000000,0,0.000000,0.000000,0.000000,0,0
71,42,0.400000,0.200000,0,0,0.000000,0,0.000000,0.000000,0.000000,0,0
71,43,0.400000,0.300000,0,0,0.000000,0,0.000000,0.000000,0.000000,0,0
71,44,0.400000,0.400000,0,0,0.000000,0,0.000000,0.000000,0.000000,0,0
71,45,0.400000,0.500000,0,0,0.000000,0,0.000000,0.000000,0.000000,0,0
71,46,0.400000,0.600000,0,0,0.000000,0,0.000000,0.000000,0.000000,0,0
71,47,0.400000,0.700000,0,0,0.000000,0,0.000000,0.000000,0.000000,0,0
71,48,0.400000,0.800000,0,0,0.000000,0,0.000000,0.000000,0.000000,0,0
71,49,0.400000,0.900000,0,0,0.000000,0,0.000000,0.000000,0.000000,100,71
71,50,0.500000,0.000000,0,0,0.000000,0,0.000000,0.000000,0.000000,0,0
71,51,0.500000,0.100000,0,0,0.000000,0,0.000000,0.000000,0.000000,0,0
71,52,0.500000,0.200000,0,0,0.000000,0,0.000000,0.000000,0.000000,0,0
71,53,0.500000,0.300000,0,0,0.000000,0,0.000000,0.000000,0.000000,0,0
71,54,0.500000,0.400000,0,0,0.000000,0,0.000000,0.000000,0.000000,0,0
71,55,0.500000,0.500000,0,0,0.000000,0,0.000000,0.000000,0.000000,0,0
71,56,0.500000,0.600000,0,0,0.000000,0,0.000000,0.000000,0.000000,0,0
71,57,0.500000,0.700000,0,0,0.000000,0,0.000000,0.000000,0.000000,0,0
71,58,0.500000,0.800000,0,0,0.000000,0,0.000000,0.000000,0.000000,0,0
71,59,0.500000,0.900000,0,0,0.000000,0,0.000000,0.000000,0.000000,0,0
71,60,0.600000,0.000000,0,0,0.000000,0,0.000000,0.000000,0.000000,0,0
71,61,0.600000,0.100000,0,0,0.000000,0,0.000000,0.000000,0.000000,0,0
71,62,0.600000,0.200000,0,0,0.000000,0,0.000000,0.000000,0.000000,0,0
71,63,0.600000,0.300000,0,0,0.000000,0,0.000000,0.000000,0.000000,0,0
71,64,0.600000,0.400000,0,0,0.000000,0,0.000000,0.000000,0.000000,0,0
71,65,0.600000,0.500000,0,0,0.000000,0,0.000000,0.000000,0.000000,0,0
71,66,0.600000,0.600000,0,0,0.000000,0,0.000000,0.000000,0.000000,0,0
71,67,0.600000,0.700000,0,0,0.000000,0,0.000000,0.000000,0.000000,0,0
71,68,0.600000,0.800000,0,0,0.000000,0,0.000000,0.000000,0.000000,0,0
71,69,0.600000,0.900000,0,0,0.000000,0,0.000000,0.000000,0.000000,0,0
71,70,0.700000,0.000000,0,0,0.000000,0,0.000000,0.000000,0.000000,0,0
71,71,0.700000,0.100000,0,0,0.000000,0,0.000000,0.000000,0.000000,0,0
71,72,0.700000,0.200000,0,0,0.000000,0,0.000000,0.000000,0.000000,0,0
71,73,0.700000,0.300000,0,0,0.000000,0,0.000000,0.000000,0.000000,0,0
71,74,0.700000,0.400000,0,0,0.000000,0,0.000000,0.000000,0.000000,0,0
71,75,0.700000,0.500000,0,0,0.000000,0,0.000000,0.000000,0.000000,0,0
71,76,0.700000,0.600000,0,0,0.000000,0,0.000000,0.000000,0.000000,0,0
71,77,0.700000,0.700000,0,0,0.000000,0,0.000000,0.000000,0.000000,0,0
71,78,0.700000,0.800000,0,0,0.000000,0,0.000000,0.000000,0.000000,0,0
71,79,0.700000,0.900000,0,0,0.000000,0,0.000000,0.000000,0.000000,0,0
71,80,0.800000,0.000000,0,0,0.000000,0,0.000000,0.000000,0.000000,0,0
71,81,0.800000,0.100000,0,0,0.000000,0,0.000000,0.000000,0.000000,0,0
71,82,0.800000,0.200000,0,0,0.000000,0,0.000000,0.000000,0.000000,0,0
71,83,0.800000,0.300000,0,0,0.000000,0,0.000000,0.000000,0.000000,0,0
71,84,0.800000,0.400000,0,0,0.000000,0,0.000000,0.000000,0.000000,0,0
71,85,0.800000,0.500000,0,0,0.000000,0,0.000000,0.000000,0.000000,0,0
71,86,0.800000,0.600000,0,0,0.000000,0,0.000000,0.000000,0.000000,0,0
71,87,0.800000,0.700000,0,0,0.000000,0,0.000000,0.000000,0.000000,0,0
71,88,0.800000,0.800000,0,0,0.000000,0,0.000000,0.000000,0.000000,0,0
71,89,0.800000,0.900000,0,0,0.000000,0,0.000000,0.000000,0.000000,0,0
71,90,0.900000,0.000000,0,0,0.000000,0,0.000000,0.000000,0.000000,0,0
71,91,0.900000,0.100000,0,0,0.000000,0,0.000000,0.000000,0.000000,0,0
71,92,0.900000,0.200000,0,0,0.000000,0,0.000000,0.000000,0.000000,0,0
71,93,0.900000,0.300000,0,0,0.000000,0,0.000000,0.000000,0.000000,0,0
71,94,0.900000,0.400000,0,0,0.000000,0,0.000000,0.000000,0.000000,0,0
71,95,0.900000,0.500000,0,0,0.000000,0,0.000000,0.000000,0.000000,0,0
71,96,0.900000,0.600000,0,0,0.000000,0,0.000000,0.000000,0.000000,0,0
71,97,0.900000,0.700000,0,0,0.000000,0,0.000000,0.000000,0.000000,0,0
71,98,0.900000,0.800000,0,0,0.000000,0,0.000000,0.000000,0.000000,0,0
71,99,0.900000,0.900000,0,53,0.000000,53,53.844483,5.384448,2899.228329,100,1
72,0,0.000000,0.000000,0,74,0.000000,74,74.414012,7.441401,5537.445255,100,1
72,1,0.000000,0.100000,0,0,0.000000,0,0.000000,0.000000,0.000000,0,0
72,2,0.000000,0.200000,0,0,0.000000,0,0.000000,0.000000,0.000000,0,0
72,3,0.000000,0.300000,0,0,0.000000,0,0.000000,0.000000,0.000000,0,0
72,4,0.000000,0.400000,0,0,0.000000,0,0.000000,0.000000,0.000000,0,0
72,5,0.000000,0.500000,0,0,0.000000,0,0.000000,0.000000,0.000000,0,0
72,6,0.000000,0.600000,0,0,0.000000,0,0.000000,0.000000,0.000000,0,0
72,7,0.000000,0.700000,0,0,0.000000,0,0.000000,0.000000,0.000000,0,0
72,8,0.000000,0.800000,0,0,0.000000,0,0.000000,0.000000,0.000000,0,0
72,9,0.000000,0.900000,0,74,0.000000,74,74.412038,7.441204,5537.151419,100,1
72,10,0.100000,0.000000,0,0,0.000000,0,0.000000,0.000000,0.000000,0,0
72,11,0.100000,0.100000,0,0,0.000000,0,0.000000,0.000000,0.000000,0,0
72,12,0.100000,0.200000,0,0,0.000000,0,0.000000,0.000000,0.000000,0,0
72,13,0.100000,0.300000,0,0,0.000000,0,0.000000,0.000000,0.000000,0,0
72,14,0.100000,0.400000,0,0,0.000000,0,0.000000,0.000000,0.000000,0,0
72,15,0.100000,0.500000,0,0,0.000000,0,0.000000,0.000000,0.000000,0,0
72,16,0.100000,0.600000,0,0,0.000000,0,0.000000,0.000000,0.000000,0,0
72,17,0.100000,0.700000,0,0,0.000000,0,0.000000,0.000000,0.000000,0,0
72,18,0.100000,0.800000,0,0,0.000000,0,0.000000,0.000000,0.000000,0,0
72,19,0.100000,0.900000,0,0,0.000000,0,0.000000,0.000000,0.000000,0,0
72,20,0.200000,0.000000,0,0,0.000000,0,0.000000,0.000000,0.000000,0,0
72,21,0.200000,0.100000,0,0,0.000000,0,0.000000,0.000000,0.000000,0,0
72,22,0.200000,0.200000,0,0,0.000000,0,0.000000,0.000000,0.000000,0,0
72,23,0.200000,0.300000,0,0,0.000000,0,0.000000,0.000000,0.000000,0,0
72,24,0.200000,0.400000,0,0,0.000000,0,0.000000,0.000000,0.000000,0,0
72,25,0.200000,0.500000,0,0,0.000000,0,0.000000,0.000000,0.000000,0,0
72,26,0.200000,0.600000,0,0,0.000000,0,0.000000,0.000000,0.000000,0,0
72,27,0.200000,0.700000,0,0,0.000000,0,0.000000,0.000000,0.000000,0,0
72,28,0.200000,0.800000,0,0,0.000000,0,0.000000,0.000000,0.000000,0,0
72,29,0.200000,0.900000,0,0,0.000000,0,0.000000,0.000000,0.000000,0,0
72,30,0.300000,0.000000,0,0,0.000000,0,0.000000,0.000000,0.000000,0,0
72,31,0.300000,0.100000,0,0,0.000000,0,0.000000,0.000000,0.000000,0,0
72,32,0.300000,0.200000,0,0,0.000000,0,0.000000,0.000000,0.000000,0,0
72,33,0.300000,0.300000,0,0,0.000000,0,0.000000,0.000000,0.000000,0,0
72,34,0.300000,0.400000,0,0,0.000000,0,0.000000,0.000000,0.000000,0,0
72,35,0.300000,0.500000,0,0,0.000000,0,0.000000,0.000000,0.000000,0,0
72,36,0.300000,0.600000,0,0,0.000000,0,0.000000,0.000000,0.000000,0,0
72,37,0.300000,0.700000,0,0,0.000000,0,0.000000,0.000000,0.000000,0,0
72,38,0.300000,0.800000,0,0,0.000000,0,0.000000,0.000000,0.000000,0,0
72,39,0.300000,0.900000,0,0,0.000000,0,0.000000,0.000000,0.000000,0,0
72,40,0.400000,0.000000,0,0,0.000000,0,0.000000,0.000000,0.000000,100,45
72,41,0.400000,0.100000,0,0,0.000000,0,0.000000,0.000000,0.000000,0,0
72,42,0.400000,0.200000,0,0,0.000000,0,0.000000,0.000000,0.000000,0,0
72,43,0.400000,0.300000,0,0,0.000000,0,0.000000,0.000000,0.000000,0,0
72,44,0.400000,0.400000,0,0,0.000000,0,0.000000,0.000000,0.000000,0,0
72,45,0.400000,0.500000,0,0,0.000000,0,0.000000,0.000000,0.000000,0,0
72,46,0.400000,0.600000,0,0,0.000000,0,0.000000,0.000000,0.000000,0,0
72,47,0.400000,0.700000,0,0,0.000000,0,0.000000,0.000000,0.000000,0,0
72,48,0.400000,0.800000,0,0,0.000000,0,0.000000,0.000000,0.000000,0,0
72,49,0.400000,0.900000,0,0,0.000000,0,0.000000,0.000000,0.000000,100,71
72,50,0.500000,0.000000,0,0,0.000000,0,0.000000,0.000000,0.000000,0,0
72,51,0.500000,0.100000,0,0,0.000000,0,0.000000,0.000000,0.000000,0,0
72,52,0.500000,0.200000,0,0,0.000000,0,0.000000,0.000000,0.000000,0,0
72,53,0.500000,0.300000,0,0,0.000000,0,0.000000,0.000000,0.000000,0,0
72,54,0.500000,0.400000,0,0,0.000000,0,0.000000,0.000000,0.000000,0,0
72,55,0.500000,0.500000,0,0,0.000000,0,0.000000,0.000000,0.000000,0,0
72,56,0.500000,0.600000,0,0,0.000000,0,0.000000,0.000000,0.000000,0,0
72,57,0.500000,0.700000,0,0,0.000000,0,0.000000,0.000000,0.000000,0,0
72,58,0.500000,0.800000,0,0,0.000000,0,0.000000,0.000000,0.000000,0,0
72,59,0.500000,0.900000,0,0,0.000000,0,0.000000,0.000000,0.000000,0,0
72,60,0.600000,0.000000,0,0,0.000000,0,0.000000,0.000000,0.000000,0,0
72,61,0.600000,0.100000,0,0,0.000000,0,0.000000,0.000000,0.000000,0,0
72,62,0.600000,0.200000,0,0,0.000000,0,0.000000,0.000000,0.000000,0,0
72,63,0.600000,0.300000,0,0,0.000000,0,0.000000,0.000000,0.000000,0,0
72,64,0.600000,0.400000,0,0,0.000000,0,0.000000,0.000000,0.000000,0,0
72,65,0.600000,0.500000,0,0,0.000000,0,0.000000,0.000000,0.000000,0,0
72,66,0.600000,0.600000,0,0,0.000000,0,0.000000,0.000000,0.000000,0,0
72,67,0.600000,0.700000,0,0,0.000000,0,0.000000,0.000000,0.000000,0,0
72,68,0.600000,0.800000,0,0,0.000000,0,0.000000,0.000000,0.000000,0,0
72,69,0.600000,0.900000,0,0,0.000000,0,0.000000,0.000000,0.000000,0,0
72,70,0.700000,0.000000,0,0,0.000000,0,0.000000,0.000000,0.000000,0,0
72,71,0.700000,0.100000,0,0,0.000000,0,0.000000,0.000000,0.000000,0,0
72,72,0.700000,0.200000,0,0,0.000000,0,0.000000,0.000000,0.000000,0,0
72,73,0.700000,0.300000,0,0,0.000000,0,0.000000,0.000000,0.000000,0,0
72,74,0.700000,0.400000,0,0,0.000000,0,0.000000,0.000000,0.000000,0,0
72,75,0.700000,0.500000,0,0,0.000000,0,0.000000,0.000000,0.000000,0,0
72,76,0.700000,0.600000,0,0,0.000000,0,0.000000,0.000000,0.000000,0,0
72,77,0.700000,0.700000,0,0,0.000000,0,0.000000,0.000000,0.000000,0,0
72,78,0.700000,0.800000,0,0,0.000000,0,0.000000,0.000000,0.000000,0,0
72,79,0.700000,0.900000,0,0,0.000000,0,0.000000,0.000000,0.000000,0,0
72,80,0.800000,0.000000,0,0,0.000000,0,0.000000,0.000000,0.000000,0,0
72,81,0.800000,0.100000,0,0,0.000000,0,0.000000,0.000000,0.000000,0,0
72,82,0.800000,0.200000,0,0,0.000000,0,0.000000,0.000000,0.000000,0,0
72,83,0.800000,0.300000,0,0,0.000000,0,0.000000,0.000000,0.000000,0,0
72,84,0.800000,0.400000,0,0,0.000000,0,0.000000,0.000000,0.000000,0,0
72,85,0.800000,0.500000,0,0,0.000000,0,0.000000,0.000000,0.000000,0,0
72,86,0.800000,0.600000,0,0,0.000000,0,0.000000,0.000000,0.000000,0,0
72,87,0.800000,0.700000,0,0,0.000000,0,0.000000,0.000000,0.000000,0,0
72,88,0.800000,0.800000,0,0,0.000000,0,0.000000,0.000000,0.000000,0,0
72,89,0.800000,0.900000,0,0,0.000000,0,0.000000,0.000000,0.000000,0,0
72,90,0.900000,0.000000,0,0,0.000000,0,0.000000,0.000000,0.000000,0,0
72,91,0.900000,0.100000,0,0,0.000000,0,0.000000,0.000000,0.000000,0,0
72,92,0.900000,0.200000,0,0,0.000000,0,0.000000,0.000000,0.000000,0,0
72,93,0.900000,0.300000,0,0,0.000000,0,0.000000,0.000000,0.000000,0,0
72,94,0.900000,0.400000,0,0,0.000000,0,0.000000,0.000000,0.000000,0,0
72,95,0.900000,0.500000,0,0,0.000000,0,0.000000,0.000000,0.000000,0,0
72,96,0.900000,0.600000,0,0,0.000000,0,0.000000,0.000000,0.000000,0,0
72,97,0.900000,0.700000,0,0,0.000000,0,0.000000,0.000000,0.000000,0,0
72,98,0.900000,0.800000,0,0,0.000000,0,0.000000,0.000000,0.000000,0,0
72,99,0.900000,0.900000,0,53,0.000000,53,53.844483,5.384448,2899.228329,100,1
73,0,0.000000,0.000000,0,74,0.000000,74,74.414012,7.441401,5537.445255,100,1
73,1,0.000000,0.100000,0,0,0.000000,0,0.000000,0.000000,0.000000,0,0
73,2,0.000000,0.200000,0,0,0.000000,0,0.000000,0.000000,0.000000,0,0
73,3,0.000000,0.300000,0,0,0.000000,0,0.000000,0.000000,0.000000,0,0
73,4,0.000000,0.400000,0,0,0.000000,0,0.000000,0.000000,0.000000,0,0
73,5,0.000000,0.500000,0,0,0.000000,0,0.000000,0.000000,0.000000,0,0
73,6,0.000000,0.600000,0,0,0.000000,0,0.000000,0.000000,0.000000,0,0
73,7,0.000000,0.700000,0,0,0.000000,0,0.000000,0.000000,0.000000,0,0
73,8,0.000000,0.800000,0,0,0.000000,0,0.000000,0.000000,0.000000,0,0
73,9,0.000000,0.900000,0,74,0.000000,74,74.412038,7.441204,5537.151419,100,1
73,10,0.100000,0.000000,0,0,0.000000,0,0.000000,0.000000,0.000000,0,0
73,11,0.100000,0.100000,0,0,0.000000,0,0.000000,0.000000,0.000000,0,0
73,12,0.100000,0.200000,0,0,0.000000,0,0.000000,0.000000,0.000000,0,0
73,13,0.100000,0.300000,0,0,0.000000,0,0.000000,0.000000,0.000000,0,0
73,14,0.100000,0.400000,0,0,0.000000,0,0.000000,0.000000,0.000000,0,0
73,15,0.100000,0.500000,0,0,0.000000,0,0.000000,0.000000,0.000000,0,0
73,16,0.100000,0.600000,0,0,0.000000,0,0.000000,0.000000,0.000000,0,0
73,17,0.100000,0.700000,0,0,0.000000,0,0.000000,0.000000,0.000000,0,0
73,18,0.100000,0.800000,0,0,0.000000,0,0.000000,0.000000,0.000000,0,0
73,19,0.100000,0.900000,0,0,0.000000,0,0.000000,0.000000,0.000000,0,0
73,20,0.200000,0.000000,0,0,0.000000,0,0.000000,0.000000,0.000000,0,0
73,21,0.200000,0.100000,0,0,0.000000,0,0.000000,0.000000,0.000000,0,0
73,22,0.200000,0.200000,0,0,0.000000,0,0.000000,0.000000,0.000000,0,0
73,23,0.200000,0.300000,0,0,0.000000,0,0.000000,0.000000,0.000000,0,0
73,24,0.200000,0.400000,0,0,0.000000,0,0.000000,0.000000,0.000000,0,0
73,25,0.200000,0.500000,0,0,0.000000,0,0.000000,0.000000,0.000000,0,0
73,26,0.200000,0.600000,0,0,0.000000,0,0.000000,0.000000,0.000000,0,0
73,27,0.200000,0.700000,0,0,0.000000,0,0.000000,0.000000,0.000000,0,0
73,28,0.200000,0.800000,0,0,0.000000,0,0.000000,0.000000,0.000000,0,0
73,29,0.200000,0.900000,0,0,0.000000,0,0.000000,0.000000,0.000000,0,0
73,30,0.300000,0.000000,0,0,0.000000,0,0.000000,0.000000,0.000000,0,0
73,31,0.300000,0.100000,0,0,0.000000,0,0.000000,0.000000,0.000000,0,0
73,32,0.300000,0.200000,0,0,0.000000,0,0.000000,0.000000,0.000000,0,0
73,33,0.300000,0.300000,0,0,0.000000,0,0.000000,0.000000,0.000000,0,0
73,34,0.300000,0.400000,0,0,0.000000,0,0.000000,0.000000,0.000000,0,0
73,35,0.300000,0.500000,0,0,0.000000,0,0.000000,0.000000,0.000000,0,0
73,36,0.300000,0.600000,0,0,0.000000,0,0.000000,0.000000,0.000000,0,0
73,37,0.300000,0.700000,0,0,0.000000,0,0.000000,0.000000,0.000000,0,0
73,38,0.300000,0.800000,0,0,0.000000,0,0.000000,0.000000,0.000000,0,0
73,39,0.300000,0.900000,0,0,0.000000,0,0.000000,0.000000,0.000000,0,0
73,40,0.400000,0.000000,0,0,0.000000,0,0.000000,0.000000,0.000000,100,45
73,41,0.400000,0.100000,0,0,0.000000,0,0.000000,0.000000,0.000000,0,0
73,42,0.400000,0.200000,0,0,0.000000,0,0.000000,0.000000,0.000000,0,0
73,43,0.400000,0.300000,0,0,0.000000,0,0.000000,0.000000,0.000000,0,0
73,44,0.400000,0.400000,0,0,0.000000,0,0.000000,0.000000,0.000000,0,0
73,45,0.400000,0.500000,0,0,0.000000,0,0.000000,0.000000,0.000000,0,0
73,46,0.400000,0.600000,0,0,0.000000,0,0.000000,0.000000,0.000000,0,0
73,47,0.400000,0.700000,0,0,0.000000,0,0.000000,0.000000,0.000000,0,0
73,48,0.400000,0.800000,0,0,0.000000,0,0.000000,0.000000,0.000000,0,0
73,49,0.400000,0.900000,0,0,0.000000,0,0.000000,0.000000,0.000000,100,71
73,50,0.500000,0.000000,0,0,0.000000,0,0.000000,0.000000,0.000000,0,0
73,51,0.500000,0.100000,0,0,0.000000,0,0.000000,0.000000,0.000000,0,0
73,52,0.500000,0.200000,0,0,0.000000,0,0.000000,0.000000,0.000000,0,0
73,53,0.500000,0.300000,0,0,0.000000,0,0.000000,0.000000,0.000000,0,0
73,54,0.500000,0.400000,0,0,0.000000,0,0.000000,0.000000,0.000000,0,0
73,55,0.500000,0.500000,0,0,0.000000,0,0.000000,0.000000,0.000000,0,0
73,56,0.500000,0.600000,0,0,0.000000,0,0.000000,0.000000,0.000000,0,0
73,57,0.500000,0.700000,0,0,0.000000,0,0.000000,0.000000,0.000000,0,0
73,58,0.500000,0.800000,0,0,0.000000,0,0.000000,0.000000,0.000000,0,0
73,59,0.500000,0.900000,0,0,0.000000,0,0.000000,0.000000,0.000000,0,0
73,60,0.600000,0.000000,0,0,0.000000,0,0.000000,0.000000,0.000000,0,0
73,61,0.600000,0.100000,0,0,0.000000,0,0.000000,0.000000,0.000000,0,0
73,62,0.600000,0.200000,0,0,0.000000,0,0.000000,0.000000,0.000000,0,0
73,63,0.600000,0.300000,0,0,0.000000,0,0.000000,0.000000,0.000000,0,0
73,64,0.600000,0.400000,0,0,0.000000,0,0.000000,0.000000,0.000000,0,0
73,65,0.600000,0.500000,0,0,0.000000,0,0.000000,0.000000,0.000000,0,0
73,66,0.600000,0.600000,0,0,0.000000,0,0.000000,0.000000,0.000000,0,0
73,67,0.600000,0.700000,0,0,0.000000,0,0.000000,0.000000,0.000000,0,0
73,68,0.600000,0.800000,0,0,0.000000,0,0.000000,0.000000,0.000000,0,0
73,69,0.600000,0.900000,0,0,0.000000,0,0.000000,0.000000,0.000000,0,0
73,70,0.700000,0.000000,0,0,0.000000,0,0.000000,0.000000,0.000000,0,0
73,71,0.700000,0.100000,0,0,0.000000,0,0.000000,0.000000,0.000000,0,0
73,72,0.700000,0.200000,0,0,0.000000,0,0.000000,0.000000,0.000000,0,0
73,73,0.700000,0.300000,0,0,0.000000,0,0.000000,0.000000,0.000000,0,0
73,74,0.700000,0.400000,0,0,0.000000,0,0.000000,0.000000,0.000000,0,0
73,75,0.700000,0.500000,0,0,0.000000,0,0.000000,0.000000,0.000000,0,0
73,76,0.700000,0.600000,0,0,0.000000,0,0.000000,0.000000,0.000000,0,0
73,77,0.700000,0.700000,0,0,0.000000,0,0.000000,0.000000,0.000000,0,0
73,78,0.700000,0.800000,0,0,0.000000,0,0.000000,0.000000,0.000000,0,0
73,79,0.700000,0.900000,0,0,0.000000,0,0.000000,0.000000,0.000000,0,0
73,80,0.800000,0.000000,0,0,0.000000,0,0.000000,0.000000,0.000000,0,0
73,81,0.800000,0.100000,0,0,0.000000,0,0.000000,0.000000,0.000000,0,0
73,82,0.800000,0.200000,0,0,0.000000,0,0.000000,0.000000,0.000000,0,0
73,83,0.800000,0.300000,0,0,0.000000,0,0.000000,0.000000,0.000000,0,0
73,84,0.800000,0.400000,0,0,0.000000,0,0.000000,0.000000,0.000000,0,0
73,85,0.800000,0.500000,0,0,0.000000,0,0.000000,0.000000,0.000000,0,0
73,86,0.800000,0.600000,0,0,0.000000,0,0.000000,0.000000,0.000000,0,0
73,87,0.800000,0.700000,0,0,0.000000,0,0.000000,0.000000,0.000000,0,0
73,88,0.800000,0.800000,0,0,0.000000,0,0.000000,0.000000,0.000000,0,0
73,89,0.800000,0.900000,0,0,0.000000,0,0.000000,0.000000,0.000000,0,0
73,90,0.900000,0.000000,0,0,0.000000,0,0.000000,0.000000,0.000000,0,0
73,91,0.900000,0.100000,0,0,0.000000,0,0.000000,0.000000,0.000000,0,0
73,92,0.900000,0.200000,0,0,0.000000,0,0.000000,0.000000,0.000000,0,0
73,93,0.900000,0.300000,0,0,0.000000,0,0.000000,0.000000,0.000000,0,0
73,94,0.900000,0.400000,0,0,0.000000,0,0.000000,0.000000,0.000000,0,0
73,95,0.900000,0.500000,0,0,0.000000,0,0.000000,0.000000,0.000000,0,0
73,96,0.900000,0.600000,0,0,0.000000,0,0.000000,0.000000,0.000000,0,0
73,97,0.900000,0.700000,0,0,0.000000,0,0.000000,0.000000,0.000000,0,0
73,98,0.900000,0.800000,0,0,0.000000,0,0.000000,0.000000,0.000000,0,0
73,99,0.900000,0.900000,0,53,0.000000,53,53.844483,5.384448,2899.228329,100,1
74,0,0.000000,0.000000,0,74,0.000000,74,74.414012,7.441401,5537.445255,100,1
74,1,0.000000,0.100000,0,0,0.000000,0,0.000000,0.000000,0.000000,0,0
74,2,0.000000,0.200000,0,0,0.000000,0,0.000000,0.000000,0.000000,0,0
74,3,0.000000,0.300000,0,0,0.000000,0,0.000000,0.000000,0.000000,0,0
74,4,0.000000,0.400000,0,0,0.000000,0,0.000000,0.000000,0.000000,0,0
74,5,0.000000,0.500000,0,0,0.000000,0,0.000000,0.000000,0.000000,0,0
74,6,0.000000,0.600000,0,0,0.000000,0,0.000000,0.000000,0.000000,0,0
74,7,0.000000,0.700000,0,0,0.000000,0,0.000000,0.000000,0.000000,0,0
74,8,0.000000,0.800000,0,0,0.000000,0,0.000000,0.000000,0.000000,0,0
74,9,0.000000,0.900000,0,74,0.000000,74,74.412038,7.441204,5537.151419,100,1
74,10,0.100000,0.000000,0,0,0.000000,0,0.000000,0.000000,0.000000,0,0
74,11,0.100000,0.100000,0,0,0.000000,0,0.000000,0.000000,0.000000,0,0
74,12,0.100000,0.200000,0,0,0.000000,0,0.000000,0.000000,0.000000,0,0
74,13,0.100000,0.300000,0,0,0.000000,0,0.000000,0.000000,0.000000,0,0
74,14,0.100000,0.400000,0,0,0.000000,0,0.000000,0.000000,0.000000,0,0
74,15,0.100000,0.500000,0,0,0.000000,0,0.000000,0.000000,0.000000,0,0
74,16,0.100000,0.600000,0,0,0.000000,0,0.000000,0.000000,0.000000,0,0
74,17,0.100000,0.700000,0,0,0.000000,0,0.000000,0.000000,0.000000,0,0
74,18,0.100000,0.800000,0,0,0.000000,0,0.000000,0.000000,0.000000,0,0
74,19,0.100000,0.900000,0,0,0.000000,0,0.000000,0.000000,0.000000,0,0
74,20,0.200000,0.000000,0,0,0.000000,0,0.000000,0.000000,0.000000,0,0
74,21,0.200000,0.100000,0,0,0.000000,0,0.000000,0.000000,0.000000,0,0
74,22,0.200000,0.200000,0,0,0.000000,0,0.000000,0.000000,0.000000,0,0
74,23,0.200000,0.300000,0,0,0.000000,0,0.000000,0.000000,0.000000,0,0
74,24,0.200000,0.400000,0,0,0.000000,0,0.000000,0.000000,0.000000,0,0
74,25,0.200000,0.500000,0,0,0.000000,0,0.000000,0.000000,0.000000,0,0
74,26,0.200000,0.600000,0,0,0.000000,0,0.000000,0.000000,0.000000,0,0
74,27,0.200000,0.700000,0,0,0.000000,0,0.000000,0.000000,0.000000,0,0
74,28,0.200000,0.800000,0,0,0.000000,0,0.000000,0.000000,0.000000,0,0
74,29,0.200000,0.900000,0,0,0.000000,0,0.000000,0.000000,0.000000,0,0
74,30,0.300000,0.000000,0,0,0.000000,0,0.000000,0.000000,0.000000,0,0
74,31,0.300000,0.100000,0,0,0.000000,0,0.000000,0.000000,0.000000,0,0
74,32,0.300000,0.200000,0,0,0.000000,0,0.000000,0.000000,0.000000,0,0
74,33,0.300000,0.300000,0,0,0.000000,0,0.000000,0.000000,0.000000,0,0
74,34,0.300000,0.400000,0,0,0.000000,0,0.000000,0.000000,0.000000,0,0
74,35,0.300000,0.500000,0,0,0.000000,0,0.000000,0.000000,0.000000,0,0
74,36,0.300000,0.600000,0,0,0.000000,0,0.000000,0.000000,0.000000,0,0
74,37,0.300000,0.700000,0,0,0.000000,0,0.000000,0.000000,0.000000,0,0
74,38,0.300000,0.800000,0,0,0.000000,0,0.000000,0.000000,0.000000,0,0
74,39,0.300000,0.900000,0,0,0.000000,0,0.000000,0.000000,0.000000,0,0
74,40,0.400000,0.000000,0,0,0.000000,0,0.000000,0.000000,0.000000,100,45
74,41,0.400000,0.100000,0,0,0.000000,0,0.000000,0.000000,0.000000,0,0
74,42,0.400000,0.200000,0,0,0.000000,0,0.000000,0.000000,0.000000,0,0
74,43,0.400000,0.300000,0,0,0.000000,0,0.000000,0.000000,0.000000,0,0
74,44,0.400000,0.400000,0,0,0.000000,0,0.000000,0.000000,0.000000,0,0
74,45,0.400000,0.500000,0,0,0.000000,0,0.000000,0.000000,0.000000,0,0
74,46,0.400000,0.600000,0,0,0.000000,0,0.000000,0.000000,0.000000,0,0
74,47,0.400000,0.700000,0,0,0.000000,0,0.000000,0.000000,0.000000,0,0
74,48,0.400000,0.800000,0,0,0.000000,0,0.000000,0.000000,0.000000,0,0
74,49,0.400000,0.900000,0,0,0.000000,0,0.000000,0.000000,0.000000,100,71
74,50,0.500000,0.000000,0,0,0.000000,0,0.000000,0.000000,0.000000,0,0
74,51,0.500000,0.100000,0,0,0.000000,0,0.000000,0.000000,0.000000,0,0
74,52,0.500000,0.200000,0,0,0.000000,0,0.000000,0.000000,0.000000,0,0
74,53,0.500000,0.300000,0,0,0.000000,0,0.000000,0.000000,0.000000,0,0
74,54,0.500000,0.400000,0,0,0.000000,0,0.000000,0.000000,0.000000,0,0
74,55,0.500000,0.500000,0,0,0.000000,0,0.000000,0.000000,0.000000,0,0
74,56,0.500000,0.600000,0,0,0.000000,0,0.000000,0.000000,0.000000,0,0
74,57,0.500000,0.700000,0,0,0.000000,0,0.000000,0.000000,0.000000,0,0
74,58,0.500000,0.800000,0,0,0.000000,0,0.000000,0.000000,0.000000,0,0
74,59,0.500000,0.900000,0,0,0.000000,0,0.000000,0.000000,0.000000,0,0
74,60,0.600000,0.000000,0,0,0.000000,0,0.000000,0.000000,0.000000,0,0
74,61,0.600000,0.100000,0,0,0.000000,0,0.000000,0.000000,0.000000,0,0
74,62,0.600000,0.200000,0,0,0.000000,0,0.000000,0.000000,0.000000,0,0
74,63,0.600000,0.300000,0,0,0.000000,0,0.000000,0.000000,0.000000,0,0
74,64,0.600000,0.400000,0,0,0.000000,0,0.000000,0.000000,0.000000,0,0
74,65,0.600000,0.500000,0,0,0.000000,0,0.000000,0.000000,0.000000,0,0
74,66,0.600000,0.600000,0,0,0.000000,0,0.000000,0.000000,0.000000,0,0
74,67,0.600000,0.700000,0,0,0.000000,0,0.000000,0.000000,0.000000,0,0
74,68,0.600000,0.800000,0,0,0.000000,0,0.000000,0.000000,0.000000,0,0
74,69,0.600000,0.900000,0,0,0.000000,0,0.000000,0.000000,0.000000,0,0
74,70,0.700000,0.000000,0,0,0.000000,0,0.000000,0.000000,0.000000,0,0
74,71,0.700000,0.100000,0,0,0.000000,0,0.000000,0.000000,0.000000,0,0
74,72,0.700000,0.200000,0,0,0.000000,0,0.000000,0.000000,0.000000,0,0
74,73,0.700000,0.300000,0,0,0.000000,0,0.000000,0.000000,0.000000,0,0
74,74,0.700000,0.400000,0,0,0.000000,0,0.000000,0.000000,0.000000,0,0
74,75,0.700000,0.500000,0,0,0.000000,0,0.000000,0.000000,0.000000,0,0
74,76,0.700000,0.600000,0,0,0.000000,0,0.000000,0.000000,0.000000,0,0
74,77,0.700000,0.700000,0,0,0.000000,0,0.000000,0.000000,0.000000,0,0
74,78,0.700000,0.800000,0,0,0.000000,0,0.000000,0.000000,0.000000,0,0
74,79,0.700000,0.900000,0,0,0.000000,0,0.000000,0.000000,0.000000,0,0
74,80,0.800000,0.000000,0,0,0.000000,0,0.000000,0.000000,0.000000,0,0
74,81,0.800000,0.100000,0,0,0.000000,0,0.000000,0.000000,0.000000,0,0
74,82,0.800000,0.200000,0,0,0.000000,0,0.000000,0.000000,0.000000,0,0
74,83,0.800000,0.300000,0,0,0.000000,0,0.000000,0.000000,0.000000,0,0
74,84,0.800000,0.400000,0,0,0.000000,0,0.000000,0.000000,0.000000,0,0
74,85,0.800000,0.500000,0,0,0.000000,0,0.000000,0.000000,0.000000,0,0
74,86,0.800000,0.600000,0,0,0.000000,0,0.000000,0.000000,0.000000,0,0
74,87,0.800000,0.700000,0,0,0.000000,0,0.000000,0.000000,0.000000,0,0
74,88,0.800000,0.800000,0,0,0.000000,0,0.000000,0.000000,0.000000,0,0
74,89,0.800000,0.900000,0,0,0.000000,0,0.000000,0.000000,0.000000,0,0
74,90,0.900000,0.000000,0,0,0.000000,0,0.000000,0.000000,0.000000,0,0
74,91,0.900000,0.100000,0,0,0.000000,0,0.000000,0.000000,0.000000,0,0
74,92,0.900000,0.200000,0,0,0.000000,0,0.000000,0.000000,0.000000,0,0
74,93,0.900000,0.300000,0,0,0.000000,0,0.000000,0.000000,0.000000,0,0
74,94,0.900000,0.400000,0,0,0.000000,0,0.000000,0.000000,0.000000,0,0
74,95,0.900000,0.500000,0,0,0.000000,0,0.000000,0.000000,0.000000,0,0
74,96,0.900000,0.600000,0,0,0.000000,0,0.000000,0.000000,0.000000,0,0
74,97,0.900000,0.700000,0,0,0.000000,0,0.000000,0.000000,0.000000,0,0
74,98,0.900000,0.800000,0,0,0.000000,0,0.000000,0.000000,0.000000,0,0
74,99,0.900000,0.900000,0,53,0.000000,53,53.844483,5.384448,2899.228329,100,1
75,0,0.000000,0.000000,0,74,0.000000,74,74.414012,7.441401,5537.445255,100,1
75,1,0.000000,0.100000,0,0,0.000000,0,0.000000,0.000000,0.000000,0,0
75,2,0.000000,0.200000,0,0,0.000000,0,0.000000,0.000000,0.000000,0,0
75,3,0.000000,0.300000,0,0,0.000000,0,0.000000,0.000000,0.000000,0,0
75,4,0.000000,0.400000,0,0,0.000000,0,0.000000,0.000000,0.000000,0,0
75,5,0.000000,0.500000,0,0,0.000000,0,0.000000,0.000000,0.000000,0,0
75,6,0.000000,0.600000,0,0,0.000000,0,0.000000,0.000000,0.000000,0,0
75,7,0.000000,0.700000,0,0,0.000000,0,0.000000,0.000000,0.000000,0,0
75,8,0.000000,0.800000,0,0,0.000000,0,0.000000,0.000000,0.000000,0,0
75,9,0.000000,0.900000,0,74,0.000000,74,74.412038,7.441204,5537.151419,100,1
75,10,0.100000,0.000000,0,0,0.000000,0,0.000000,0.000000,0.000000,0,0
75,11,0.100000,0.100000,0,0,0.000000,0,0.000000,0.000000,0.000000,0,0
75,12,0.100000,0.200000,0,0,0.000000,0,0.000000,0.000000,0.000000,0,0
75,13,0.100000,0.300000,0,0,0.000000,0,0.000000,0.000000,0.000000,0,0
75,14,0.100000,0.400000,0,0,0.000000,0,0.000000,0.000000,0.000000,0,0
75,15,0.100000,0.500000,0,0,0.000000,0,0.000000,0.000000,0.000000,0,0
75,16,0.100000,0.600000,0,0,0.000000,0,0.000000,0.000000,0.000000,0,0
75,17,0.100000,0.700000,0,0,0.000000,0,0.000000,0.000000,0.000000,0,0
75,18,0.100000,0.800000,0,0,0.000000,0,0.000000,0.000000,0.000000,0,0
75,19,0.100000,0.900000,0,0,0.000000,0,0.000000,0.000000,0.000000,0,0
75,20,0.200000,0.000000,0,0,0.000000,0,0.000000,0.000000,0.000000,0,0
75,21,0.200000,0.100000,0,0,0.000000,0,0.000000,0.000000,0.000000,0,0
75,22,0.200000,0.200000,0,0,0.000000,0,0.000000,0.000000,0.000000,0,0
75,23,0.200000,0.300000,0,0,0.000000,0,0.000000,0.000000,0.000000,0,0
75,24,0.200000,0.400000,0,0,0.000000,0,0.000000,0.000000,0.000000,0,0
75,25,0.200000,0.500000,0,0,0.000000,0,0.000000,0.000000,0.000000,0,0
75,26,0.200000,0.600000,0,0,0.000000,0,0.000000,0.000000,0.000000,0,0
75,27,0.200000,0.700000,0,0,0.000000,0,0.000000,0.000000,0.000000,0,0
75,28,0.200000,0.800000,0,0,0.000000,0,0.000000,0.000000,0.000000,0,0
75,29,0.200000,0.900000,0,0,0.000000,0,0.000000,0.000000,0.000000,0,0
75,30,0.300000,0.000000,0,0,0.000000,0,0.000000,0.000000,0.000000,0,0
75,31,0.300000,0.100000,0,0,0.000000,0,0.000000,0.000000,0.000000,0,0
75,32,0.300000,0.200000,0,0,0.000000,0,0.000000,0.000000,0.000000,0,0
75,33,0.300000,0.300000,0,0,0.000000,0,0.000000,0.000000,0.000000,0,0
75,34,0.300000,0.400000,0,0,0.000000,0,0.000000,0.000000,0.000000,0,0
75,35,0.300000,0.500000,0,0,0.000000,0,0.000000,0.000000,0.000000,0,0
75,36,0.300000,0.600000,0,0,0.000000,0,0.000000,0.000000,0.000000,0,0
75,37,0.300000,0.700000,0,0,0.000000,0,0.000000,0.000000,0.000000,0,0
75,38,0.300000,0.800000,0,0,0.000000,0,0.000000,0.000000,0.000000,0,0
75,39,0.300000,0.900000,0,0,0.000000,0,0.000000,0.000000,0.000000,0,0
75,40,0.400000,0.000000,0,0,0.000000,0,0.000000,0.000000,0.000000,100,45
75,41,0.400000,0.100000,0,0,0.000000,0,0.000000,0.000000,0.000000,0,0
75,42,0.400000,0.200000,0,0,0.000000,0,0.000000,0.000000,0.000000,0,0
75,43,0.400000,0.300000,0,0,0.000000,0,0.000000,0.000000,0.000000,0,0
75,44,0.400000,0.400000,0,0,0.000000,0,0.000000,0.000000,0.000000,0,0
75,45,0.400000,0.500000,0,0,0.000000,0,0.000000,0.000000,0.000000,0,0
75,46,0.400000,0.600000,0,0,0.000000,0,0.000000,0.000000,0.000000,0,0
75,47,0.400000,0.700000,0,0,0.000000,0,0.000000,0.000000,0.000000,0,0
75,48,0.400000,0.800000,0,0,0.000000,0,0.000000,0.000000,0.000000,0,0
75,49,0.400000,0.900000,0,0,0.000000,0,0.000000,0.000000,0.000000,100,71
75,50,0.500000,0.000000,0,0,0.000000,0,0.000000,0.000000,0.000000,0,0
75,51,0.500000,0.100000,0,0,0.000000,0,0.000000,0.000000,0.000000,0,0
75,52,0.500000,0.200000,0,0,0.000000,0,0.000000,0.000000,0.000000,0,0
75,53,0.500000,0.300000,0,0,0.000000,0,0.000000,0.000000,0.000000,0,0
75,54,0.500000,0.400000,0,0,0.000000,0,0.000000,0.000000,0.000000,0,0
75,55,0.500000,0.500000,0,0,0.000000,0,0.000000,0.000000,0.000000,0,0
75,56,0.500000,0.600000,0,0,0.000000,0,0.000000,0.000000,0.000000,0,0
75,57,0.500000,0.700000,0,0,0.000000,0,0.000000,0.000000,0.000000,0,0
75,58,0.500000,0.800000,0,0,0.000000,0,0.000000,0.000000,0.000000,0,0
75,59,0.500000,0.900000,0,0,0.000000,0,0.000000,0.000000,0.000000,0,0
75,60,0.600000,0.000000,0,0,0.000000,0,0.000000,0.000000,0.000000,0,0
75,61,0.600000,0.100000,0,0,0.000000,0,0.000000,0.000000,0.000000,0,0
75,62,0.600000,0.200000,0,0,0.000000,0,0.000000,0.000000,0.000000,0,0
75,63,0.600000,0.300000,0,0,0.000000,0,0.000000,0.000000,0.000000,0,0
75,64,0.600000,0.400000,0,0,0.000000,0,0.000000,0.000000,0.000000,0,0
75,65,0.600000,0.500000,0,0,0.000000,0,0.000000,0.000000,0.000000,0,0
75,66,0.600000,0.600000,0,0,0.000000,0,0.000000,0.000000,0.000000,0,0
75,67,0.600000,0.700000,0,0,0.000000,0,0.000000,0.000000,0.000000,0,0
75,68,0.600000,0.800000,0,0,0.000000,0,0.000000,0.000000,0.000000,0,0
75,69,0.600000,0.900000,0,0,0.000000,0,0.000000,0.000000,0.000000,0,0
75,70,0.700000,0.000000,0,0,0.000000,0,0.000000,0.000000,0.000000,0,0
75,71,0.700000,0.100000,0,0,0.000000,0,0.000000,0.000000,0.000000,0,0
75,72,0.700000,0.200000,0,0,0.000000,0,0.000000,0.000000,0.000000,0,0
75,73,0.700000,0.300000,0,0,0.000000,0,0.000000,0.000000,0.000000,0,0
75,74,0.700000,0.400000,0,0,0.000000,0,0.000000,0.000000,0.000000,0,0
75,75,0.700000,0.500000,0,0,0.000000,0,0.000000,0.000000,0.000000,0,0
75,76,0.700000,0.600000,0,0,0.000000,0,0.000000,0.000000,0.000000,0,0
75,77,0.700000,0.700000,0,0,0.000000,0,0.000000,0.000000,0.000000,0,0
75,78,0.700000,0.800000,0,0,0.000000,0,0.000000,0.000000,0.000000,0,0
75,79,0.700000,0.900000,0,0,0.000000,0,0.000000,0.000000,0.000000,0,0
75,80,0.800000,0.000000,0,0,0.000000,0,0.000000,0.000000,0.000000,0,0
75,81,0.800000,0.100000,0,0,0.000000,0,0.000000,0.000000,0.000000,0,0
75,82,0.800000,0.200000,0,0,0.000000,0,0.000000,0.000000,0.000000,0,0
75,83,0.800000,0.300000,0,0,0.000000,0,0.000000,0.000000,0.000000,0,0
75,84,0.800000,0.400000,0,0,0.000000,0,0.000000,0.000000,0.000000,0,0
75,85,0.800000,0.500000,0,0,0.000000,0,0.000000,0.000000,0.000000,0,0
75,86,0.800000,0.600000,0,0,0.000000,0,0.000000,0.000000,0.000000,0,0
75,87,0.800000,0.700000,0,0,0.000000,0,0.000000,0.000000,0.000000,0,0
75,88,0.800000,0.800000,0,0,0.000000,0,0.000000,0.000000,0.000000,0,0
75,89,0.800000,0.900000,0,0,0.000000,0,0.000000,0.000000,0.000000,0,0
75,90,0.900000,0.000000,0,0,0.000000,0,0.000000,0.000000,0.000000,0,0
75,91,0.900000,0.100000,0,0,0.000000,0,0.000000,0.000000,0.000000,0,0
75,92,0.900000,0.200000,0,0,0.000000,0,0.000000,0.000000,0.000000,0,0
75,93,0.900000,0.300000,0,0,0.000000,0,0.000000,0.000000,0.000000,0,0
75,94,0.900000,0.400000,0,0,0.000000,0,0.000000,0.000000,0.000000,0,0
75,95,0.900000,0.500000,0,0,0.000000,0,0.000000,0.000000,0.000000,0,0
75,96,0.900000,0.600000,0,0,0.000000,0,0.000000,0.000000,0.000000,0,0
75,97,0.900000,0.700000,0,0,0.000000,0,0.000000,0.000000,0.000000,0,0
75,98,0.900000,0.800000,0,0,0.000000,0,0.000000,0.000000,0.000000,0,0
75,99,0.900000,0.900000,0,53,0.000000,53,53.844483,5.384448,2899.228329,100,1
76,0,0.000000,0.000000,0,74,0.000000,74,74.414012,7.441401,5537.445255,100,1
76,1,0.000000,0.100000,0,0,0.000000,0,0.000000,0.000000,0.000000,0,0
76,2,0.000000,0.200000,0,0,0.000000,0,0.000000,0.000000,0.000000,0,0
76,3,0.000000,0.300000,0,0,0.000000,0,0.000000,0.000000,0.000000,0,0
76,4,0.000000,0.400000,0,0,0.000000,0,0.000000,0.000000,0.000000,0,0
76,5,0.000000,0.500000,0,0,0.000000,0,0.000000,0.000000,0.000000,0,0
76,6,0.000000,0.600000,0,0,0.000000,0,0.000000,0.000000,0.000000,0,0
76,7,0.000000,0.700000,0,0,0.000000,0,0.000000,0.000000,0.000000,0,0
76,8,0.000000,0.800000,0,0,0.000000,0,0.000000,0.000000,0.000000,0,0
76,9,0.000000,0.900000,0,74,0.000000,74,74.412038,7.441204,5537.151419,100,1
76,10,0.100000,0.000000,0,0,0.000000,0,0.000000,0.000000,0.000000,0,0
76,11,0.100000,0.100000,0,0,0.000000,0,0.000000,0.000000,0.000000,0,0
76,12,0.100000,0.200000,0,0,0.000000,0,0.000000,0.000000,0.000000,0,0
76,13,0.100000,0.300000,0,0,0.000000,0,0.000000,0.000000,0.000000,0,0
76,14,0.100000,0.400000,0,0,0.000000,0,0.000000,0.000000,0.000000,0,0
76,15,0.100000,0.500000,0,0,0.000000,0,0.000000,0.000000,0.000000,0,0
76,16,0.100000,0.600000,0,0,0.000000,0,0.000000,0.000000,0.000000,0,0
76,17,0.100000,0.700000,0,0,0.000000,0,0.000000,0.000000,0.000000,0,0
76,18,0.100000,0.800000,0,0,0.000000,0,0.000000,0.000000,0.000000,0,0
76,19,0.100000,0.900000,0,0,0.000000,0,0.000000,0.000000,0.000000,0,0
76,20,0.200000,0.000000,0,0,0.000000,0,0.000000,0.000000,0.000000,0,0
76,21,0.200000,0.100000,0,0,0.000000,0,0.000000,0.000000,0.000000,0,0
76,22,0.200000,0.200000,0,0,0.000000,0,0.000000,0.000000,0.000000,0,0
76,23,0.200000,0.300000,0,0,0.000000,0,0.000000,0.000000,0.000000,0,0
76,24,0.200000,0.400000,0,0,0.000000,0,0.000000,0.000000,0.000000,0,0
76,25,0.200000,0.500000,0,0,0.000000,0,0.000000,0.000000,0.000000,0,0
76,26,0.200000,0.600000,0,0,0.000000,0,0.000000,0.000000,0.000000,0,0
76,27,0.200000,0.700000,0,0,0.000000,0,0.000000,0.000000,0.000000,0,0
76,28,0.200000,0.800000,0,0,0.000000,0,0.000000,0.000000,0.000000,0,0
76,29,0.200000,0.900000,0,0,0.000000,0,0.000000,0.000000,0.000000,0,0
76,30,0.300000,0.000000,0,0,0.000000,0,0.000000,0.000000,0.000000,0,0
76,31,0.300000,0.100000,0,0,0.000000,0,0.000000,0.000000,0.000000,0,0
76,32,0.300000,0.200000,0,0,0.000000,0,0.000000,0.000000,0.000000,0,0
76,33,0.300000,0.300000,0,0,0.000000,0,0.000000,0.000000,0.000000,0,0
76,34,0.300000,0.400000,0,0,0.000000,0,0.000000,0.000000,0.000000,0,0
76,35,0.300000,0.500000,0,0,0.000000,0,0.000000,0.000000,0.000000,0,0
76,36,0.300000,0.600000,0,0,0.000000,0,0.000000,0.000000,0.000000,0,0
76,37,0.300000,0.700000,0,0,0.000000,0,0.000000,0.000000,0.000000,0,0
76,38,0.300000,0.800000,0,0,0.000000,0,0.000000,0.000000,0.000000,0,0
76,39,0.300000,0.900000,0,0,0.000000,0,0.000000,0.000000,0.000000,0,0
76,40,0.400000,0.000000,0,0,0.000000,0,0.000000,0.000000,0.000000,100,45
76,41,0.400000,0.100000,0,0,0.000000,0,0.000000,0.000000,0.000000,0,0
76,42,0.400000,0.200000,0,0,0.000000,0,0.000000,0.000000,0.000000,0,0
76,43,0.400000,0.300000,0,0,0.000000,0,0.000000,0.000000,0.000000,0,0
76,44,0.400000,0.400000,0,0,0.000000,0,0.000000,0.000000,0.000000,0,0
76,45,0.400000,0.500000,0,0,0.000000,0,0.000000,0.000000,0.000000,0,0
76,46,0.400000,0.600000,0,0,0.000000,0,0.000000,0.000000,0.000000,0,0
76,47,0.400000,0.700000,0,0,0.000000,0,0.000000,0.000000,0.000000,0,0
76,48,0.400000,0.800000,0,0,0.000000,0,0.000000,0.000000,0.000000,0,0
76,49,0.400000,0.900000,0,0,0.000000,0,0.000000,0.000000,0.000000,100,71
76,50,0.500000,0.000000,0,0,0.000000,0,0.000000,0.000000,0.000000,0,0
76,51,0.500000,0.100000,0,0,0.000000,0,0.000000,0.000000,0.000000,0,0
76,52,0.500000,0.200000,0,0,0.000000,0,0.000000,0.000000,0.000000,0,0
76,53,0.500000,0.300000,0,0,0.000000,0,0.000000,0.000000,0.000000,0,0
76,54,0.500000,0.400000,0,0,0.000000,0,0.000000,0.000000,0.000000,0,0
76,55,0.500000,0.500000,0,0,0.000000,0,0.000000,0.000000,0.000000,0,0
76,56,0.500000,0.600000,0,0,0.000000,0,0.000000,0.000000,0.000000,0,0
76,57,0.500000,0.700000,0,0,0.000000,0,0.000000,0.000000,0.000000,0,0
76,58,0.500000,0.800000,0,0,0.000000,0,0.000000,0.000000,0.000000,0,0
76,59,0.500000,0.900000,0,0,0.000000,0,0.000000,0.000000,0.000000,0,0
76,60,0.600000,0.000000,0,0,0.000000,0,0.000000,0.000000,0.000000,0,0
76,61,0.600000,0.100000,0,0,0.000000,0,0.000000,0.000000,0.000000,0,0
76,62,0.600000,0.200000,0,0,0.000000,0,0.000000,0.000000,0.000000,0,0
76,63,0.600000,0.300000,0,0,0.000000,0,0.000000,0.000000,0.000000,0,0
76,64,0.600000,0.400000,0,0,0.000000,0,0.000000,0.000000,0.000000,0,0
76,65,0.600000,0.500000,0,0,0.000000,0,0.000000,0.000000,0.000000,0,0
76,66,0.600000,0.600000,0,0,0.000000,0,0.000000,0.000000,0.000000,0,0
76,67,0.600000,0.700000,0,0,0.000000,0,0.000000,0.000000,0.000000,0,0
76,68,0.600000,0.800000,0,0,0.000000,0,0.000000,0.000000,0.000000,0,0
76,69,0.600000,0.900000,0,0,0.000000,0,0.000000,0.000000,0.000000,0,0
76,70,0.700000,0.000000,0,0,0.000000,0,0.000000,0.000000,0.000000,0,0
76,71,0.700000,0.100000,0,0,0.000000,0,0.000000,0.000000,0.000000,0,0
76,72,0.700000,0.200000,0,0,0.000000,0,0.000000,0.000000,0.000000,0,0
76,73,0.700000,0.300000,0,0,0.000000,0,0.000000,0.000000,0.000000,0,0
76,74,0.700000,0.400000,0,0,0.000000,0,0.000000,0.000000,0.000000,0,0
76,75,0.700000,0.500000,0,0,0.000000,0,0.000000,0.000000,0.000000,0,0
76,76,0.700000,0.600000,0,0,0.000000,0,0.000000,0.000000,0.000000,0,0
76,77,0.700000,0.700000,0,0,0.000000,0,0.000000,0.000000,0.000000,0,0
76,78,0.700000,0.800000,0,0,0.000000,0,0.000000,0.000000,0.000000,0,0
76,79,0.700000,0.900000,0,0,0.000000,0,0.000000,0.000000,0.000000,0,0
76,80,0.800000,0.000000,0,0,0.000000,0,0.000000,0.000000,0.000000,0,0
76,81,0.800000,0.100000,0,0,0.000000,0,0.000000,0.000000,0.000000,0,0
76,82,0.800000,0.200000,0,0,0.000000,0,0.000000,0.000000,0.000000,0,0
76,83,0.800000,0.300000,0,0,0.000000,0,0.000000,0.000000,0.000000,0,0
76,84,0.800000,0.400000,0,0,0.000000,0,0.000000,0.000000,0.000000,0,0
76,85,0.800000,0.500000,0,0,0.000000,0,0.000000,0.000000,0.000000,0,0
76,86,0.800000,0.600000,0,0,0.000000,0,0.000000,0.000000,0.000000,0,0
76,87,0.800000,0.700000,0,0,0.000000,0,0.000000,0.000000,0.000000,0,0
76,88,0.800000,0.800000,0,0,0.000000,0,0.000000,0.000000,0.000000,0,0
76,89,0.800000,0.900000,0,0,0.000000,0,0.000000,0.000000,0.000000,0,0
76,90,0.900000,0.000000,0,0,0.000000,0,0.000000,0.000000,0.000000,0,0
76,91,0.900000,0.100000,0,0,0.000000,0,0.000000,0.000000,0.000000,0,0
76,92,0.900000,0.200000,0,0,0.000000,0,0.000000,0.000000,0.000000,0,0
76,93,0.900000,0.300000,0,0,0.000000,0,0.000000,0.000000,0.000000,0,0
76,94,0.900000,0.400000,0,0,0.000000,0,0.000000,0.000000,0.000000,0,0
76,95,0.900000,0.500000,0,0,0.000000,0,0.000000,0.000000,0.000000,0,0
76,96,0.900000,0.600000,0,0,0.000000,0,0.000000,0.000000,0.000000,0,0
76,97,0.900000,0.700000,0,0,0.000000,0,0.000000,0.000000,0.000000,0,0
76,98,0.900000,0.800000,0,0,0.000000,0,0.000000,0.000000,0.000000,0,0
76,99,0.900000,0.900000,0,53,0.000000,53,53.844483,5.384448,2899.228329,100,1
77,0,0.000000,0.000000,0,74,0.000000,74,74.414012,7.441401,5537.445255,100,1
77,1,0.000000,0.100000,0,0,0.000000,0,0.000000,0.000000,0.000000,0,0
77,2,0.000000,0.200000,0,0,0.000000,0,0.000000,0.000000,0.000000,0,0
77,3,0.000000,0.300000,0,0,0.000000,0,0.000000,0.000000,0.000000,0,0
77,4,0.000000,0.400000,0,0,0.000000,0,0.000000,0.000000,0.000000,0,0
77,5,0.000000,0.500000,0,0,0.000000,0,0.000000,0.000000,0.000000,0,0
77,6,0.000000,0.600000,0,0,0.000000,0,0.000000,0.000000,0.000000,0,0
77,7,0.000000,0.700000,0,0,0.000000,0,0.000000,0.000000,0.000000,0,0
77,8,0.000000,0.800000,0,0,0.000000,0,0.000000,0.000000,0.000000,0,0
77,9,0.000000,0.900000,0,74,0.000000,74,74.412038,7.441204,5537.151419,100,1
77,10,0.100000,0.000000,0,0,0.000000,0,0.000000,0.000000,0.000000,0,0
77,11,0.100000,0.100000,0,0,0.000000,0,0.000000,0.000000,0.000000,0,0
77,12,0.100000,0.200000,0,0,0.000000,0,0.000000,0.000000,0.000000,0,0
77,13,0.100000,0.300000,0,0,0.000000,0,0.000000,0.000000,0.000000,0,0
77,14,0.100000,0.400000,0,0,0.000000,0,0.000000,0.000000,0.000000,0,0
77,15,0.100000,0.500000,0,0,0.000000,0,0.000000,0.000000,0.000000,0,0
77,16,0.100000,0.600000,0,0,0.000000,0,0.000000,0.000000,0.000000,0,0
77,17,0.100000,0.700000,0,0,0.000000,0,0.000000,0.000000,0.000000,0,0
77,18,0.100000,0.800000,0,0,0.000000,0,0.000000,0.000000,0.000000,0,0
77,19,0.100000,0.900000,0,0,0.000000,0,0.000000,0.000000,0.000000,0,0
77,20,0.200000,0.000000,0,0,0.000000,0,0.000000,0.000000,0.000000,0,0
77,21,0.200000,0.100000,0,0,0.000000,0,0.000000,0.000000,0.000000,0,0
77,22,0.200000,0.200000,0,0,0.000000,0,0.000000,0.000000,0.000000,0,0
77,23,0.200000,0.300000,0,0,0.000000,0,0.000000,0.000000,0.000000,0,0
77,24,0.200000,0.400000,0,0,0.000000,0,0.000000,0.000000,0.000000,0,0
77,25,0.200000,0.500000,0,0,0.000000,0,0.000000,0.000000,0.000000,0,0
77,26,0.200000,0.600000,0,0,0.000000,0,0.000000,0.000000,0.000000,0,0
77,27,0.200000,0.700000,0,0,0.000000,0,0.000000,0.000000,0.000000,0,0
77,28,0.200000,0.800000,0,0,0.000000,0,0.000000,0.000000,0.000000,0,0
77,29,0.200000,0.900000,0,0,0.000000,0,0.000000,0.000000,0.000000,0,0
77,30,0.300000,0.000000,0,0,0.000000,0,0.000000,0.000000,0.000000,0,0
77,31,0.300000,0.100000,0,0,0.000000,0,0.000000,0.000000,0.000000,0,0
77,32,0.300000,0.200000,0,0,0.000000,0,0.000000,0.000000,0.000000,0,0
77,33,0.300000,0.300000,0,0,0.000000,0,0.000000,0.000000,0.000000,0,0
77,34,0.300000,0.400000,0,0,0.000000,0,0.000000,0.000000,0.000000,0,0
77,35,0.300000,0.500000,0,0,0.000000,0,0.000000,0.000000,0.000000,0,0
77,36,0.300000,0.600000,0,0,0.000000,0,0.000000,0.000000,0.000000,0,0
77,37,0.300000,0.700000,0,0,0.000000,0,0.000000,0.000000,0.000000,0,0
77,38,0.300000,0.800000,0,0,0.000000,0,0.000000,0.000000,0.000000,0,0
77,39,0.300000,0.900000,0,0,0.000000,0,0.000000,0.000000,0.000000,0,0
77,40,0.400000,0.000000,0,0,0.000000,0,0.000000,0.000000,0.000000,100,45
77,41,0.400000,0.100000,0,0,0.000000,0,0.000000,0.000000,0.000000,0,0
77,42,0.400000,0.200000,0,0,0.000000,0,0.000000,0.000000,0.000000,0,0
77,43,0.400000,0.300000,0,0,0.000000,0,0.000000,0.000000,0.000000,0,0
77,44,0.400000,0.400000,0,0,0.000000,0,0.000000,0.000000,0.000000,0,0
77,45,0.400000,0.500000,0,0,0.000000,0,0.000000,0.000000,0.000000,0,0
77,46,0.400000,0.600000,0,0,0.000000,0,0.000000,0.000000,0.000000,0,0
77,47,0.400000,0.700000,0,0,0.000000,0,0.000000,0.000000,0.000000,0,0
77,48,0.400000,0.800000,0,0,0.000000,0,0.000000,0.000000,0.000000,0,0
77,49,0.400000,0.900000,0,0,0.000000,0,0.000000,0.000000,0.000000,100,71
77,50,0.500000,0.000000,0,0,0.000000,0,0.000000,0.000000,0.000000,0,0
77,51,0.500000,0.100000,0,0,0.000000,0,0.000000,0.000000,0.000000,0,0
77,52,0.500000,0.200000,0,0,0.000000,0,0.000000,0.000000,0.000000,0,0
77,53,0.500000,0.300000,0,0,0.000000,0,0.000000,0.000000,0.000000,0,0
77,54,0.500000,0.400000,0,0,0.000000,0,0.000000,0.000000,0.000000,0,0
77,55,0.500000,0.500000,0,0,0.000000,0,0.000000,0.000000,0.000000,0,0
77,56,0.500000,0.600000,0,0,0.000000,0,0.000000,0.000000,0.000000,0,0
77,57,0.500000,0.700000,0,0,0.000000,0,0.000000,0.000000,0.000000,0,0
77,58,0.500000,0.800000,0,0,0.000000,0,0.000000,0.000000,0.000000,0,0
77,59,0.500000,0.900000,0,0,0.000000,0,0.000000,0.000000,0.000000,0,0
77,60,0.600000,0.000000,0,0,0.000000,0,0.000000,0.000000,0.000000,0,0
77,61,0.600000,0.100000,0,0,0.000000,0,0.000000,0.000000,0.000000,0,0
77,62,0.600000,0.200000,0,0,0.000000,0,0.000000,0.000000,0.000000,0,0
77,63,0.600000,0.300000,0,0,0.000000,0,0.000000,0.000000,0.000000,0,0
77,64,0.600000,0.400000,0,0,0.000000,0,0.000000,0.000000,0.000000,0,0
77,65,0.600000,0.500000,0,0,0.000000,0,0.000000,0.000000,0.000000,0,0
77,66,0.600000,0.600000,0,0,0.000000,0,0.000000,0.000000,0.000000,0,0
77,67,0.600000,0.700000,0,0,0.000000,0,0.000000,0.000000,0.000000,0,0
77,68,0.600000,0.800000,0,0,0.000000,0,0.000000,0.000000,0.000000,0,0
77,69,0.600000,0.900000,0,0,0.000000,0,0.000000,0.000000,0.000000,0,0
77,70,0.700000,0.000000,0,0,0.000000,0,0.000000,0.000000,0.000000,0,0
77,71,0.700000,0.100000,0,0,0.000000,0,0.000000,0.000000,0.000000,0,0
77,72,0.700000,0.200000,0,0,0.000000,0,0.000000,0.000000,0.000000,0,0
77,73,0.700000,0.300000,0,0,0.000000,0,0.000000,0.000000,0.000000,0,0
77,74,0.700000,0.400000,0,0,0.000000,0,0.000000,0.000000,0.000000,0,0
77,75,0.700000,0.500000,0,0,0.000000,0,0.000000,0.000000,0.000000,0,0
77,76,0.700000,0.600000,0,0,0.000000,0,0.000000,0.000000,0.000000,0,0
77,77,0.700000,0.700000,0,0,0.000000,0,0.000000,0.000000,0.000000,0,0
77,78,0.700000,0.800000,0,0,0.000000,0,0.000000,0.000000,0.000000,0,0
77,79,0.700000,0.900000,0,0,0.000000,0,0.000000,0.000000,0.000000,0,0
77,80,0.800000,0.000000,0,0,0.000000,0,0.000000,0.000000,0.000000,0,0
77,81,0.800000,0.100000,0,0,0.000000,0,0.000000,0.000000,0.000000,0,0
77,82,0.800000,0.200000,0,0,0.000000,0,0.000000,0.000000,0.000000,0,0
77,83,0.800000,0.300000,0,0,0.000000,0,0.000000,0.000000,0.000000,0,0
77,84,0.800000,0.400000,0,0,0.000000,0,0.000000,0.000000,0.000000,0,0
77,85,0.800000,0.500000,0,0,0.000000,0,0.000000,0.000000,0.000000,0,0
77,86,0.800000,0.600000,0,0,0.000000,0,0.000000,0.000000,0.000000,0,0
77,87,0.800000,0.700000,0,0,0.000000,0,0.000000,0.000000,0.000000,0,0
77,88,0.800000,0.800000,0,0,0.000000,0,0.000000,0.000000,0.000000,0,0
77,89,0.800000,0.900000,0,0,0.000000,0,0.000000,0.000000,0.000000,0,0
77,90,0.900000,0.000000,0,0,0.000000,0,0.000000,0.000000,0.000000,0,0
77,91,0.900000,0.100000,0,0,0.000000,0,0.000000,0.000000,0.000000,0,0
77,92,0.900000,0.200000,0,0,0.000000,0,0.000000,0.000000,0.000000,0,0
77,93,0.900000,0.300000,0,0,0.000000,0,0.000000,0.000000,0.000000,0,0
77,94,0.900000,0.400000,0,0,0.000000,0,0.000000,0.000000,0.000000,0,0
77,95,0.900000,0.500000,0,0,0.000000,0,0.000000,0.000000,0.000000,0,0
77,96,0.900000,0.600000,0,0,0.000000,0,0.000000,0.000000,0.000000,0,0
77,97,0.900000,0.700000,0,0,0.000000,0,0.000000,0.000000,0.000000,0,0
77,98,0.900000,0.800000,0,0,0.000000,0,0.000000,0.000000,0.000000,0,0
77,99,0.900000,0.900000,0,53,0.000000,53,53.844483,5.384448,2899.228329,100,1
78,0,0.000000,0.000000,0,74,0.000000,74,74.414012,7.441401,5537.445255,100,1
78,1,0.000000,0.100000,0,0,0.000000,0,0.000000,0.000000,0.000000,0,0
78,2,0.000000,0.200000,0,0,0.000000,0,0.000000,0.000000,0.000000,0,0
78,3,0.000000,0.300000,0,0,0.000000,0,0.000000,0.000000,0.000000,0,0
78,4,0.000000,0.400000,0,0,0.000000,0,0.000000,0.000000,0.000000,0,0
78,5,0.000000,0.500000,0,0,0.000000,0,0.000000,0.000000,0.000000,0,0
78,6,0.000000,0.600000,0,0,0.000000,0,0.000000,0.000000,0.000000,0,0
78,7,0.000000,0.700000,0,0,0.000000,0,0.000000,0.000000,0.000000,0,0
78,8,0.000000,0.800000,0,0,0.000000,0,0.000000,0.000000,0.000000,0,0
78,9,0.000000,0.900000,0,74,0.000000,74,74.412038,7.441204,5537.151419,100,1
78,10,0.100000,0.000000,0,0,0.000000,0,0.000000,0.000000,0.000000,0,0
78,11,0.100000,0.100000,0,0,0.000000,0,0.000000,0.000000,0.000000,0,0
78,12,0.100000,0.200000,0,0,0.000000,0,0.000000,0.000000,0.000000,0,0
78,13,0.100000,0.300000,0,0,0.000000,0,0.000000,0.000000,0.000000,0,0
78,14,0.100000,0.400000,0,0,0.000000,0,0.000000,0.000000,0.000000,0,0
78,15,0.100000,0.500000,0,0,0.000000,0,0.000000,0.000000,0.000000,0,0
78,16,0.100000,0.600000,0,0,0.000000,0,0.000000,0.000000,0.000000,0,0
78,17,0.100000,0.700000,0,0,0.000000,0,0.000000,0.000000,0.000000,0,0
78,18,0.100000,0.800000,0,0,0.000000,0,0.000000,0.000000,0.000000,0,0
78,19,0.100000,0.900000,0,0,0.000000,0,0.000000,0.000000,0.000000,0,0
78,20,0.200000,0.000000,0,0,0.000000,0,0.000000,0.000000,0.000000,0,0
78,21,0.200000,0.100000,0,0,0.000000,0,0.000000,0.000000,0.000000,0,0
78,22,0.200000,0.200000,0,0,0.000000,0,0.000000,0.000000,0.000000,0,0
78,23,0.200000,0.300000,0,0,0.000000,0,0.000000,0.000000,0.000000,0,0
78,24,0.200000,0.400000,0,0,0.000000,0,0.000000,0.000000,0.000000,0,0
78,25,0.200000,0.500000,0,0,0.000000,0,0.000000,0.000000,0.000000,0,0
78,26,0.200000,0.600000,0,0,0.000000,0,0.000000,0.000000,0.000000,0,0
78,27,0.200000,0.700000,0,0,0.000000,0,0.000000,0.000000,0.000000,0,0
78,28,0.200000,0.800000,0,0,0.000000,0,0.000000,0.000000,0.000000,0,0
78,29,0.200000,0.900000,0,0,0.000000,0,0.000000,0.000000,0.000000,0,0
78,30,0.300000,0.000000,0,0,0.000000,0,0.000000,0.000000,0.000000,0,0
78,31,0.300000,0.100000,0,0,0.000000,0,0.000000,0.000000,0.000000,0,0
78,32,0.300000,0.200000,0,0,0.000000,0,0.000000,0.000000,0.000000,0,0
78,33,0.300000,0.300000,0,0,0.000000,0,0.000000,0.000000,0.000000,0,0
78,34,0.300000,0.400000,0,0,0.000000,0,0.000000,0.000000,0.000000,0,0
78,35,0.300000,0.500000,0,0,0.000000,0,0.000000,0.000000,0.000000,0,0
78,36,0.300000,0.600000,0,0,0.000000,0,0.000000,0.000000,0.000000,0,0
78,37,0.300000,0.700000,0,0,0.000000,0,0.000000,0.000000,0.000000,0,0
78,38,0.300000,0.800000,0,0,0.000000,0,0.000000,0.000000,0.000000,0,0
78,39,0.300000,0.900000,0,0,0.000000,0,0.000000,0.000000,0.000000,0,0
78,40,0.400000,0.000000,0,0,0.000000,0,0.000000,0.000000,0.000000,100,45
78,41,0.400000,0.100000,0,0,0.000000,0,0.000000,0.000000,0.000000,0,0
78,42,0.400000,0.200000,0,0,0.000000,0,0.000000,0.000000,0.000000,0,0
78,43,0.400000,0.300000,0,0,0.000000,0,0.000000,0.000000,0.000000,0,0
78,44,0.400000,0.400000,0,0,0.000000,0,0.000000,0.000000,0.000000,0,0
78,45,0.400000,0.500000,0,0,0.000000,0,0.000000,0.000000,0.000000,0,0
78,46,0.400000,0.600000,0,0,0.000000,0,0.000000,0.000000,0.000000,0,0
78,47,0.400000,0.700000,0,0,0.000000,0,0.000000,0.000000,0.000000,0,0
78,48,0.400000,0.800000,0,0,0.000000,0,0.000000,0.000000,0.000000,0,0
78,49,0.400000,0.900000,0,0,0.000000,0,0.000000,0.000000,0.000000,100,71
78,50,0.500000,0.000000,0,0,0.000000,0,0.000000,0.000000,0.000000,0,0
78,51,0.500000,0.100000,0,0,0.000000,0,0.000000,0.000000,0.000000,0,0
78,52,0.500000,0.200000,0,0,0.000000,0,0.000000,0.000000,0.000000,0,0
78,53,0.500000,0.300000,0,0,0.000000,0,0.000000,0.000000,0.000000,0,0
78,54,0.500000,0.400000,0,0,0.000000,0,0.000000,0.000000,0.000000,0,0
78,55,0.500000,0.500000,0,0,0.000000,0,0.000000,0.000000,0.000000,0,0
78,56,0.500000,0.600000,0,0,0.000000,0,0.000000,0.000000,0.000000,0,0
78,57,0.500000,0.700000,0,0,0.000000,0,0.000000,0.000000,0.000000,0,0
78,58,0.500000,0.800000,0,0,0.000000,0,0.000000,0.000000,0.000000,0,0
78,59,0.500000,0.900000,0,0,0.000000,0,0.000000,0.000000,0.000000,0,0
78,60,0.600000,0.000000,0,0,0.000000,0,0.000000,0.000000,0.000000,0,0
78,61,0.600000,0.100000,0,0,0.000000,0,0.000000,0.000000,0.000000,0,0
78,62,0.600000,0.200000,0,0,0.000000,0,0.000000,0.000000,0.000000,0,0
78,63,0.600000,0.300000,0,0,0.000000,0,0.000000,0.000000,0.000000,0,0
78,64,0.600000,0.400000,0,0,0.000000,0,0.000000,0.000000,0.000000,0,0
78,65,0.600000,0.500000,0,0,0.000000,0,0.000000,0.000000,0.000000,0,0
78,66,0.600000,0.600000,0,0,0.000000,0,0.000000,0.000000,0.000000,0,0
78,67,0.600000,0.700000,0,0,0.000000,0,0.000000,0.000000,0.000000,0,0
78,68,0.600000,0.800000,0,0,0.000000,0,0.000000,0.000000,0.000000,0,0
78,69,0.600000,0.900000,0,0,0.000000,0,0.000000,0.000000,0.000000,0,0
78,70,0.700000,0.000000,0,0,0.000000,0,0.000000,0.000000,0.000000,0,0
78,71,0.700000,0.100000,0,0,0.000000,0,0.000000,0.000000,0.000000,0,0
78,72,0.700000,0.200000,0,0,0.000000,0,0.000000,0.000000,0.000000,0,0
78,73,0.700000,0.300000,0,0,0.000000,0,0.000000,0.000000,0.000000,0,0
78,74,0.700000,0.400000,0,0,0.000000,0,0.000000,0.000000,0.000000,0,0
78,75,0.700000,0.500000,0,0,0.000000,0,0.000000,0.000000,0.000000,0,0
78,76,0.700000,0.600000,0,0,0.000000,0,0.000000,0.000000,0.000000,0,0
78,77,0.700000,0.700000,0,0,0.000000,0,0.000000,0.000000,0.000000,0,0
78,78,0.700000,0.800000,0,0,0.000000,0,0.000000,0.000000,0.000000,0,0
78,79,0.700000,0.900000,0,0,0.000000,0,0.000000,0.000000,0.000000,0,0
78,80,0.800000,0.000000,0,0,0.000000,0,0.000000,0.000000,0.000000,0,0
78,81,0.800000,0.100000,0,0,0.000000,0,0.000000,0.000000,0.000000,0,0
78,82,0.800000,0.200000,0,0,0.000000,0,0.000000,0.000000,0.000000,0,0
78,83,0.800000,0.300000,0,0,0.000000,0,0.000000,0.000000,0.000000,0,0
78,84,0.800000,0.400000,0,0,0.000000,0,0.000000,0.000000,0.000000,0,0
78,85,0.800000,0.500000,0,0,0.000000,0,0.000000,0.000000,0.000000,0,0
78,86,0.800000,0.600000,0,0,0.000000,0,0.000000,0.000000,0.000000,0,0
78,87,0.800000,0.700000,0,0,0.000000,0,0.000000,0.000000,0.000000,0,0
78,88,0.800000,0.800000,0,0,0.000000,0,0.000000,0.000000,0.000000,0,0
78,89,0.800000,0.900000,0,0,0.000000,0,0.000000,0.000000,0.000000,0,0
78,90,0.900000,0.000000,0,0,0.000000,0,0.000000,0.000000,0.000000,0,0
78,91,0.900000,0.100000,0,0,0.000000,0,0.000000,0.000000,0.000000,0,0
78,92,0.900000,0.200000,0,0,0.000000,0,0.000000,0.000000,0.000000,0,0
78,93,0.900000,0.300000,0,0,0.000000,0,0.000000,0.000000,0.000000,0,0
78,94,0.900000,0.400000,0,0,0.000000,0,0.000000,0.000000,0.000000,0,0
78,95,0.900000,0.500000,0,0,0.000000,0,0.000000,0.000000,0.000000,0,0
78,96,0.900000,0.600000,0,0,0.000000,0,0.000000,0.000000,0.000000,0,0
78,97,0.900000,0.700000,0,0,0.000000,0,0.000000,0.000000,0.000000,0,0
78,98,0.900000,0.800000,0,0,0.000000,0,0.000000,0.000000,0.000000,0,0
78,99,0.900000,0.900000,0,53,0.000000,53,53.844483,5.384448,2899.228329,100,1
79,0,0.000000,0.000000,0,74,0.000000,74,74.414012,7.441401,5537.445255,100,1
79,1,0.000000,0.100000,0,0,0.000000,0,0.000000,0.000000,0.000000,0,0
79,2,0.000000,0.200000,0,0,0.000000,0,0.000000,0.000000,0.000000,0,0
79,3,0.000000,0.300000,0,0,0.000000,0,0.000000,0.000000,0.000000,0,0
79,4,0.000000,0.400000,0,0,0.000000,0,0.000000,0.000000,0.000000,0,0
79,5,0.000000,0.500000,0,0,0.000000,0,0.000000,0.000000,0.000000,0,0
79,6,0.000000,0.600000,0,0,0.000000,0,0.000000,0.000000,0.000000,0,0
79,7,0.000000,0.700000,0,0,0.000000,0,0.000000,0.000000,0.000000,0,0
79,8,0.000000,0.800000,0,0,0.000000,0,0.000000,0.000000,0.000000,0,0
79,9,0.000000,0.900000,0,74,0.000000,74,74.412038,7.441204,5537.151419,100,1
79,10,0.100000,0.000000,0,0,0.000000,0,0.000000,0.000000,0.000000,0,0
79,11,0.100000,0.100000,0,0,0.000000,0,0.000000,0.000000,0.000000,0,0
79,12,0.100000,0.200000,0,0,0.000000,0,0.000000,0.000000,0.000000,0,0
79,13,0.100000,0.300000,0,0,0.000000,0,0.000000,0.000000,0.000000,0,0
79,14,0.100000,0.400000,0,0,0.000000,0,0.000000,0.000000,0.000000,0,0
79,15,0.100000,0.500000,0,0,0.000000,0,0.000000,0.000000,0.000000,0,0
79,16,0.100000,0.600000,0,0,0.000000,0,0.000000,0.000000,0.000000,0,0
79,17,0.100000,0.700000,0,0,0.000000,0,0.000000,0.000000,0.000000,0,0
79,18,0.100000,0.800000,0,0,0.000000,0,0.000000,0.000000,0.000000,0,0
79,19,0.100000,0.900000,0,0,0.000000,0,0.000000,0.000000,0.000000,0,0
79,20,0.200000,0.000000,0,0,0.000000,0,0.000000,0.000000,0.000000,0,0
79,21,0.200000,0.100000,0,0,0.000000,0,0.000000,0.000000,0.000000,0,0
79,22,0.200000,0.200000,0,0,0.000000,0,0.000000,0.000000,0.000000,0,0
79,23,0.200000,0.300000,0,0,0.000000,0,0.000000,0.000000,0.000000,0,0
79,24,0.200000,0.400000,0,0,0.000000,0,0.000000,0.000000,0.000000,0,0
79,25,0.200000,0.500000,0,0,0.000000,0,0.000000,0.000000,0.000000,0,0
79,26,0.200000,0.600000,0,0,0.000000,0,0.000000,0.000000,0.000000,0,0
79,27,0.200000,0.700000,0,0,0.000000,0,0.000000,0.000000,0.000000,0,0
79,28,0.200000,0.800000,0,0,0.000000,0,0.000000,0.000000,0.000000,0,0
79,29,0.200000,0.900000,0,0,0.000000,0,0.000000,0.000000,0.000000,0,0
79,30,0.300000,0.000000,0,0,0.000000,0,0.000000,0.000000,0.000000,0,0
79,31,0.300000,0.100000,0,0,0.000000,0,0.000000,0.000000,0.000000,0,0
79,32,0.300000,0.200000,0,0,0.000000,0,0.000000,0.000000,0.000000,0,0
79,33,0.300000,0.300000,0,0,0.000000,0,0.000000,0.000000,0.000000,0,0
79,34,0.300000,0.400000,0,0,0.000000,0,0.000000,0.000000,0.000000,0,0
79,35,0.300000,0.500000,0,0,0.000000,0,0.000000,0.000000,0.000000,0,0
79,36,0.300000,0.600000,0,0,0.000000,0,0.000000,0.000000,0.000000,0,0
79,37,0.300000,0.700000,0,0,0.000000,0,0.000000,0.000000,0.000000,0,0
79,38,0.300000,0.800000,0,0,0.000000,0,0.000000,0.000000,0.000000,0,0
79,39,0.300000,0.900000,0,0,0.000000,0,0.000000,0.000000,0.000000,0,0
79,40,0.400000,0.000000,0,0,0.000000,0,0.000000,0.000000,0.000000,100,45
79,41,0.400000,0.100000,0,0,0.000000,0,0.000000,0.000000,0.000000,0,0
79,42,0.400000,0.200000,0,0,0.000000,0,0.000000,0.000000,0.000000,0,0
79,43,0.400000,0.300000,0,0,0.000000,0,0.000000,0.000000,0.000000,0,0
79,44,0.400000,0.400000,0,0,0.000000,0,0.000000,0.000000,0.000000,0,0
79,45,0.400000,0.500000,0,0,0.000000,0,0.000000,0.000000,0.000000,0,0
79,46,0.400000,0.600000,0,0,0.000000,0,0.000000,0.000000,0.000000,0,0
79,47,0.400000,0.700000,0,0,0.000000,0,0.000000,0.000000,0.000000,0,0
79,48,0.400000,0.800000,0,0,0.000000,0,0.000000,0.000000,0.000000,0,0
79,49,0.400000,0.900000,0,0,0.000000,0,0.000000,0.000000,0.000000,100,71
79,50,0.500000,0.000000,0,0,0.000000,0,0.000000,0.000000,0.000000,0,0
79,51,0.500000,0.100000,0,0,0.000000,0,0.000000,0.000000,0.000000,0,0
79,52,0.500000,0.200000,0,0,0.000000,0,0.000000,0.000000,0.000000,0,0
79,53,0.500000,0.300000,0,0,0.000000,0,0.000000,0.000000,0.000000,0,0
79,54,0.500000,0.400000,0,0,0.000000,0,0.000000,0.000000,0.000000,0,0
79,55,0.500000,0.500000,0,0,0.000000,0,0.000000,0.000000,0.000000,0,0
79,56,0.500000,0.600000,0,0,0.000000,0,0.000000,0.000000,0.000000,0,0
79,57,0.500000,0.700000,0,0,0.000000,0,0.000000,0.000000,0.000000,0,0
79,58,0.500000,0.800000,0,0,0.000000,0,0.000000,0.000000,0.000000,0,0
79,59,0.500000,0.900000,0,0,0.000000,0,0.000000,0.000000,0.000000,0,0
79,60,0.600000,0.000000,0,0,0.000000,0,0.000000,0.000000,0.000000,0,0
79,61,0.600000,0.100000,0,0,0.000000,0,0.000000,0.000000,0.000000,0,0
79,62,0.600000,0.200000,0,0,0.000000,0,0.000000,0.000000,0.000000,0,0
79,63,0.600000,0.300000,0,0,0.000000,0,0.000000,0.000000,0.000000,0,0
79,64,0.600000,0.400000,0,0,0.000000,0,0.000000,0.000000,0.000000,0,0
79,65,0.600000,0.500000,0,0,0.000000,0,0.000000,0.000000,0.000000,0,0
79,66,0.600000,0.600000,0,0,0.000000,0,0.000000,0.000000,0.000000,0,0
79,67,0.600000,0.700000,0,0,0.000000,0,0.000000,0.000000,0.000000,0,0
79,68,0.600000,0.800000,0,0,0.000000,0,0.000000,0.000000,0.000000,0,0
79,69,0.600000,0.900000,0,0,0.000000,0,0.000000,0.000000,0.000000,0,0
79,70,0.700000,0.000000,0,0,0.000000,0,0.000000,0.000000,0.000000,0,0
79,71,0.700000,0.100000,0,0,0.000000,0,0.000000,0.000000,0.000000,0,0
79,72,0.700000,0.200000,0,0,0.000000,0,0.000000,0.000000,0.000000,0,0
79,73,0.700000,0.300000,0,0,0.000000,0,0.000000,0.000000,0.000000,0,0
79,74,0.700000,0.400000,0,0,0.000000,0,0.000000,0.000000,0.000000,0,0
79,75,0.700000,0.500000,0,0,0.000000,0,0.000000,0.000000,0.000000,0,0
79,76,0.700000,0.600000,0,0,0.000000,0,0.000000,0.000000,0.000000,0,0
79,77,0.700000,0.700000,0,0,0.000000,0,0.000000,0.000000,0.000000,0,0
79,78,0.700000,0.800000,0,0,0.000000,0,0.000000,0.000000,0.000000,0,0
79,79,0.700000,0.900000,0,0,0.000000,0,0.000000,0.000000,0.000000,0,0
79,80,0.800000,0.000000,0,0,0.000000,0,0.000000,0.000000,0.000000,0,0
79,81,0.800000,0.100000,0,0,0.000000,0,0.000000,0.000000,0.000000,0,0
79,82,0.800000,0.200000,0,0,0.000000,0,0.000000,0.000000,0.000000,0,0
79,83,0.800000,0.300000,0,0,0.000000,0,0.000000,0.000000,0.000000,0,0
79,84,0.800000,0.400000,0,0,0.000000,0,0.000000,0.000000,0.000000,0,0
79,85,0.800000,0.500000,0,0,0.000000,0,0.000000,0.000000,0.000000,0,0
79,86,0.800000,0.600000,0,0,0.000000,0,0.000000,0.000000,0.000000,0,0
79,87,0.800000,0.700000,0,0,0.000000,0,0.000000,0.000000,0.000000,0,0
79,88,0.800000,0.800000,0,0,0.000000,0,0.000000,0.000000,0.000000,0,0
79,89,0.800000,0.900000,0,0,0.000000,0,0.000000,0.000000,0.000000,0,0
79,90,0.900000,0.000000,0,0,0.000000,0,0.000000,0.000000,0.000000,0,0
79,91,0.900000,0.100000,0,0,0.000000,0,0.000000,0.000000,0.000000,0,0
79,92,0.900000,0.200000,0,0,0.000000,0,0.000000,0.000000,0.000000,0,0
79,93,0.900000,0.300000,0,0,0.000000,0,0.000000,0.000000,0.000000,0,0
79,94,0.900000,0.400000,0,0,0.000000,0,0.000000,0.000000,0.000000,0,0
79,95,0.900000,0.500000,0,0,0.000000,0,0.000000,0.000000,0.000000,0,0
79,96,0.900000,0.600000,0,0,0.000000,0,0.000000,0.000000,0.000000,0,0
79,97,0.900000,0.700000,0,0,0.000000,0,0.000000,0.000000,0.000000,0,0
79,98,0.900000,0.800000,0,0,0.000000,0,0.000000,0.000000,0.000000,0,0
79,99,0.900000,0.900000,0,53,0.000000,53,53.844483,5.384448,2899.228329,100,1
80,0,0.000000,0.000000,0,74,0.000000,74,74.414012,7.441401,5537.445255,100,1
80,1,0.000000,0.100000,0,0,0.000000,0,0.000000,0.000000,0.000000,0,0
80,2,0.000000,0.200000,0,0,0.000000,0,0.000000,0.000000,0.000000,0,0
80,3,0.000000,0.300000,0,0,0.000000,0,0.000000,0.000000,0.000000,0,0
80,4,0.000000,0.400000,0,0,0.000000,0,0.000000,0.000000,0.000000,0,0
80,5,0.000000,0.500000,0,0,0.000000,0,0.000000,0.000000,0.000000,0,0
80,6,0.000000,0.600000,0,0,0.000000,0,0.000000,0.000000,0.000000,0,0
80,7,0.000000,0.700000,0,0,0.000000,0,0.000000,0.000000,0.000000,0,0
80,8,0.000000,0.800000,0,0,0.000000,0,0.000000,0.000000,0.000000,0,0
80,9,0.000000,0.900000,0,74,0.000000,74,74.412038,7.441204,5537.151419,100,1
80,10,0.100000,0.000000,0,0,0.000000,0,0.000000,0.000000,0.000000,0,0
80,11,0.100000,0.100000,0,0,0.000000,0,0.000000,0.000000,0.000000,0,0
80,12,0.100000,0.200000,0,0,0.000000,0,0.000000,0.000000,0.000000,0,0
80,13,0.100000,0.300000,0,0,0.000000,0,0.000000,0.000000,0.000000,0,0
80,14,0.100000,0.400000,0,0,0.000000,0,0.000000,0.000000,0.000000,0,0
80,15,0.100000,0.500000,0,0,0.000000,0,0.000000,0.000000,0.000000,0,0
80,16,0.100000,0.600000,0,0,0.000000,0,0.000000,0.000000,0.000000,0,0
80,17,0.100000,0.700000,0,0,0.000000,0,0.000000,0.000000,0.000000,0,0
80,18,0.100000,0.800000,0,0,0.000000,0,0.000000,0.000000,0.000000,0,0
80,19,0.100000,0.900000,0,0,0.000000,0,0.000000,0.000000,0.000000,0,0
80,20,0.200000,0.000000,0,0,0.000000,0,0.000000,0.000000,0.000000,0,0
80,21,0.200000,0.100000,0,0,0.000000,0,0.000000,0.000000,0.000000,0,0
80,22,0.200000,0.200000,0,0,0.000000,0,0.000000,0.000000,0.000000,0,0
80,23,0.200000,0.300000,0,0,0.000000,0,0.000000,0.000000,0.000000,0,0
80,24,0.200000,0.400000,0,0,0.000000,0,0.000000,0.000000,0.000000,0,0
80,25,0.200000,0.500000,0,0,0.000000,0,0.000000,0.000000,0.000000,0,0
80,26,0.200000,0.600000,0,0,0.000000,0,0.000000,0.000000,0.000000,0,0
80,27,0.200000,0.700000,0,0,0.000000,0,0.000000,0.000000,0.000000,0,0
80,28,0.200000,0.800000,0,0,0.000000,0,0.000000,0.000000,0.000000,0,0
80,29,0.200000,0.900000,0,0,0.000000,0,0.000000,0.000000,0.000000,0,0
80,30,0.300000,0.000000,0,0,0.000000,0,0.000000,0.000000,0.000000,0,0
80,31,0.300000,0.100000,0,0,0.000000,0,0.000000,0.000000,0.000000,0,0
80,32,0.300000,0.200000,0,0,0.000000,0,0.000000,0.000000,0.000000,0,0
80,33,0.300000,0.300000,0,0,0.000000,0,0.000000,0.000000,0.000000,0,0
80,34,0.300000,0.400000,0,0,0.000000,0,0.000000,0.000000,0.000000,0,0
80,35,0.300000,0.500000,0,0,0.000000,0,0.000000,0.000000,0.000000,0,0
80,36,0.300000,0.600000,0,0,0.000000,0,0.000000,0.000000,0.000000,0,0
80,37,0.300000,0.700000,0,0,0.000000,0,0.000000,0.000000,0.000000,0,0
80,38,0.300000,0.800000,0,0,0.000000,0,0.000000,0.000000,0.000000,0,0
80,39,0.300000,0.900000,0,0,0.000000,0,0.000000,0.000000,0.000000,0,0
80,40,0.400000,0.000000,0,0,0.000000,0,0.000000,0.000000,0.000000,100,45
80,41,0.400000,0.100000,0,0,0.000000,0,0.000000,0.000000,0.000000,0,0
80,42,0.400000,0.200000,0,0,0.000000,0,0.000000,0.000000,0.000000,0,0
80,43,0.400000,0.300000,0,0,0.000000,0,0.000000,0.000000,0.000000,0,0
80,44,0.400000,0.400000,0,0,0.000000,0,0.000000,0.000000,0.000000,0,0
80,45,0.400000,0.500000,0,0,0.000000,0,0.000000,0.000000,0.000000,0,0
80,46,0.400000,0.600000,0,0,0.000000,0,0.000000,0.000000,0.000000,0,0
80,47,0.400000,0.700000,0,0,0.000000,0,0.000000,0.000000,0.000000,0,0
80,48,0.400000,0.800000,0,0,0.000000,0,0.000000,0.000000,0.000000,0,0
80,49,0.400000,0.900000,0,0,0.000000,0,0.000000,0.000000,0.000000,100,71
80,50,0.500000,0.000000,0,0,0.000000,0,0.000000,0.000000,0.000000,0,0
80,51,0.500000,0.100000,0,0,0.000000,0,0.000000,0.000000,0.000000,0,0
80,52,0.500000,0.200000,0,0,0.000000,0,0.000000,0.000000,0.000000,0,0
80,53,0.500000,0.300000,0,0,0.000000,0,0.000000,0.000000,0.000000,0,0
80,54,0.500000,0.400000,0,0,0.000000,0,0.000000,0.000000,0.000000,0,0
80,55,0.500000,0.500000,0,0,0.000000,0,0.000000,0.000000,0.000000,0,0
80,56,0.500000,0.600000,0,0,0.000000,0,0.000000,0.000000,0.000000,0,0
80,57,0.500000,0.700000,0,0,0.000000,0,0.000000,0.000000,0.000000,0,0
80,58,0.500000,0.800000,0,0,0.000000,0,0.000000,0.000000,0.000000,0,0
80,59,0.500000,0.900000,0,0,0.000000,0,0.000000,0.000000,0.000000,0,0
80,60,0.600000,0.000000,0,0,0.000000,0,0.000000,0.000000,0.000000,0,0
80,61,0.600000,0.100000,0,0,0.000000,0,0.000000,0.000000,0.000000,0,0
80,62,0.600000,0.200000,0,0,0.000000,0,0.000000,0.000000,0.000000,0,0
80,63,0.600000,0.300000,0,0,0.000000,0,0.000000,0.000000,0.000000,0,0
80,64,0.600000,0.400000,0,0,0.000000,0,0.000000,0.000000,0.000000,0,0
80,65,0.600000,0.500000,0,0,0.000000,0,0.000000,0.000000,0.000000,0,0
80,66,0.600000,0.600000,0,0,0.000000,0,0.000000,0.000000,0.000000,0,0
80,67,0.600000,0.700000,0,0,0.000000,0,0.000000,0.000000,0.000000,0,0
80,68,0.600000,0.800000,0,0,0.000000,0,0.000000,0.000000,0.000000,0,0
80,69,0.600000,0.900000,0,0,0.000000,0,0.000000,0.000000,0.000000,0,0
80,70,0.700000,0.000000,0,0,0.000000,0,0.000000,0.000000,0.000000,0,0
80,71,0.700000,0.100000,0,0,0.000000,0,0.000000,0.000000,0.000000,0,0
80,72,0.700000,0.200000,0,0,0.000000,0,0.000000,0.000000,0.000000,0,0
80,73,0.700000,0.300000,0,0,0.000000,0,0.000000,0.000000,0.000000,0,0
80,74,0.700000,0.400000,0,0,0.000000,0,0.000000,0.000000,0.000000,0,0
80,75,0.700000,0.500000,0,0,0.000000,0,0.000000,0.000000,0.000000,0,0
80,76,0.700000,0.600000,0,0,0.000000,0,0.000000,0.000000,0.000000,0,0
80,77,0.700000,0.700000,0,0,0.000000,0,0.000000,0.000000,0.000000,0,0
80,78,0.700000,0.800000,0,0,0.000000,0,0.000000,0.000000,0.000000,0,0
80,79,0.700000,0.900000,0,0,0.000000,0,0.000000,0.000000,0.000000,0,0
80,80,0.800000,0.000000,0,0,0.000000,0,0.000000,0.000000,0.000000,0,0
80,81,0.800000,0.100000,0,0,0.000000,0,0.000000,0.000000,0.000000,0,0
80,82,0.800000,0.200000,0,0,0.000000,0,0.000000,0.000000,0.000000,0,0
80,83,0.800000,0.300000,0,0,0.000000,0,0.000000,0.000000,0.000000,0,0
80,84,0.800000,0.400000,0,0,0.000000,0,0.000000,0.000000,0.000000,0,0
80,85,0.800000,0.500000,0,0,0.000000,0,0.000000,0.000000,0.000000,0,0
80,86,0.800000,0.600000,0,0,0.000000,0,0.000000,0.000000,0.000000,0,0
80,87,0.800000,0.700000,0,0,0.000000,0,0.000000,0.000000,0.000000,0,0
80,88,0.800000,0.800000,0,0,0.000000,0,0.000000,0.000000,0.000000,0,0
80,89,0.800000,0.900000,0,0,0.000000,0,0.000000,0.000000,0.000000,0,0
80,90,0.900000,0.000000,0,0,0.000000,0,0.000000,0.000000,0.000000,0,0
80,91,0.900000,0.100000,0,0,0.000000,0,0.000000,0.000000,0.000000,0,0
80,92,0.900000,0.200000,0,0,0.000000,0,0.000000,0.000000,0.000000,0,0
80,93,0.900000,0.300000,0,0,0.000000,0,0.000000,0.000000,0.000000,0,0
80,94,0.900000,0.400000,0,0,0.000000,0,0.000000,0.000000,0.000000,0,0
80,95,0.900000,0.500000,0,0,0.000000,0,0.000000,0.000000,0.000000,0,0
80,96,0.900000,0.600000,0,0,0.000000,0,0.000000,0.000000,0.000000,0,0
80,97,0.900000,0.700000,0,0,0.000000,0,0.000000,0.000000,0.000000,0,0
80,98,0.900000,0.800000,0,0,0.000000,0,0.000000,0.000000,0.000000,0,0
80,99,0.900000,0.900000,0,53,0.000000,53,53.844483,5.384448,2899.228329,100,1
81,0,0.000000,0.000000,0,74,0.000000,74,74.414012,7.441401,5537.445255,100,1
81,1,0.000000,0.100000,0,0,0.000000,0,0.000000,0.000000,0.000000,0,0
81,2,0.000000,0.200000,0,0,0.000000,0,0.000000,0.000000,0.000000,0,0
81,3,0.000000,0.300000,0,0,0.000000,0,0.000000,0.000000,0.000000,0,0
81,4,0.000000,0.400000,0,0,0.000000,0,0.000000,0.000000,0.000000,0,0
81,5,0.000000,0.500000,0,0,0.000000,0,0.000000,0.000000,0.000000,0,0
81,6,0.000000,0.600000,0,0,0.000000,0,0.000000,0.000000,0.000000,0,0
81,7,0.000000,0.700000,0,0,0.000000,0,0.000000,0.000000,0.000000,0,0
81,8,0.000000,0.800000,0,0,0.000000,0,0.000000,0.000000,0.000000,0,0
81,9,0.000000,0.900000,0,74,0.000000,74,74.412038,7.441204,5537.151419,100,1
81,10,0.100000,0.000000,0,0,0.000000,0,0.000000,0.000000,0.000000,0,0
81,11,0.100000,0.100000,0,0,0.000000,0,0.000000,0.000000,0.000000,0,0
81,12,0.100000,0.200000,0,0,0.000000,0,0.000000,0.000000,0.000000,0,0
81,13,0.100000,0.300000,0,0,0.000000,0,0.000000,0.000000,0.000000,0,0
81,14,0.100000,0.400000,0,0,0.000000,0,0.000000,0.000000,0.000000,0,0
81,15,0.100000,0.500000,0,0,0.000000,0,0.000000,0.000000,0.000000,0,0
81,16,0.100000,0.600000,0,0,0.000000,0,0.000000,0.000000,0.000000,0,0
81,17,0.100000,0.700000,0,0,0.000000,0,0.000000,0.000000,0.000000,0,0
81,18,0.100000,0.800000,0,0,0.000000,0,0.000000,0.000000,0.000000,0,0
81,19,0.100000,0.900000,0,0,0.000000,0,0.000000,0.000000,0.000000,0,0
81,20,0.200000,0.000000,0,0,0.000000,0,0.000000,0.000000,0.000000,0,0
81,21,0.200000,0.100000,0,0,0.000000,0,0.000000,0.000000,0.000000,0,0
81,22,0.200000,0.200000,0,0,0.000000,0,0.000000,0.000000,0.000000,0,0
81,23,0.200000,0.300000,0,0,0.000000,0,0.000000,0.000000,0.000000,0,0
81,24,0.200000,0.400000,0,0,0.000000,0,0.000000,0.000000,0.000000,0,0
81,25,0.200000,0.500000,0,0,0.000000,0,0.000000,0.000000,0.000000,0,0
81,26,0.200000,0.600000,0,0,0.000000,0,0.000000,0.000000,0.000000,0,0
81,27,0.200000,0.700000,0,0,0.000000,0,0.000000,0.000000,0.000000,0,0
81,28,0.200000,0.800000,0,0,0.000000,0,0.000000,0.000000,0.000000,0,0
81,29,0.200000,0.900000,0,0,0.000000,0,0.000000,0.000000,0.000000,0,0
81,30,0.300000,0.000000,0,0,0.000000,0,0.000000,0.000000,0.000000,0,0
81,31,0.300000,0.100000,0,0,0.000000,0,0.000000,0.000000,0.000000,0,0
81,32,0.300000,0.200000,0,0,0.000000,0,0.000000,0.000000,0.000000,0,0
81,33,0.300000,0.300000,0,0,0.000000,0,0.000000,0.000000,0.000000,0,0
81,34,0.300000,0.400000,0,0,0.000000,0,0.000000,0.000000,0.000000,0,0
81,35,0.300000,0.500000,0,0,0.000000,0,0.000000,0.000000,0.000000,0,0
81,36,0.300000,0.600000,0,0,0.000000,0,0.000000,0.000000,0.000000,0,0
81,37,0.300000,0.700000,0,0,0.000000,0,0.000000,0.000000,0.000000,0,0
81,38,0.300000,0.800000,0,0,0.000000,0,0.000000,0.000000,0.000000,0,0
81,39,0.300000,0.900000,0,0,0.000000,0,0.000000,0.000000,0.000000,0,0
81,40,0.400000,0.000000,0,0,0.000000,0,0.000000,0.000000,0.000000,100,45
81,41,0.400000,0.100000,0,0,0.000000,0,0.000000,0.000000,0.000000,0,0
81,42,0.400000,0.200000,0,0,0.000000,0,0.000000,0.000000,0.000000,0,0
81,43,0.400000,0.300000,0,0,0.000000,0,0.000000,0.000000,0.000000,0,0
81,44,0.400000,0.400000,0,0,0.000000,0,0.000000,0.000000,0.000000,0,0
81,45,0.400000,0.500000,0,0,0.000000,0,0.000000,0.000000,0.000000,0,0
81,46,0.400000,0.600000,0,0,0.000000,0,0.000000,0.000000,0.000000,0,0
81,47,0.400000,0.700000,0,0,0.000000,0,0.000000,0.000000,0.000000,0,0
81,48,0.400000,0.800000,0,0,0.000000,0,0.000000,0.000000,0.000000,0,0
81,49,0.400000,0.900000,0,0,0.000000,0,0.000000,0.000000,0.000000,100,71
81,50,0.500000,0.000000,0,0,0.000000,0,0.000000,0.000000,0.000000,0,0
81,51,0.500000,0.100000,0,0,0.000000,0,0.000000,0.000000,0.000000,0,0
81,52,0.500000,0.200000,0,0,0.000000,0,0.000000,0.000000,0.000000,0,0
81,53,0.500000,0.300000,0,0,0.000000,0,0.000000,0.000000,0.000000,0,0
81,54,0.500000,0.400000,0,0,0.000000,0,0.000000,0.000000,0.000000,0,0
81,55,0.500000,0.500000,0,0,0.000000,0,0.000000,0.000000,0.000000,0,0
81,56,0.500000,0.600000,0,0,0.000000,0,0.000000,0.000000,0.000000,0,0
81,57,0.500000,0.700000,0,0,0.000000,0,0.000000,0.000000,0.000000,0,0
81,58,0.500000,0.800000,0,0,0.000000,0,0.000000,0.000000,0.000000,0,0
81,59,0.500000,0.900000,0,0,0.000000,0,0.000000,0.000000,0.000000,0,0
81,60,0.600000,0.000000,0,0,0.000000,0,0.000000,0.000000,0.000000,0,0
81,61,0.600000,0.100000,0,0,0.000000,0,0.000000,0.000000,0.000000,0,0
81,62,0.600000,0.200000,0,0,0.000000,0,0.000000,0.000000,0.000000,0,0
81,63,0.600000,0.300000,0,0,0.000000,0,0.000000,0.000000,0.000000,0,0
81,64,0.600000,0.400000,0,0,0.000000,0,0.000000,0.000000,0.000000,0,0
81,65,0.600000,0.500000,0,0,0.000000,0,0.000000,0.000000,0.000000,0,0
81,66,0.600000,0.600000,0,0,0.000000,0,0.000000,0.000000,0.000000,0,0
81,67,0.600000,0.700000,0,0,0.000000,0,0.000000,0.000000,0.000000,0,0
81,68,0.600000,0.800000,0,0,0.000000,0,0.000000,0.000000,0.000000,0,0
81,69,0.600000,0.900000,0,0,0.000000,0,0.000000,0.000000,0.000000,0,0
81,70,0.700000,0.000000,0,0,0.000000,0,0.000000,0.000000,0.000000,0,0
81,71,0.700000,0.100000,0,0,0.000000,0,0.000000,0.000000,0.000000,0,0
81,72,0.700000,0.200000,0,0,0.000000,0,0.000000,0.000000,0.000000,0,0
81,73,0.700000,0.300000,0,0,0.000000,0,0.000000,0.000000,0.000000,0,0
81,74,0.700000,0.400000,0,0,0.000000,0,0.000000,0.000000,0.000000,0,0
81,75,0.700000,0.500000,0,0,0.000000,0,0.000000,0.000000,0.000000,0,0
81,76,0.700000,0.600000,0,0,0.000000,0,0.000000,0.000000,0.000000,0,0
81,77,0.700000,0.700000,0,0,0.000000,0,0.000000,0.000000,0.000000,0,0
81,78,0.700000,0.800000,0,0,0.000000,0,0.000000,0.000000,0.000000,0,0
81,79,0.700000,0.900000,0,0,0.000000,0,0.000000,0.000000,0.000000,0,0
81,80,0.800000,0.000000,0,0,0.000000,0,0.000000,0.000000,0.000000,0,0
81,81,0.800000,0.100000,0,0,0.000000,0,0.000000,0.000000,0.000000,0,0
81,82,0.800000,0.200000,0,0,0.000000,0,0.000000,0.000000,0.000000,0,0
81,83,0.800000,0.300000,0,0,0.000000,0,0.000000,0.000000,0.000000,0,0
81,84,0.800000,0.400000,0,0,0.000000,0,0.000000,0.000000,0.000000,0,0
81,85,0.800000,0.500000,0,0,0.000000,0,0.000000,0.000000,0.000000,0,0
81,86,0.800000,0.600000,0,0,0.000000,0,0.000000,0.000000,0.000000,0,0
81,87,0.800000,0.700000,0,0,0.000000,0,0.000000,0.000000,0.000000,0,0
81,88,0.800000,0.800000,0,0,0.000000,0,0.000000,0.000000,0.000000,0,0
81,89,0.800000,0.900000,0,0,0.000000,0,0.000000,0.000000,0.000000,0,0
81,90,0.900000,0.000000,0,0,0.000000,0,0.000000,0.000000,0.000000,0,0
81,91,0.900000,0.100000,0,0,0.000000,0,0.000000,0.000000,0.000000,0,0
81,92,0.900000,0.200000,0,0,0.000000,0,0.000000,0.000000,0.000000,0,0
81,93,0.900000,0.300000,0,0,0.000000,0,0.000000,0.000000,0.000000,0,0
81,94,0.900000,0.400000,0,0,0.000000,0,0.000000,0.000000,0.000000,0,0
81,95,0.900000,0.500000,0,0,0.000000,0,0.000000,0.000000,0.000000,0,0
81,96,0.900000,0.600000,0,0,0.000000,0,0.000000,0.000000,0.000000,0,0
81,97,0.900000,0.700000,0,0,0.000000,0,0.000000,0.000000,0.000000,0,0
81,98,0.900000,0.800000,0,0,0.000000,0,0.000000,0.000000,0.000000,0,0
81,99,0.900000,0.900000,0,53,0.000000,53,53.844483,5.384448,2899.228329,100,1
82,0,0.000000,0.000000,0,74,0.000000,74,74.414012,7.441401,5537.445255,100,1
82,1,0.000000,0.100000,0,0,0.000000,0,0.000000,0.000000,0.000000,0,0
82,2,0.000000,0.200000,0,0,0.000000,0,0.000000,0.000000,0.000000,0,0
82,3,0.000000,0.300000,0,0,0.000000,0,0.000000,0.000000,0.000000,0,0
82,4,0.000000,0.400000,0,0,0.000000,0,0.000000,0.000000,0.000000,0,0
82,5,0.000000,0.500000,0,0,0.000000,0,0.000000,0.000000,0.000000,0,0
82,6,0.000000,0.600000,0,0,0.000000,0,0.000000,0.000000,0.000000,0,0
82,7,0.000000,0.700000,0,0,0.000000,0,0.000000,0.000000,0.000000,0,0
82,8,0.000000,0.800000,0,0,0.000000,0,0.000000,0.000000,0.000000,0,0
82,9,0.000000,0.900000,0,74,0.000000,74,74.412038,7.441204,5537.151419,100,1
82,10,0.100000,0.000000,0,0,0.000000,0,0.000000,0.000000,0.000000,0,0
82,11,0.100000,0.100000,0,0,0.000000,0,0.000000,0.000000,0.000000,0,0
82,12,0.100000,0.200000,0,0,0.000000,0,0.000000,0.000000,0.000000,0,0
82,13,0.100000,0.300000,0,0,0.000000,0,0.000000,0.000000,0.000000,0,0
82,14,0.100000,0.400000,0,0,0.000000,0,0.000000,0.000000,0.000000,0,0
82,15,0.100000,0.500000,0,0,0.000000,0,0.000000,0.000000,0.000000,0,0
82,16,0.100000,0.600000,0,0,0.000000,0,0.000000,0.000000,0.000000,0,0
82,17,0.100000,0.700000,0,0,0.000000,0,0.000000,0.000000,0.000000,0,0
82,18,0.100000,0.800000,0,0,0.000000,0,0.000000,0.000000,0.000000,0,0
82,19,0.100000,0.900000,0,0,0.000000,0,0.000000,0.000000,0.000000,0,0
82,20,0.200000,0.000000,0,0,0.000000,0,0.000000,0.000000,0.000000,0,0
82,21,0.200000,0.100000,0,0,0.000000,0,0.000000,0.000000,0.000000,0,0
82,22,0.200000,0.200000,0,0,0.000000,0,0.000000,0.000000,0.000000,0,0
82,23,0.200000,0.300000,0,0,0.000000,0,0.000000,0.000000,0.000000,0,0
82,24,0.200000,0.400000,0,0,0.000000,0,0.000000,0.000000,0.000000,0,0
82,25,0.200000,0.500000,0,0,0.000000,0,0.000000,0.000000,0.000000,0,0
82,26,0.200000,0.600000,0,0,0.000000,0,0.000000,0.000000,0.000000,0,0
82,27,0.200000,0.700000,0,0,0.000000,0,0.000000,0.000000,0.000000,0,0
82,28,0.200000,0.800000,0,0,0.000000,0,0.000000,0.000000,0.000000,0,0
82,29,0.200000,0.900000,0,0,0.000000,0,0.000000,0.000000,0.000000,0,0
82,30,0.300000,0.000000,0,0,0.000000,0,0.000000,0.000000,0.000000,0,0
82,31,0.300000,0.100000,0,0,0.000000,0,0.000000,0.000000,0.000000,0,0
82,32,0.300000,0.200000,0,0,0.000000,0,0.000000,0.000000,0.000000,0,0
82,33,0.300000,0.300000,0,0,0.000000,0,0.000000,0.000000,0.000000,0,0
82,34,0.300000,0.400000,0,0,0.000000,0,0.000000,0.000000,0.000000,0,0
82,35,0.300000,0.500000,0,0,0.000000,0,0.000000,0.000000,0.000000,0,0
82,36,0.300000,0.600000,0,0,0.000000,0,0.000000,0.000000,0.000000,0,0
82,37,0.300000,0.700000,0,0,0.000000,0,0.000000,0.000000,0.000000,0,0
82,38,0.300000,0.800000,0,0,0.000000,0,0.000000,0.000000,0.000000,0,0
82,39,0.300000,0.900000,0,0,0.000000,0,0.000000,0.000000,0.000000,0,0
82,40,0.400000,0.000000,0,0,0.000000,0,0.000000,0.000000,0.000000,100,45
82,41,0.400000,0.100000,0,0,0.000000,0,0.000000,0.000000,0.000000,0,0
82,42,0.400000,0.200000,0,0,0.000000,0,0.000000,0.000000,0.000000,0,0
82,43,0.400000,0.300000,0,0,0.000000,0,0.000000,0.000000,0.000000,0,0
82,44,0.400000,0.400000,0,0,0.000000,0,0.000000,0.000000,0.000000,0,0
82,45,0.400000,0.500000,0,0,0.000000,0,0.000000,0.000000,0.000000,0,0
82,46,0.400000,0.600000,0,0,0.000000,0,0.000000,0.000000,0.000000,0,0
82,47,0.400000,0.700000,0,0,0.000000,0,0.000000,0.000000,0.000000,0,0
82,48,0.400000,0.800000,0,0,0.000000,0,0.000000,0.000000,0.000000,0,0
82,49,0.400000,0.900000,0,0,0.000000,0,0.000000,0.000000,0.000000,100,71
82,50,0.500000,0.000000,0,0,0.000000,0,0.000000,0.000000,0.000000,0,0
82,51,0.500000,0.100000,0,0,0.000000,0,0.000000,0.000000,0.000000,0,0
82,52,0.500000,0.200000,0,0,0.000000,0,0.000000,0.000000,0.000000,0,0
82,53,0.500000,0.300000,0,0,0.000000,0,0.000000,0.000000,0.000000,0,0
82,54,0.500000,0.400000,0,0,0.000000,0,0.000000,0.000000,0.000000,0,0
82,55,0.500000,0.500000,0,0,0.000000,0,0.000000,0.000000,0.000000,0,0
82,56,0.500000,0.600000,0,0,0.000000,0,0.000000,0.000000,0.000000,0,0
82,57,0.500000,0.700000,0,0,0.000000,0,0.000000,0.000000,0.000000,0,0
82,58,0.500000,0.800000,0,0,0.000000,0,0.000000,0.000000,0.000000,0,0
82,59,0.500000,0.900000,0,0,0.000000,0,0.000000,0.000000,0.000000,0,0
82,60,0.600000,0.000000,0,0,0.000000,0,0.000000,0.000000,0.000000,0,0
82,61,0.600000,0.100000,0,0,0.000000,0,0.000000,0.000000,0.000000,0,0
82,62,0.600000,0.200000,0,0,0.000000,0,0.000000,0.000000,0.000000,0,0
82,63,0.600000,0.300000,0,0,0.000000,0,0.000000,0.000000,0.000000,0,0
82,64,0.600000,0.400000,0,0,0.000000,0,0.000000,0.000000,0.000000,0,0
82,65,0.600000,0.500000,0,0,0.000000,0,0.000000,0.000000,0.000000,0,0
82,66,0.600000,0.600000,0,0,0.000000,0,0.000000,0.000000,0.000000,0,0
82,67,0.600000,0.700000,0,0,0.000000,0,0.000000,0.000000,0.000000,0,0
82,68,0.600000,0.800000,0,0,0.000000,0,0.000000,0.000000,0.000000,0,0
82,69,0.600000,0.900000,0,0,0.000000,0,0.000000,0.000000,0.000000,0,0
82,70,0.700000,0.000000,0,0,0.000000,0,0.000000,0.000000,0.000000,0,0
82,71,0.700000,0.100000,0,0,0.000000,0,0.000000,0.000000,0.000000,0,0
82,72,0.700000,0.200000,0,0,0.000000,0,0.000000,0.000000,0.000000,0,0
82,73,0.700000,0.300000,0,0,0.000000,0,0.000000,0.000000,0.000000,0,0
82,74,0.700000,0.400000,0,0,0.000000,0,0.000000,0.000000,0.000000,0,0
82,75,0.700000,0.500000,0,0,0.000000,0,0.000000,0.000000,0.000000,0,0
82,76,0.700000,0.600000,0,0,0.000000,0,0.000000,0.000000,0.000000,0,0
82,77,0.700000,0.700000,0,0,0.000000,0,0.000000,0.000000,0.000000,0,0
82,78,0.700000,0.800000,0,0,0.000000,0,0.000000,0.000000,0.000000,0,0
82,79,0.700000,0.900000,0,0,0.000000,0,0.000000,0.000000,0.000000,0,0
82,80,0.800000,0.000000,0,0,0.000000,0,0.000000,0.000000,0.000000,0,0
82,81,0.800000,0.100000,0,0,0.000000,0,0.000000,0.000000,0.000000,0,0
82,82,0.800000,0.200000,0,0,0.000000,0,0.000000,0.000000,0.000000,0,0
82,83,0.800000,0.300000,0,0,0.000000,0,0.000000,0.000000,0.000000,0,0
82,84,0.800000,0.400000,0,0,0.000000,0,0.000000,0.000000,0.000000,0,0
82,85,0.800000,0.500000,0,0,0.000000,0,0.000000,0.000000,0.000000,0,0
82,86,0.800000,0.600000,0,0,0.000000,0,0.000000,0.000000,0.000000,0,0
82,87,0.800000,0.700000,0,0,0.000000,0,0.000000,0.000000,0.000000,0,0
82,88,0.800000,0.800000,0,0,0.000000,0,0.000000,0.000000,0.000000,0,0
82,89,0.800000,0.900000,0,0,0.000000,0,0.000000,0.000000,0.000000,0,0
82,90,0.900000,0.000000,0,0,0.000000,0,0.000000,0.000000,0.000000,0,0
82,91,0.900000,0.100000,0,0,0.000000,0,0.000000,0.000000,0.000000,0,0
82,92,0.900000,0.200000,0,0,0.000000,0,0.000000,0.000000,0.000000,0,0
82,93,0.900000,0.300000,0,0,0.000000,0,0.000000,0.000000,0.000000,0,0
82,94,0.900000,0.400000,0,0,0.000000,0,0.000000,0.000000,0.000000,0,0
82,95,0.900000,0.500000,0,0,0.000000,0,0.000000,0.000000,0.000000,0,0
82,96,0.900000,0.600000,0,0,0.000000,0,0.000000,0.000000,0.000000,0,0
82,97,0.900000,0.700000,0,0,0.000000,0,0.000000,0.000000,0.000000,0,0
82,98,0.900000,0.800000,0,0,0.000000,0,0.000000,0.000000,0.000000,0,0
82,99,0.900000,0.900000,0,53,0.000000,53,53.844483,5.384448,2899.228329,100,1
83,0,0.000000,0.000000,0,74,0.000000,74,74.414012,7.441401,5537.445255,100,1
83,1,0.000000,0.100000,0,0,0.000000,0,0.000000,0.000000,0.000000,0,0
83,2,0.000000,0.200000,0,0,0.000000,0,0.000000,0.000000,0.000000,0,0
83,3,0.000000,0.300000,0,0,0.000000,0,0.000000,0.000000,0.000000,0,0
83,4,0.000000,0.400000,0,0,0.000000,0,0.000000,0.000000,0.000000,0,0
83,5,0.000000,0.500000,0,0,0.000000,0,0.000000,0.000000,0.000000,0,0
83,6,0.000000,0.600000,0,0,0.000000,0,0.000000,0.000000,0.000000,0,0
83,7,0.000000,0.700000,0,0,0.000000,0,0.000000,0.000000,0.000000,0,0
83,8,0.000000,0.800000,0,0,0.000000,0,0.000000,0.000000,0.000000,0,0
83,9,0.000000,0.900000,0,74,0.000000,74,74.412038,7.441204,5537.151419,100,1
83,10,0.100000,0.000000,0,0,0.000000,0,0.000000,0.000000,0.000000,0,0
83,11,0.100000,0.100000,0,0,0.000000,0,0.000000,0.000000,0.000000,0,0
83,12,0.100000,0.200000,0,0,0.000000,0,0.000000,0.000000,0.000000,0,0
83,13,0.100000,0.300000,0,0,0.000000,0,0.000000,0.000000,0.000000,0,0
83,14,0.100000,0.400000,0,0,0.000000,0,0.000000,0.000000,0.000000,0,0
83,15,0.100000,0.500000,0,0,0.000000,0,0.000000,0.000000,0.000000,0,0
83,16,0.100000,0.600000,0,0,0.000000,0,0.000000,0.000000,0.000000,0,0
83,17,0.100000,0.700000,0,0,0.000000,0,0.000000,0.000000,0.000000,0,0
83,18,0.100000,0.800000,0,0,0.000000,0,0.000000,0.000000,0.000000,0,0
83,19,0.100000,0.900000,0,0,0.000000,0,0.000000,0.000000,0.000000,0,0
83,20,0.200000,0.000000,0,0,0.000000,0,0.000000,0.000000,0.000000,0,0
83,21,0.200000,0.100000,0,0,0.000000,0,0.000000,0.000000,0.000000,0,0
83,22,0.200000,0.200000,0,0,0.000000,0,0.000000,0.000000,0.000000,0,0
83,23,0.200000,0.300000,0,0,0.000000,0,0.000000,0.000000,0.000000,0,0
83,24,0.200000,0.400000,0,0,0.000000,0,0.000000,0.000000,0.000000,0,0
83,25,0.200000,0.500000,0,0,0.000000,0,0.000000,0.000000,0.000000,0,0
83,26,0.200000,0.600000,0,0,0.000000,0,0.000000,0.000000,0.000000,0,0
83,27,0.200000,0.700000,0,0,0.000000,0,0.000000,0.000000,0.000000,0,0
83,28,0.200000,0.800000,0,0,0.000000,0,0.000000,0.000000,0.000000,0,0
83,29,0.200000,0.900000,0,0,0.000000,0,0.000000,0.000000,0.000000,0,0
83,30,0.300000,0.000000,0,0,0.000000,0,0.000000,0.000000,0.000000,0,0
83,31,0.300000,0.100000,0,0,0.000000,0,0.000000,0.000000,0.000000,0,0
83,32,0.300000,0.200000,0,0,0.000000,0,0.000000,0.000000,0.000000,0,0
83,33,0.300000,0.300000,0,0,0.000000,0,0.000000,0.000000,0.000000,0,0
83,34,0.300000,0.400000,0,0,0.000000,0,0.000000,0.000000,0.000000,0,0
83,35,0.300000,0.500000,0,0,0.000000,0,0.000000,0.000000,0.000000,0,0
83,36,0.300000,0.600000,0,0,0.000000,0,0.000000,0.000000,0.000000,0,0
83,37,0.300000,0.700000,0,0,0.000000,0,0.000000,0.000000,0.000000,0,0
83,38,0.300000,0.800000,0,0,0.000000,0,0.000000,0.000000,0.000000,0,0
83,39,0.300000,0.900000,0,0,0.000000,0,0.000000,0.000000,0.000000,0,0
83,40,0.400000,0.000000,0,0,0.000000,0,0.000000,0.000000,0.000000,100,45
83,41,0.400000,0.100000,0,0,0.000000,0,0.000000,0.000000,0.000000,0,0
83,42,0.400000,0.200000,0,0,0.000000,0,0.000000,0.000000,0.000000,0,0
83,43,0.400000,0.300000,0,0,0.000000,0,0.000000,0.000000,0.000000,0,0
83,44,0.400000,0.400000,0,0,0.000000,0,0.000000,0.000000,0.000000,0,0
83,45,0.400000,0.500000,0,0,0.000000,0,0.000000,0.000000,0.000000,0,0
83,46,0.400000,0.600000,0,0,0.000000,0,0.000000,0.000000,0.000000,0,0
83,47,0.400000,0.700000,0,0,0.000000,0,0.000000,0.000000,0.000000,0,0
83,48,0.400000,0.800000,0,0,0.000000,0,0.000000,0.000000,0.000000,0,0
83,49,0.400000,0.900000,0,0,0.000000,0,0.000000,0.000000,0.000000,100,71
83,50,0.500000,0.000000,0,0,0.000000,0,0.000000,0.000000,0.000000,0,0
83,51,0.500000,0.100000,0,0,0.000000,0,0.000000,0.000000,0.000000,0,0
83,52,0.500000,0.200000,0,0,0.000000,0,0.000000,0.000000,0.000000,0,0
83,53,0.500000,0.300000,0,0,0.000000,0,0.000000,0.000000,0.000000,0,0
83,54,0.500000,0.400000,0,0,0.000000,0,0.000000,0.000000,0.000000,0,0
83,55,0.500000,0.500000,0,0,0.000000,0,0.000000,0.000000,0.000000,0,0
83,56,0.500000,0.600000,0,0,0.000000,0,0.000000,0.000000,0.000000,0,0
83,57,0.500000,0.700000,0,0,0.000000,0,0.000000,0.000000,0.000000,0,0
83,58,0.500000,0.800000,0,0,0.000000,0,0.000000,0.000000,0.000000,0,0
83,59,0.500000,0.900000,0,0,0.000000,0,0.000000,0.000000,0.000000,0,0
83,60,0.600000,0.000000,0,0,0.000000,0,0.000000,0.000000,0.000000,0,0
83,61,0.600000,0.100000,0,0,0.000000,0,0.000000,0.000000,0.000000,0,0
83,62,0.600000,0.200000,0,0,0.000000,0,0.000000,0.000000,0.000000,0,0
83,63,0.600000,0.300000,0,0,0.000000,0,0.000000,0.000000,0.000000,0,0
83,64,0.600000,0.400000,0,0,0.000000,0,0.000000,0.000000,0.000000,0,0
83,65,0.600000,0.500000,0,0,0.000000,0,0.000000,0.000000,0.000000,0,0
83,66,0.600000,0.600000,0,0,0.000000,0,0.000000,0.000000,0.000000,0,0
83,67,0.600000,0.700000,0,0,0.000000,0,0.000000,0.000000,0.000000,0,0
83,68,0.600000,0.800000,0,0,0.000000,0,0.000000,0.000000,0.000000,0,0
83,69,0.600000,0.900000,0,0,0.000000,0,0.000000,0.000000,0.000000,0,0
83,70,0.700000,0.000000,0,0,0.000000,0,0.000000,0.000000,0.000000,0,0
83,71,0.700000,0.100000,0,0,0.000000,0,0.000000,0.000000,0.000000,0,0
83,72,0.700000,0.200000,0,0,0.000000,0,0.000000,0.000000,0.000000,0,0
83,73,0.700000,0.300000,0,0,0.000000,0,0.000000,0.000000,0.000000,0,0
83,74,0.700000,0.400000,0,0,0.000000,0,0.000000,0.000000,0.000000,0,0
83,75,0.700000,0.500000,0,0,0.000000,0,0.000000,0.000000,0.000000,0,0
83,76,0.700000,0.600000,0,0,0.000000,0,0.000000,0.000000,0.000000,0,0
83,77,0.700000,0.700000,0,0,0.000000,0,0.000000,0.000000,0.000000,0,0
83,78,0.700000,0.800000,0,0,0.000000,0,0.000000,0.000000,0.000000,0,0
83,79,0.700000,0.900000,0,0,0.000000,0,0.000000,0.000000,0.000000,0,0
83,80,0.800000,0.000000,0,0,0.000000,0,0.000000,0.000000,0.000000,0,0
83,81,0.800000,0.100000,0,0,0.000000,0,0.000000,0.000000,0.000000,0,0
83,82,0.800000,0.200000,0,0,0.000000,0,0.000000,0.000000,0.000000,0,0
83,83,0.800000,0.300000,0,0,0.000000,0,0.000000,0.000000,0.000000,0,0
83,84,0.800000,0.400000,0,0,0.000000,0,0.000000,0.000000,0.000000,0,0
83,85,0.800000,0.500000,0,0,0.000000,0,0.000000,0.000000,0.000000,0,0
83,86,0.800000,0.600000,0,0,0.000000,0,0.000000,0.000000,0.000000,0,0
83,87,0.800000,0.700000,0,0,0.000000,0,0.000000,0.000000,0.000000,0,0
83,88,0.800000,0.800000,0,0,0.000000,0,0.000000,0.000000,0.000000,0,0
83,89,0.800000,0.900000,0,0,0.000000,0,0.000000,0.000000,0.000000,0,0
83,90,0.900000,0.000000,0,0,0.000000,0,0.000000,0.000000,0.000000,0,0
83,91,0.900000,0.100000,0,0,0.000000,0,0.000000,0.000000,0.000000,0,0
83,92,0.900000,0.200000,0,0,0.000000,0,0.000000,0.000000,0.000000,0,0
83,93,0.900000,0.300000,0,0,0.000000,0,0.000000,0.000000,0.000000,0,0
83,94,0.900000,0.400000,0,0,0.000000,0,0.000000,0.000000,0.000000,0,0
83,95,0.900000,0.500000,0,0,0.000000,0,0.000000,0.000000,0.000000,0,0
83,96,0.900000,0.600000,0,0,0.000000,0,0.000000,0.000000,0.000000,0,0
83,97,0.900000,0.700000,0,0,0.000000,0,0.000000,0.000000,0.000000,0,0
83,98,0.900000,0.800000,0,0,0.000000,0,0.000000,0.000000,0.000000,0,0
83,99,0.900000,0.900000,0,53,0.000000,53,53.844483,5.384448,2899.228329,100,1
84,0,0.000000,0.000000,0,74,0.000000,74,74.414012,7.441401,5537.445255,100,1
84,1,0.000000,0.100000,0,0,0.000000,0,0.000000,0.000000,0.000000,0,0
84,2,0.000000,0.200000,0,0,0.000000,0,0.000000,0.000000,0.000000,0,0
84,3,0.000000,0.300000,0,0,0.000000,0,0.000000,0.000000,0.000000,0,0
84,4,0.000000,0.400000,0,0,0.000000,0,0.000000,0.000000,0.000000,0,0
84,5,0.000000,0.500000,0,0,0.000000,0,0.000000,0.000000,0.000000,0,0
84,6,0.000000,0.600000,0,0,0.000000,0,0.000000,0.000000,0.000000,0,0
84,7,0.000000,0.700000,0,0,0.000000,0,0.000000,0.000000,0.000000,0,0
84,8,0.000000,0.800000,0,0,0.000000,0,0.000000,0.000000,0.000000,0,0
84,9,0.000000,0.900000,0,74,0.000000,74,74.412038,7.441204,5537.151419,100,1
84,10,0.100000,0.000000,0,0,0.000000,0,0.000000,0.000000,0.000000,0,0
84,11,0.100000,0.100000,0,0,0.000000,0,0.000000,0.000000,0.000000,0,0
84,12,0.100000,0.200000,0,0,0.000000,0,0.000000,0.000000,0.000000,0,0
84,13,0.100000,0.300000,0,0,0.000000,0,0.000000,0.000000,0.000000,0,0
84,14,0.100000,0.400000,0,0,0.000000,0,0.000000,0.000000,0.000000,0,0
84,15,0.100000,0.500000,0,0,0.000000,0,0.000000,0.000000,0.000000,0,0
84,16,0.100000,0.600000,0,0,0.000000,0,0.000000,0.000000,0.000000,0,0
84,17,0.100000,0.700000,0,0,0.000000,0,0.000000,0.000000,0.000000,0,0
84,18,0.100000,0.800000,0,0,0.000000,0,0.000000,0.000000,0.000000,0,0
84,19,0.100000,0.900000,0,0,0.000000,0,0.000000,0.000000,0.000000,0,0
84,20,0.200000,0.000000,0,0,0.000000,0,0.000000,0.000000,0.000000,0,0
84,21,0.200000,0.100000,0,0,0.000000,0,0.000000,0.000000,0.000000,0,0
84,22,0.200000,0.200000,0,0,0.000000,0,0.000000,0.000000,0.000000,0,0
84,23,0.200000,0.300000,0,0,0.000000,0,0.000000,0.000000,0.000000,0,0
84,24,0.200000,0.400000,0,0,0.000000,0,0.000000,0.000000,0.000000,0,0
84,25,0.200000,0.500000,0,0,0.000000,0,0.000000,0.000000,0.000000,0,0
84,26,0.200000,0.600000,0,0,0.000000,0,0.000000,0.000000,0.000000,0,0
84,27,0.200000,0.700000,0,0,0.000000,0,0.000000,0.000000,0.000000,0,0
84,28,0.200000,0.800000,0,0,0.000000,0,0.000000,0.000000,0.000000,0,0
84,29,0.200000,0.900000,0,0,0.000000,0,0.000000,0.000000,0.000000,0,0
84,30,0.300000,0.000000,0,0,0.000000,0,0.000000,0.000000,0.000000,0,0
84,31,0.300000,0.100000,0,0,0.000000,0,0.000000,0.000000,0.000000,0,0
84,32,0.300000,0.200000,0,0,0.000000,0,0.000000,0.000000,0.000000,0,0
84,33,0.300000,0.300000,0,0,0.000000,0,0.000000,0.000000,0.000000,0,0
84,34,0.300000,0.400000,0,0,0.000000,0,0.000000,0.000000,0.000000,0,0
84,35,0.300000,0.500000,0,0,0.000000,0,0.000000,0.000000,0.000000,0,0
84,36,0.300000,0.600000,0,0,0.000000,0,0.000000,0.000000,0.000000,0,0
84,37,0.300000,0.700000,0,0,0.000000,0,0.000000,0.000000,0.000000,0,0
84,38,0.300000,0.800000,0,0,0.000000,0,0.000000,0.000000,0.000000,0,0
84,39,0.300000,0.900000,0,0,0.000000,0,0.000000,0.000000,0.000000,0,0
84,40,0.400000,0.000000,0,0,0.000000,0,0.000000,0.000000,0.000000,100,45
84,41,0.400000,0.100000,0,0,0.000000,0,0.000000,0.000000,0.000000,0,0
84,42,0.400000,0.200000,0,0,0.000000,0,0.000000,0.000000,0.000000,0,0
84,43,0.400000,0.300000,0,0,0.000000,0,0.000000,0.000000,0.000000,0,0
84,44,0.400000,0.400000,0,0,0.000000,0,0.000000,0.000000,0.000000,0,0
84,45,0.400000,0.500000,0,0,0.000000,0,0.000000,0.000000,0.000000,0,0
84,46,0.400000,0.600000,0,0,0.000000,0,0.000000,0.000000,0.000000,0,0
84,47,0.400000,0.700000,0,0,0.000000,0,0.000000,0.000000,0.000000,0,0
84,48,0.400000,0.800000,0,0,0.000000,0,0.000000,0.000000,0.000000,0,0
84,49,0.400000,0.900000,0,0,0.000000,0,0.000000,0.000000,0.000000,100,71
84,50,0.500000,0.000000,0,0,0.000000,0,0.000000,0.000000,0.000000,0,0
84,51,0.500000,0.100000,0,0,0.000000,0,0.000000,0.000000,0.000000,0,0
84,52,0.500000,0.200000,0,0,0.000000,0,0.000000,0.000000,0.000000,0,0
84,53,0.500000,0.300000,0,0,0.000000,0,0.000000,0.000000,0.000000,0,0
84,54,0.500000,0.400000,0,0,0.000000,0,0.000000,0.000000,0.000000,0,0
84,55,0.500000,0.500000,0,0,0.000000,0,0.000000,0.000000,0.000000,0,0
84,56,0.500000,0.600000,0,0,0.000000,0,0.000000,0.000000,0.000000,0,0
84,57,0.500000,0.700000,0,0,0.000000,0,0.000000,0.000000,0.000000,0,0
84,58,0.500000,0.800000,0,0,0.000000,0,0.000000,0.000000,0.000000,0,0
84,59,0.500000,0.900000,0,0,0.000000,0,0.000000,0.000000,0.000000,0,0
84,60,0.600000,0.000000,0,0,0.000000,0,0.000000,0.000000,0.000000,0,0
84,61,0.600000,0.100000,0,0,0.000000,0,0.000000,0.000000,0.000000,0,0
84,62,0.600000,0.200000,0,0,0.000000,0,0.000000,0.000000,0.000000,0,0
84,63,0.600000,0.300000,0,0,0.000000,0,0.000000,0.000000,0.000000,0,0
84,64,0.600000,0.400000,0,0,0.000000,0,0.000000,0.000000,0.000000,0,0
84,65,0.600000,0.500000,0,0,0.000000,0,0.000000,0.000000,0.000000,0,0
84,66,0.600000,0.600000,0,0,0.000000,0,0.000000,0.000000,0.000000,0,0
84,67,0.600000,0.700000,0,0,0.000000,0,0.000000,0.000000,0.000000,0,0
84,68,0.600000,0.800000,0,0,0.000000,0,0.000000,0.000000,0.000000,0,0
84,69,0.600000,0.900000,0,0,0.000000,0,0.000000,0.000000,0.000000,0,0
84,70,0.700000,0.000000,0,0,0.000000,0,0.000000,0.000000,0.000000,0,0
84,71,0.700000,0.100000,0,0,0.000000,0,0.000000,0.000000,0.000000,0,0
84,72,0.700000,0.200000,0,0,0.000000,0,0.000000,0.000000,0.000000,0,0
84,73,0.700000,0.300000,0,0,0.000000,0,0.000000,0.000000,0.000000,0,0
84,74,0.700000,0.400000,0,0,0.000000,0,0.000000,0.000000,0.000000,0,0
84,75,0.700000,0.500000,0,0,0.000000,0,0.000000,0.000000,0.000000,0,0
84,76,0.700000,0.600000,0,0,0.000000,0,0.000000,0.000000,0.000000,0,0
84,77,0.700000,0.700000,0,0,0.000000,0,0.000000,0.000000,0.000000,0,0
84,78,0.700000,0.800000,0,0,0.000000,0,0.000000,0.000000,0.000000,0,0
84,79,0.700000,0.900000,0,0,0.000000,0,0.000000,0.000000,0.000000,0,0
84,80,0.800000,0.000000,0,0,0.000000,0,0.000000,0.000000,0.000000,0,0
84,81,0.800000,0.100000,0,0,0.000000,0,0.000000,0.000000,0.000000,0,0
84,82,0.800000,0.200000,0,0,0.000000,0,0.000000,0.000000,0.000000,0,0
84,83,0.800000,0.300000,0,0,0.000000,0,0.000000,0.000000,0.000000,0,0
84,84,0.800000,0.400000,0,0,0.000000,0,0.000000,0.000000,0.000000,0,0
84,85,0.800000,0.500000,0,0,0.000000,0,0.000000,0.000000,0.000000,0,0
84,86,0.800000,0.600000,0,0,0.000000,0,0.000000,0.000000,0.000000,0,0
84,87,0.800000,0.700000,0,0,0.000000,0,0.000000,0.000000,0.000000,0,0
84,88,0.800000,0.800000,0,0,0.000000,0,0.000000,0.000000,0.000000,0,0
84,89,0.800000,0.900000,0,0,0.000000,0,0.000000,0.000000,0.000000,0,0
84,90,0.900000,0.000000,0,0,0.000000,0,0.000000,0.000000,0.000000,0,0
84,91,0.900000,0.100000,0,0,0.000000,0,0.000000,0.000000,0.000000,0,0
84,92,0.900000,0.200000,0,0,0.000000,0,0.000000,0.000000,0.000000,0,0
84,93,0.900000,0.300000,0,0,0.000000,0,0.000000,0.000000,0.000000,0,0
84,94,0.900000,0.400000,0,0,0.000000,0,0.000000,0.000000,0.000000,0,0
84,95,0.900000,0.500000,0,0,0.000000,0,0.000000,0.000000,0.000000,0,0
84,96,0.900000,0.600000,0,0,0.000000,0,0.000000,0.000000,0.000000,0,0
84,97,0.900000,0.700000,0,0,0.000000,0,0.000000,0.000000,0.000000,0,0
84,98,0.900000,0.800000,0,0,0.000000,0,0.000000,0.000000,0.000000,0,0
84,99,0.900000,0.900000,0,53,0.000000,53,53.844483,5.384448,2899.228329,100,1
85,0,0.000000,0.000000,0,74,0.000000,74,74.414012,7.441401,5537.445255,100,1
85,1,0.000000,0.100000,0,0,0.000000,0,0.000000,0.000000,0.000000,0,0
85,2,0.000000,0.200000,0,0,0.000000,0,0.000000,0.000000,0.000000,0,0
85,3,0.000000,0.300000,0,0,0.000000,0,0.000000,0.000000,0.000000,0,0
85,4,0.000000,0.400000,0,0,0.000000,0,0.000000,0.000000,0.000000,0,0
85,5,0.000000,0.500000,0,0,0.000000,0,0.000000,0.000000,0.000000,0,0
85,6,0.000000,0.600000,0,0,0.000000,0,0.000000,0.000000,0.000000,0,0
85,7,0.000000,0.700000,0,0,0.000000,0,0.000000,0.000000,0.000000,0,0
85,8,0.000000,0.800000,0,0,0.000000,0,0.000000,0.000000,0.000000,0,0
85,9,0.000000,0.900000,0,74,0.000000,74,74.412038,7.441204,5537.151419,100,1
85,10,0.100000,0.000000,0,0,0.000000,0,0.000000,0.000000,0.000000,0,0
85,11,0.100000,0.100000,0,0,0.000000,0,0.000000,0.000000,0.000000,0,0
85,12,0.100000,0.200000,0,0,0.000000,0,0.000000,0.000000,0.000000,0,0
85,13,0.100000,0.300000,0,0,0.000000,0,0.000000,0.000000,0.000000,0,0
85,14,0.100000,0.400000,0,0,0.000000,0,0.000000,0.000000,0.000000,0,0
85,15,0.100000,0.500000,0,0,0.000000,0,0.000000,0.000000,0.000000,0,0
85,16,0.100000,0.600000,0,0,0.000000,0,0.000000,0.000000,0.000000,0,0
85,17,0.100000,0.700000,0,0,0.000000,0,0.000000,0.000000,0.000000,0,0
85,18,0.100000,0.800000,0,0,0.000000,0,0.000000,0.000000,0.000000,0,0
85,19,0.100000,0.900000,0,0,0.000000,0,0.000000,0.000000,0.000000,0,0
85,20,0.200000,0.000000,0,0,0.000000,0,0.000000,0.000000,0.000000,0,0
85,21,0.200000,0.100000,0,0,0.000000,0,0.000000,0.000000,0.000000,0,0
85,22,0.200000,0.200000,0,0,0.000000,0,0.000000,0.000000,0.000000,0,0
85,23,0.200000,0.300000,0,0,0.000000,0,0.000000,0.000000,0.000000,0,0
85,24,0.200000,0.400000,0,0,0.000000,0,0.000000,0.000000,0.000000,0,0
85,25,0.200000,0.500000,0,0,0.000000,0,0.000000,0.000000,0.000000,0,0
85,26,0.200000,0.600000,0,0,0.000000,0,0.000000,0.000000,0.000000,0,0
85,27,0.200000,0.700000,0,0,0.000000,0,0.000000,0.000000,0.000000,0,0
85,28,0.200000,0.800000,0,0,0.000000,0,0.000000,0.000000,0.000000,0,0
85,29,0.200000,0.900000,0,0,0.000000,0,0.000000,0.000000,0.000000,0,0
85,30,0.300000,0.000000,0,0,0.000000,0,0.000000,0.000000,0.000000,0,0
85,31,0.300000,0.100000,0,0,0.000000,0,0.000000,0.000000,0.000000,0,0
85,32,0.300000,0.200000,0,0,0.000000,0,0.000000,0.000000,0.000000,0,0
85,33,0.300000,0.300000,0,0,0.000000,0,0.000000,0.000000,0.000000,0,0
85,34,0.300000,0.400000,0,0,0.000000,0,0.000000,0.000000,0.000000,0,0
85,35,0.300000,0.500000,0,0,0.000000,0,0.000000,0.000000,0.000000,0,0
85,36,0.300000,0.600000,0,0,0.000000,0,0.000000,0.000000,0.000000,0,0
85,37,0.300000,0.700000,0,0,0.000000,0,0.000000,0.000000,0.000000,0,0
85,38,0.300000,0.800000,0,0,0.000000,0,0.000000,0.000000,0.000000,0,0
85,39,0.300000,0.900000,0,0,0.000000,0,0.000000,0.000000,0.000000,0,0
85,40,0.400000,0.000000,0,0,0.000000,0,0.000000,0.000000,0.000000,100,45
85,41,0.400000,0.100000,0,0,0.000000,0,0.000000,0.000000,0.000000,0,0
85,42,0.400000,0.200000,0,0,0.000000,0,0.000000,0.000000,0.000000,0,0
85,43,0.400000,0.300000,0,0,0.000000,0,0.000000,0.000000,0.000000,0,0
85,44,0.400000,0.400000,0,0,0.000000,0,0.000000,0.000000,0.000000,0,0
85,45,0.400000,0.500000,0,0,0.000000,0,0.000000,0.000000,0.000000,0,0
85,46,0.400000,0.600000,0,0,0.000000,0,0.000000,0.000000,0.000000,0,0
85,47,0.400000,0.700000,0,0,0.000000,0,0.000000,0.000000,0.000000,0,0
85,48,0.400000,0.800000,0,0,0.000000,0,0.000000,0.000000,0.000000,0,0
85,49,0.400000,0.900000,0,0,0.000000,0,0.000000,0.000000,0.000000,100,71
85,50,0.500000,0.000000,0,0,0.000000,0,0.000000,0.000000,0.000000,0,0
85,51,0.500000,0.100000,0,0,0.000000,0,0.000000,0.000000,0.000000,0,0
85,52,0.500000,0.200000,0,0,0.000000,0,0.000000,0.000000,0.000000,0,0
85,53,0.500000,0.300000,0,0,0.000000,0,0.000000,0.000000,0.000000,0,0
85,54,0.500000,0.400000,0,0,0.000000,0,0.000000,0.000000,0.000000,0,0
85,55,0.500000,0.500000,0,0,0.000000,0,0.000000,0.000000,0.000000,0,0
85,56,0.500000,0.600000,0,0,0.000000,0,0.000000,0.000000,0.000000,0,0
85,57,0.500000,0.700000,0,0,0.000000,0,0.000000,0.000000,0.000000,0,0
85,58,0.500000,0.800000,0,0,0.000000,0,0.000000,0.000000,0.000000,0,0
85,59,0.500000,0.900000,0,0,0.000000,0,0.000000,0.000000,0.000000,0,0
85,60,0.600000,0.000000,0,0,0.000000,0,0.000000,0.000000,0.000000,0,0
85,61,0.600000,0.100000,0,0,0.000000,0,0.000000,0.000000,0.000000,0,0
85,62,0.600000,0.200000,0,0,0.000000,0,0.000000,0.000000,0.000000,0,0
85,63,0.600000,0.300000,0,0,0.000000,0,0.000000,0.000000,0.000000,0,0
85,64,0.600000,0.400000,0,0,0.000000,0,0.000000,0.000000,0.000000,0,0
85,65,0.600000,0.500000,0,0,0.000000,0,0.000000,0.000000,0.000000,0,0
85,66,0.600000,0.600000,0,0,0.000000,0,0.000000,0.000000,0.000000,0,0
85,67,0.600000,0.700000,0,0,0.000000,0,0.000000,0.000000,0.000000,0,0
85,68,0.600000,0.800000,0,0,0.000000,0,0.000000,0.000000,0.000000,0,0
85,69,0.600000,0.900000,0,0,0.000000,0,0.000000,0.000000,0.000000,0,0
85,70,0.700000,0.000000,0,0,0.000000,0,0.000000,0.000000,0.000000,0,0
85,71,0.700000,0.100000,0,0,0.000000,0,0.000000,0.000000,0.000000,0,0
85,72,0.700000,0.200000,0,0,0.000000,0,0.000000,0.000000,0.000000,0,0
85,73,0.700000,0.300000,0,0,0.000000,0,0.000000,0.000000,0.000000,0,0
85,74,0.700000,0.400000,0,0,0.000000,0,0.000000,0.000000,0.000000,0,0
85,75,0.700000,0.500000,0,0,0.000000,0,0.000000,0.000000,0.000000,0,0
85,76,0.700000,0.600000,0,0,0.000000,0,0.000000,0.000000,0.000000,0,0
85,77,0.700000,0.700000,0,0,0.000000,0,0.000000,0.000000,0.000000,0,0
85,78,0.700000,0.800000,0,0,0.000000,0,0.000000,0.000000,0.000000,0,0
85,79,0.700000,0.900000,0,0,0.000000,0,0.000000,0.000000,0.000000,0,0
85,80,0.800000,0.000000,0,0,0.000000,0,0.000000,0.000000,0.000000,0,0
85,81,0.800000,0.100000,0,0,0.000000,0,0.000000,0.000000,0.000000,0,0
85,82,0.800000,0.200000,0,0,0.000000,0,0.000000,0.000000,0.000000,0,0
85,83,0.800000,0.300000,0,0,0.000000,0,0.000000,0.000000,0.000000,0,0
85,84,0.800000,0.400000,0,0,0.000000,0,0.000000,0.000000,0.000000,0,0
85,85,0.800000,0.500000,0,0,0.000000,0,0.000000,0.000000,0.000000,0,0
85,86,0.800000,0.600000,0,0,0.000000,0,0.000000,0.000000,0.000000,0,0
85,87,0.800000,0.700000,0,0,0.000000,0,0.000000,0.000000,0.000000,0,0
85,88,0.800000,0.800000,0,0,0.000000,0,0.000000,0.000000,0.000000,0,0
85,89,0.800000,0.900000,0,0,0.000000,0,0.000000,0.000000,0.000000,0,0
85,90,0.900000,0.000000,0,0,0.000000,0,0.000000,0.000000,0.000000,0,0
85,91,0.900000,0.100000,0,0,0.000000,0,0.000000,0.000000,0.000000,0,0
85,92,0.900000,0.200000,0,0,0.000000,0,0.000000,0.000000,0.000000,0,0
85,93,0.900000,0.300000,0,0,0.000000,0,0.000000,0.000000,0.000000,0,0
85,94,0.900000,0.400000,0,0,0.000000,0,0.000000,0.000000,0.000000,0,0
85,95,0.900000,0.500000,0,0,0.000000,0,0.000000,0.000000,0.000000,0,0
85,96,0.900000,0.600000,0,0,0.000000,0,0.000000,0.000000,0.000000,0,0
85,97,0.900000,0.700000,0,0,0.000000,0,0.000000,0.000000,0.000000,0,0
85,98,0.900000,0.800000,0,0,0.000000,0,0.000000,0.000000,0.000000,0,0
85,99,0.900000,0.900000,0,53,0.000000,53,53.844483,5.384448,2899.228329,100,1
86,0,0.000000,0.000000,0,74,0.000000,74,74.414012,7.441401,5537.445255,100,1
86,1,0.000000,0.100000,0,0,0.000000,0,0.000000,0.000000,0.000000,0,0
86,2,0.000000,0.200000,0,0,0.000000,0,0.000000,0.000000,0.000000,0,0
86,3,0.000000,0.300000,0,0,0.000000,0,0.000000,0.000000,0.000000,0,0
86,4,0.000000,0.400000,0,0,0.000000,0,0.000000,0.000000,0.000000,0,0
86,5,0.000000,0.500000,0,0,0.000000,0,0.000000,0.000000,0.000000,0,0
86,6,0.000000,0.600000,0,0,0.000000,0,0.000000,0.000000,0.000000,0,0
86,7,0.000000,0.700000,0,0,0.000000,0,0.000000,0.000000,0.000000,0,0
86,8,0.000000,0.800000,0,0,0.000000,0,0.000000,0.000000,0.000000,0,0
86,9,0.000000,0.900000,0,74,0.000000,74,74.412038,7.441204,5537.151419,100,1
86,10,0.100000,0.000000,0,0,0.000000,0,0.000000,0.000000,0.000000,0,0
86,11,0.100000,0.100000,0,0,0.000000,0,0.000000,0.000000,0.000000,0,0
86,12,0.100000,0.200000,0,0,0.000000,0,0.000000,0.000000,0.000000,0,0
86,13,0.100000,0.300000,0,0,0.000000,0,0.000000,0.000000,0.000000,0,0
86,14,0.100000,0.400000,0,0,0.000000,0,0.000000,0.000000,0.000000,0,0
86,15,0.100000,0.500000,0,0,0.000000,0,0.000000,0.000000,0.000000,0,0
86,16,0.100000,0.600000,0,0,0.000000,0,0.000000,0.000000,0.000000,0,0
86,17,0.100000,0.700000,0,0,0.000000,0,0.000000,0.000000,0.000000,0,0
86,18,0.100000,0.800000,0,0,0.000000,0,0.000000,0.000000,0.000000,0,0
86,19,0.100000,0.900000,0,0,0.000000,0,0.000000,0.000000,0.000000,0,0
86,20,0.200000,0.000000,0,0,0.000000,0,0.000000,0.000000,0.000000,0,0
86,21,0.200000,0.100000,0,0,0.000000,0,0.000000,0.000000,0.000000,0,0
86,22,0.200000,0.200000,0,0,0.000000,0,0.000000,0.000000,0.000000,0,0
86,23,0.200000,0.300000,0,0,0.000000,0,0.000000,0.000000,0.000000,0,0
86,24,0.200000,0.400000,0,0,0.000000,0,0.000000,0.000000,0.000000,0,0
86,25,0.200000,0.500000,0,0,0.000000,0,0.000000,0.000000,0.000000,0,0
86,26,0.200000,0.600000,0,0,0.000000,0,0.000000,0.000000,0.000000,0,0
86,27,0.200000,0.700000,0,0,0.000000,0,0.000000,0.000000,0.000000,0,0
86,28,0.200000,0.800000,0,0,0.000000,0,0.000000,0.000000,0.000000,0,0
86,29,0.200000,0.900000,0,0,0.000000,0,0.000000,0.000000,0.000000,0,0
86,30,0.300000,0.000000,0,0,0.000000,0,0.000000,0.000000,0.000000,0,0
86,31,0.300000,0.100000,0,0,0.000000,0,0.000000,0.000000,0.000000,0,0
86,32,0.300000,0.200000,0,0,0.000000,0,0.000000,0.000000,0.000000,0,0
86,33,0.300000,0.300000,0,0,0.000000,0,0.000000,0.000000,0.000000,0,0
86,34,0.300000,0.400000,0,0,0.000000,0,0.000000,0.000000,0.000000,0,0
86,35,0.300000,0.500000,0,0,0.000000,0,0.000000,0.000000,0.000000,0,0
86,36,0.300000,0.600000,0,0,0.000000,0,0.000000,0.000000,0.000000,0,0
86,37,0.300000,0.700000,0,0,0.000000,0,0.000000,0.000000,0.000000,0,0
86,38,0.300000,0.800000,0,0,0.000000,0,0.000000,0.000000,0.000000,0,0
86,39,0.300000,0.900000,0,0,0.000000,0,0.000000,0.000000,0.000000,0,0
86,40,0.400000,0.000000,0,0,0.000000,0,0.000000,0.000000,0.000000,100,45
86,41,0.400000,0.100000,0,0,0.000000,0,0.000000,0.000000,0.000000,0,0
86,42,0.400000,0.200000,0,0,0.000000,0,0.000000,0.000000,0.000000,0,0
86,43,0.400000,0.300000,0,0,0.000000,0,0.000000,0.000000,0.000000,0,0
86,44,0.400000,0.400000,0,0,0.000000,0,0.000000,0.000000,0.000000,0,0
86,45,0.400000,0.500000,0,0,0.000000,0,0.000000,0.000000,0.000000,0,0
86,46,0.400000,0.600000,0,0,0.000000,0,0.000000,0.000000,0.000000,0,0
86,47,0.400000,0.700000,0,0,0.000000,0,0.000000,0.000000,0.000000,0,0
86,48,0.400000,0.800000,0,0,0.000000,0,0.000000,0.000000,0.000000,0,0
86,49,0.400000,0.900000,0,0,0.000000,0,0.000000,0.000000,0.000000,100,71
86,50,0.500000,0.000000,0,0,0.000000,0,0.000000,0.000000,0.000000,0,0
86,51,0.500000,0.100000,0,0,0.000000,0,0.000000,0.000000,0.000000,0,0
86,52,0.500000,0.200000,0,0,0.000000,0,0.000000,0.000000,0.000000,0,0
86,53,0.500000,0.300000,0,0,0.000000,0,0.000000,0.000000,0.000000,0,0
86,54,0.500000,0.400000,0,0,0.000000,0,0.000000,0.000000,0.000000,0,0
86,55,0.500000,0.500000,0,0,0.000000,0,0.000000,0.000000,0.000000,0,0
86,56,0.500000,0.600000,0,0,0.000000,0,0.000000,0.000000,0.000000,0,0
86,57,0.500000,0.700000,0,0,0.000000,0,0.000000,0.000000,0.000000,0,0
86,58,0.500000,0.800000,0,0,0.000000,0,0.000000,0.000000,0.000000,0,0
86,59,0.500000,0.900000,0,0,0.000000,0,0.000000,0.000000,0.000000,0,0
86,60,0.600000,0.000000,0,0,0.000000,0,0.000000,0.000000,0.000000,0,0
86,61,0.600000,0.100000,0,0,0.000000,0,0.000000,0.000000,0.000000,0,0
86,62,0.600000,0.200000,0,0,0.000000,0,0.000000,0.000000,0.000000,0,0
86,63,0.600000,0.300000,0,0,0.000000,0,0.000000,0.000000,0.000000,0,0
86,64,0.600000,0.400000,0,0,0.000000,0,0.000000,0.000000,0.000000,0,0
86,65,0.600000,0.500000,0,0,0.000000,0,0.000000,0.000000,0.000000,0,0
86,66,0.600000,0.600000,0,0,0.000000,0,0.000000,0.000000,0.000000,0,0
86,67,0.600000,0.700000,0,0,0.000000,0,0.000000,0.000000,0.000000,0,0
86,68,0.600000,0.800000,0,0,0.000000,0,0.000000,0.000000,0.000000,0,0
86,69,0.600000,0.900000,0,0,0.000000,0,0.000000,0.000000,0.000000,0,0
86,70,0.700000,0.000000,0,0,0.000000,0,0.000000,0.000000,0.000000,0,0
86,71,0.700000,0.100000,0,0,0.000000,0,0.000000,0.000000,0.000000,0,0
86,72,0.700000,0.200000,0,0,0.000000,0,0.000000,0.000000,0.000000,0,0
86,73,0.700000,0.300000,0,0,0.000000,0,0.000000,0.000000,0.000000,0,0
86,74,0.700000,0.400000,0,0,0.000000,0,0.000000,0.000000,0.000000,0,0
86,75,0.700000,0.500000,0,0,0.000000,0,0.000000,0.000000,0.000000,0,0
86,76,0.700000,0.600000,0,0,0.000000,0,0.000000,0.000000,0.000000,0,0
86,77,0.700000,0.700000,0,0,0.000000,0,0.000000,0.000000,0.000000,0,0
86,78,0.700000,0.800000,0,0,0.000000,0,0.000000,0.000000,0.000000,0,0
86,79,0.700000,0.900000,0,0,0.000000,0,0.000000,0.000000,0.000000,0,0
86,80,0.800000,0.000000,0,0,0.000000,0,0.000000,0.000000,0.000000,0,0
86,81,0.800000,0.100000,0,0,0.000000,0,0.000000,0.000000,0.000000,0,0
86,82,0.800000,0.200000,0,0,0.000000,0,0.000000,0.000000,0.000000,0,0
86,83,0.800000,0.300000,0,0,0.000000,0,0.000000,0.000000,0.000000,0,0
86,84,0.800000,0.400000,0,0,0.000000,0,0.000000,0.000000,0.000000,0,0
86,85,0.800000,0.500000,0,0,0.000000,0,0.000000,0.000000,0.000000,0,0
86,86,0.800000,0.600000,0,0,0.000000,0,0.000000,0.000000,0.000000,0,0
86,87,0.800000,0.700000,0,0,0.000000,0,0.000000,0.000000,0.000000,0,0
86,88,0.800000,0.800000,0,0,0.000000,0,0.000000,0.000000,0.000000,0,0
86,89,0.800000,0.900000,0,0,0.000000,0,0.000000,0.000000,0.000000,0,0
86,90,0.900000,0.000000,0,0,0.000000,0,0.000000,0.000000,0.000000,0,0
86,91,0.900000,0.100000,0,0,0.000000,0,0.000000,0.000000,0.000000,0,0
86,92,0.900000,0.200000,0,0,0.000000,0,0.000000,0.000000,0.000000,0,0
86,93,0.900000,0.300000,0,0,0.000000,0,0.000000,0.000000,0.000000,0,0
86,94,0.900000,0.400000,0,0,0.000000,0,0.000000,0.000000,0.000000,0,0
86,95,0.900000,0.500000,0,0,0.000000,0,0.000000,0.000000,0.000000,0,0
86,96,0.900000,0.600000,0,0,0.000000,0,0.000000,0.000000,0.000000,0,0
86,97,0.900000,0.700000,0,0,0.000000,0,0.000000,0.000000,0.000000,0,0
86,98,0.900000,0.800000,0,0,0.000000,0,0.000000,0.000000,0.000000,0,0
86,99,0.900000,0.900000,0,53,0.000000,53,53.844483,5.384448,2899.228329,100,1
87,0,0.000000,0.000000,0,74,0.000000,74,74.414012,7.441401,5537.445255,100,1
87,1,0.000000,0.100000,0,0,0.000000,0,0.000000,0.000000,0.000000,0,0
87,2,0.000000,0.200000,0,0,0.000000,0,0.000000,0.000000,0.000000,0,0
87,3,0.000000,0.300000,0,0,0.000000,0,0.000000,0.000000,0.000000,0,0
87,4,0.000000,0.400000,0,0,0.000000,0,0.000000,0.000000,0.000000,0,0
87,5,0.000000,0.500000,0,0,0.000000,0,0.000000,0.000000,0.000000,0,0
87,6,0.000000,0.600000,0,0,0.000000,0,0.000000,0.000000,0.000000,0,0
87,7,0.000000,0.700000,0,0,0.000000,0,0.000000,0.000000,0.000000,0,0
87,8,0.000000,0.800000,0,0,0.000000,0,0.000000,0.000000,0.000000,0,0
87,9,0.000000,0.900000,0,74,0.000000,74,74.412038,7.441204,5537.151419,100,1
87,10,0.100000,0.000000,0,0,0.000000,0,0.000000,0.000000,0.000000,0,0
87,11,0.100000,0.100000,0,0,0.000000,0,0.000000,0.000000,0.000000,0,0
87,12,0.100000,0.200000,0,0,0.000000,0,0.000000,0.000000,0.000000,0,0
87,13,0.100000,0.300000,0,0,0.000000,0,0.000000,0.000000,0.000000,0,0
87,14,0.100000,0.400000,0,0,0.000000,0,0.000000,0.000000,0.000000,0,0
87,15,0.100000,0.500000,0,0,0.000000,0,0.000000,0.000000,0.000000,0,0
87,16,0.100000,0.600000,0,0,0.000000,0,0.000000,0.000000,0.000000,0,0
87,17,0.100000,0.700000,0,0,0.000000,0,0.000000,0.000000,0.000000,0,0
87,18,0.100000,0.800000,0,0,0.000000,0,0.000000,0.000000,0.000000,0,0
87,19,0.100000,0.900000,0,0,0.000000,0,0.000000,0.000000,0.000000,0,0
87,20,0.200000,0.000000,0,0,0.000000,0,0.000000,0.000000,0.000000,0,0
87,21,0.200000,0.100000,0,0,0.000000,0,0.000000,0.000000,0.000000,0,0
87,22,0.200000,0.200000,0,0,0.000000,0,0.000000,0.000000,0.000000,0,0
87,23,0.200000,0.300000,0,0,0.000000,0,0.000000,0.000000,0.000000,0,0
87,24,0.200000,0.400000,0,0,0.000000,0,0.000000,0.000000,0.000000,0,0
87,25,0.200000,0.500000,0,0,0.000000,0,0.000000,0.000000,0.000000,0,0
87,26,0.200000,0.600000,0,0,0.000000,0,0.000000,0.000000,0.000000,0,0
87,27,0.200000,0.700000,0,0,0.000000,0,0.000000,0.000000,0.000000,0,0
87,28,0.200000,0.800000,0,0,0.000000,0,0.000000,0.000000,0.000000,0,0
87,29,0.200000,0.900000,0,0,0.000000,0,0.000000,0.000000,0.000000,0,0
87,30,0.300000,0.000000,0,0,0.000000,0,0.000000,0.000000,0.000000,0,0
87,31,0.300000,0.100000,0,0,0.000000,0,0.000000,0.000000,0.000000,0,0
87,32,0.300000,0.200000,0,0,0.000000,0,0.000000,0.000000,0.000000,0,0
87,33,0.300000,0.300000,0,0,0.000000,0,0.000000,0.000000,0.000000,0,0
87,34,0.300000,0.400000,0,0,0.000000,0,0.000000,0.000000,0.000000,0,0
87,35,0.300000,0.500000,0,0,0.000000,0,0.000000,0.000000,0.000000,0,0
87,36,0.300000,0.600000,0,0,0.000000,0,0.000000,0.000000,0.000000,0,0
87,37,0.300000,0.700000,0,0,0.000000,0,0.000000,0.000000,0.000000,0,0
87,38,0.300000,0.800000,0,0,0.000000,0,0.000000,0.000000,0.000000,0,0
87,39,0.300000,0.900000,0,0,0.000000,0,0.000000,0.000000,0.000000,0,0
87,40,0.400000,0.000000,0,0,0.000000,0,0.000000,0.000000,0.000000,100,45
87,41,0.400000,0.100000,0,0,0.000000,0,0.000000,0.000000,0.000000,0,0
87,42,0.400000,0.200000,0,0,0.000000,0,0.000000,0.000000,0.000000,0,0
87,43,0.400000,0.300000,0,0,0.000000,0,0.000000,0.000000,0.000000,0,0
87,44,0.400000,0.400000,0,0,0.000000,0,0.000000,0.000000,0.000000,0,0
87,45,0.400000,0.500000,0,0,0.000000,0,0.000000,0.000000,0.000000,0,0
87,46,0.400000,0.600000,0,0,0.000000,0,0.000000,0.000000,0.000000,0,0
87,47,0.400000,0.700000,0,0,0.000000,0,0.000000,0.000000,0.000000,0,0
87,48,0.400000,0.800000,0,0,0.000000,0,0.000000,0.000000,0.000000,0,0
87,49,0.400000,0.900000,0,0,0.000000,0,0.000000,0.000000,0.000000,100,71
87,50,0.500000,0.000000,0,0,0.000000,0,0.000000,0.000000,0.000000,0,0
87,51,0.500000,0.100000,0,0,0.000000,0,0.000000,0.000000,0.000000,0,0
87,52,0.500000,0.200000,0,0,0.000000,0,0.000000,0.000000,0.000000,0,0
87,53,0.500000,0.300000,0,0,0.000000,0,0.000000,0.000000,0.000000,0,0
87,54,0.500000,0.400000,0,0,0.000000,0,0.000000,0.000000,0.000000,0,0
87,55,0.500000,0.500000,0,0,0.000000,0,0.000000,0.000000,0.000000,0,0
87,56,0.500000,0.600000,0,0,0.000000,0,0.000000,0.000000,0.000000,0,0
87,57,0.500000,0.700000,0,0,0.000000,0,0.000000,0.000000,0.000000,0,0
87,58,0.500000,0.800000,0,0,0.000000,0,0.000000,0.000000,0.000000,0,0
87,59,0.500000,0.900000,0,0,0.000000,0,0.000000,0.000000,0.000000,0,0
87,60,0.600000,0.000000,0,0,0.000000,0,0.000000,0.000000,0.000000,0,0
87,61,0.600000,0.100000,0,0,0.000000,0,0.000000,0.000000,0.000000,0,0
87,62,0.600000,0.200000,0,0,0.000000,0,0.000000,0.000000,0.000000,0,0
87,63,0.600000,0.300000,0,0,0.000000,0,0.000000,0.000000,0.000000,0,0
87,64,0.600000,0.400000,0,0,0.000000,0,0.000000,0.000000,0.000000,0,0
87,65,0.600000,0.500000,0,0,0.000000,0,0.000000,0.000000,0.000000,0,0
87,66,0.600000,0.600000,0,0,0.000000,0,0.000000,0.000000,0.000000,0,0
87,67,0.600000,0.700000,0,0,0.000000,0,0.000000,0.000000,0.000000,0,0
87,68,0.600000,0.800000,0,0,0.000000,0,0.000000,0.000000,0.000000,0,0
87,69,0.600000,0.900000,0,0,0.000000,0,0.000000,0.000000,0.000000,0,0
87,70,0.700000,0.000000,0,0,0.000000,0,0.000000,0.000000,0.000000,0,0
87,71,0.700000,0.100000,0,0,0.000000,0,0.000000,0.000000,0.000000,0,0
87,72,0.700000,0.200000,0,0,0.000000,0,0.000000,0.000000,0.000000,0,0
87,73,0.700000,0.300000,0,0,0.000000,0,0.000000,0.000000,0.000000,0,0
87,74,0.700000,0.400000,0,0,0.000000,0,0.000000,0.000000,0.000000,0,0
87,75,0.700000,0.500000,0,0,0.000000,0,0.000000,0.000000,0.000000,0,0
87,76,0.700000,0.600000,0,0,0.000000,0,0.000000,0.000000,0.000000,0,0
87,77,0.700000,0.700000,0,0,0.000000,0,0.000000,0.000000,0.000000,0,0
87,78,0.700000,0.800000,0,0,0.000000,0,0.000000,0.000000,0.000000,0,0
87,79,0.700000,0.900000,0,0,0.000000,0,0.000000,0.000000,0.000000,0,0
87,80,0.800000,0.000000,0,0,0.000000,0,0.000000,0.000000,0.000000,0,0
87,81,0.800000,0.100000,0,0,0.000000,0,0.000000,0.000000,0.000000,0,0
87,82,0.800000,0.200000,0,0,0.000000,0,0.000000,0.000000,0.000000,0,0
87,83,0.800000,0.300000,0,0,0.000000,0,0.000000,0.000000,0.000000,0,0
87,84,0.800000,0.400000,0,0,0.000000,0,0.000000,0.000000,0.000000,0,0
87,85,0.800000,0.500000,0,0,0.000000,0,0.000000,0.000000,0.000000,0,0
87,86,0.800000,0.600000,0,0,0.000000,0,0.000000,0.000000,0.000000,0,0
87,87,0.800000,0.700000,0,0,0.000000,0,0.000000,0.000000,0.000000,0,0
87,88,0.800000,0.800000,0,0,0.000000,0,0.000000,0.000000,0.000000,0,0
87,89,0.800000,0.900000,0,0,0.000000,0,0.000000,0.000000,0.000000,0,0
87,90,0.900000,0.000000,0,0,0.000000,0,0.000000,0.000000,0.000000,0,0
87,91,0.900000,0.100000,0,0,0.000000,0,0.000000,0.000000,0.000000,0,0
87,92,0.900000,0.200000,0,0,0.000000,0,0.000000,0.000000,0.000000,0,0
87,93,0.900000,0.300000,0,0,0.000000,0,0.000000,0.000000,0.000000,0,0
87,94,0.900000,0.400000,0,0,0.000000,0,0.000000,0.000000,0.000000,0,0
87,95,0.900000,0.500000,0,0,0.000000,0,0.000000,0.000000,0.000000,0,0
87,96,0.900000,0.600000,0,0,0.000000,0,0.000000,0.000000,0.000000,0,0
87,97,0.900000,0.700000,0,0,0.000000,0,0.000000,0.000000,0.000000,0,0
87,98,0.900000,0.800000,0,0,0.000000,0,0.000000,0.000000,0.000000,0,0
87,99,0.900000,0.900000,0,53,0.000000,53,53.844483,5.384448,2899.228329,100,1
88,0,0.000000,0.000000,0,74,0.000000,74,74.414012,7.441401,5537.445255,100,1
88,1,0.000000,0.100000,0,0,0.000000,0,0.000000,0.000000,0.000000,0,0
88,2,0.000000,0.200000,0,0,0.000000,0,0.000000,0.000000,0.000000,0,0
88,3,0.000000,0.300000,0,0,0.000000,0,0.000000,0.000000,0.000000,0,0
88,4,0.000000,0.400000,0,0,0.000000,0,0.000000,0.000000,0.000000,0,0
88,5,0.000000,0.500000,0,0,0.000000,0,0.000000,0.000000,0.000000,0,0
88,6,0.000000,0.600000,0,0,0.000000,0,0.000000,0.000000,0.000000,0,0
88,7,0.000000,0.700000,0,0,0.000000,0,0.000000,0.000000,0.000000,0,0
88,8,0.000000,0.800000,0,0,0.000000,0,0.000000,0.000000,0.000000,0,0
88,9,0.000000,0.900000,0,74,0.000000,74,74.412038,7.441204,5537.151419,100,1
88,10,0.100000,0.000000,0,0,0.000000,0,0.000000,0.000000,0.000000,0,0
88,11,0.100000,0.100000,0,0,0.000000,0,0.000000,0.000000,0.000000,0,0
88,12,0.100000,0.200000,0,0,0.000000,0,0.000000,0.000000,0.000000,0,0
88,13,0.100000,0.300000,0,0,0.000000,0,0.000000,0.000000,0.000000,0,0
88,14,0.100000,0.400000,0,0,0.000000,0,0.000000,0.000000,0.000000,0,0
88,15,0.100000,0.500000,0,0,0.000000,0,0.000000,0.000000,0.000000,0,0
88,16,0.100000,0.600000,0,0,0.000000,0,0.000000,0.000000,0.000000,0,0
88,17,0.100000,0.700000,0,0,0.000000,0,0.000000,0.000000,0.000000,0,0
88,18,0.100000,0.800000,0,0,0.000000,0,0.000000,0.000000,0.000000,0,0
88,19,0.100000,0.900000,0,0,0.000000,0,0.000000,0.000000,0.000000,0,0
88,20,0.200000,0.000000,0,0,0.000000,0,0.000000,0.000000,0.000000,0,0
88,21,0.200000,0.100000,0,0,0.000000,0,0.000000,0.000000,0.000000,0,0
88,22,0.200000,0.200000,0,0,0.000000,0,0.000000,0.000000,0.000000,0,0
88,23,0.200000,0.300000,0,0,0.000000,0,0.000000,0.000000,0.000000,0,0
88,24,0.200000,0.400000,0,0,0.000000,0,0.000000,0.000000,0.000000,0,0
88,25,0.200000,0.500000,0,0,0.000000,0,0.000000,0.000000,0.000000,0,0
88,26,0.200000,0.600000,0,0,0.000000,0,0.000000,0.000000,0.000000,0,0
88,27,0.200000,0.700000,0,0,0.000000,0,0.000000,0.000000,0.000000,0,0
88,28,0.200000,0.800000,0,0,0.000000,0,0.000000,0.000000,0.000000,0,0
88,29,0.200000,0.900000,0,0,0.000000,0,0.000000,0.000000,0.000000,0,0
88,30,0.300000,0.000000,0,0,0.000000,0,0.000000,0.000000,0.000000,0,0
88,31,0.300000,0.100000,0,0,0.000000,0,0.000000,0.000000,0.000000,0,0
88,32,0.300000,0.200000,0,0,0.000000,0,0.000000,0.000000,0.000000,0,0
88,33,0.300000,0.300000,0,0,0.000000,0,0.000000,0.000000,0.000000,0,0
88,34,0.300000,0.400000,0,0,0.000000,0,0.000000,0.000000,0.000000,0,0
88,35,0.300000,0.500000,0,0,0.000000,0,0.000000,0.000000,0.000000,0,0
88,36,0.300000,0.600000,0,0,0.000000,0,0.000000,0.000000,0.000000,0,0
88,37,0.300000,0.700000,0,0,0.000000,0,0.000000,0.000000,0.000000,0,0
88,38,0.300000,0.800000,0,0,0.000000,0,0.000000,0.000000,0.000000,0,0
88,39,0.300000,0.900000,0,0,0.000000,0,0.000000,0.000000,0.000000,0,0
88,40,0.400000,0.000000,0,0,0.000000,0,0.000000,0.000000,0.000000,100,45
88,41,0.400000,0.100000,0,0,0.000000,0,0.000000,0.000000,0.000000,0,0
88,42,0.400000,0.200000,0,0,0.000000,0,0.000000,0.000000,0.000000,0,0
88,43,0.400000,0.300000,0,0,0.000000,0,0.000000,0.000000,0.000000,0,0
88,44,0.400000,0.400000,0,0,0.000000,0,0.000000,0.000000,0.000000,0,0
88,45,0.400000,0.500000,0,0,0.000000,0,0.000000,0.000000,0.000000,0,0
88,46,0.400000,0.600000,0,0,0.000000,0,0.000000,0.000000,0.000000,0,0
88,47,0.400000,0.700000,0,0,0.000000,0,0.000000,0.000000,0.000000,0,0
88,48,0.400000,0.800000,0,0,0.000000,0,0.000000,0.000000,0.000000,0,0
88,49,0.400000,0.900000,0,0,0.000000,0,0.000000,0.000000,0.000000,100,71
88,50,0.500000,0.000000,0,0,0.000000,0,0.000000,0.000000,0.000000,0,0
88,51,0.500000,0.100000,0,0,0.000000,0,0.000000,0.000000,0.000000,0,0
88,52,0.500000,0.200000,0,0,0.000000,0,0.000000,0.000000,0.000000,0,0
88,53,0.500000,0.300000,0,0,0.000000,0,0.000000,0.000000,0.000000,0,0
88,54,0.500000,0.400000,0,0,0.000000,0,0.000000,0.000000,0.000000,0,0
88,55,0.500000,0.500000,0,0,0.000000,0,0.000000,0.000000,0.000000,0,0
88,56,0.500000,0.600000,0,0,0.000000,0,0.000000,0.000000,0.000000,0,0
88,57,0.500000,0.700000,0,0,0.000000,0,0.000000,0.000000,0.000000,0,0
88,58,0.500000,0.800000,0,0,0.000000,0,0.000000,0.000000,0.000000,0,0
88,59,0.500000,0.900000,0,0,0.000000,0,0.000000,0.000000,0.000000,0,0
88,60,0.600000,0.000000,0,0,0.000000,0,0.000000,0.000000,0.000000,0,0
88,61,0.600000,0.100000,0,0,0.000000,0,0.000000,0.000000,0.000000,0,0
88,62,0.600000,0.200000,0,0,0.000000,0,0.000000,0.000000,0.000000,0,0
88,63,0.600000,0.300000,0,0,0.000000,0,0.000000,0.000000,0.000000,0,0
88,64,0.600000,0.400000,0,0,0.000000,0,0.000000,0.000000,0.000000,0,0
88,65,0.600000,0.500000,0,0,0.000000,0,0.000000,0.000000,0.000000,0,0
88,66,0.600000,0.600000,0,0,0.000000,0,0.000000,0.000000,0.000000,0,0
88,67,0.600000,0.700000,0,0,0.000000,0,0.000000,0.000000,0.000000,0,0
88,68,0.600000,0.800000,0,0,0.000000,0,0.000000,0.000000,0.000000,0,0
88,69,0.600000,0.900000,0,0,0.000000,0,0.000000,0.000000,0.000000,0,0
88,70,0.700000,0.000000,0,0,0.000000,0,0.000000,0.000000,0.000000,0,0
88,71,0.700000,0.100000,0,0,0.000000,0,0.000000,0.000000,0.000000,0,0
88,72,0.700000,0.200000,0,0,0.000000,0,0.000000,0.000000,0.000000,0,0
88,73,0.700000,0.300000,0,0,0.000000,0,0.000000,0.000000,0.000000,0,0
88,74,0.700000,0.400000,0,0,0.000000,0,0.000000,0.000000,0.000000,0,0
88,75,0.700000,0.500000,0,0,0.000000,0,0.000000,0.000000,0.000000,0,0
88,76,0.700000,0.600000,0,0,0.000000,0,0.000000,0.000000,0.000000,0,0
88,77,0.700000,0.700000,0,0,0.000000,0,0.000000,0.000000,0.000000,0,0
88,78,0.700000,0.800000,0,0,0.000000,0,0.000000,0.000000,0.000000,0,0
88,79,0.700000,0.900000,0,0,0.000000,0,0.000000,0.000000,0.000000,0,0
88,80,0.800000,0.000000,0,0,0.000000,0,0.000000,0.000000,0.000000,0,0
88,81,0.800000,0.100000,0,0,0.000000,0,0.000000,0.000000,0.000000,0,0
88,82,0.800000,0.200000,0,0,0.000000,0,0.000000,0.000000,0.000000,0,0
88,83,0.800000,0.300000,0,0,0.000000,0,0.000000,0.000000,0.000000,0,0
88,84,0.800000,0.400000,0,0,0.000000,0,0.000000,0.000000,0.000000,0,0
88,85,0.800000,0.500000,0,0,0.000000,0,0.000000,0.000000,0.000000,0,0
88,86,0.800000,0.600000,0,0,0.000000,0,0.000000,0.000000,0.000000,0,0
88,87,0.800000,0.700000,0,0,0.000000,0,0.000000,0.000000,0.000000,0,0
88,88,0.800000,0.800000,0,0,0.000000,0,0.000000,0.000000,0.000000,0,0
88,89,0.800000,0.900000,0,0,0.000000,0,0.000000,0.000000,0.000000,0,0
88,90,0.900000,0.000000,0,0,0.000000,0,0.000000,0.000000,0.000000,0,0
88,91,0.900000,0.100000,0,0,0.000000,0,0.000000,0.000000,0.000000,0,0
88,92,0.900000,0.200000,0,0,0.000000,0,0.000000,0.000000,0.000000,0,0
88,93,0.900000,0.300000,0,0,0.000000,0,0.000000,0.000000,0.000000,0,0
88,94,0.900000,0.400000,0,0,0.000000,0,0.000000,0.000000,0.000000,0,0
88,95,0.900000,0.500000,0,0,0.000000,0,0.000000,0.000000,0.000000,0,0
88,96,0.900000,0.600000,0,0,0.000000,0,0.000000,0.000000,0.000000,0,0
88,97,0.900000,0.700000,0,0,0.000000,0,0.000000,0.000000,0.000000,0,0
88,98,0.900000,0.800000,0,0,0.000000,0,0.000000,0.000000,0.000000,0,0
88,99,0.900000,0.900000,0,53,0.000000,53,53.844483,5.384448,2899.228329,100,1
89,0,0.000000,0.000000,0,74,0.000000,74,74.414012,7.441401,5537.445255,100,1
89,1,0.000000,0.100000,0,0,0.000000,0,0.000000,0.000000,0.000000,0,0
89,2,0.000000,0.200000,0,0,0.000000,0,0.000000,0.000000,0.000000,0,0
89,3,0.000000,0.300000,0,0,0.000000,0,0.000000,0.000000,0.000000,0,0
89,4,0.000000,0.400000,0,0,0.000000,0,0.000000,0.000000,0.000000,0,0
89,5,0.000000,0.500000,0,0,0.000000,0,0.000000,0.000000,0.000000,0,0
89,6,0.000000,0.600000,0,0,0.000000,0,0.000000,0.000000,0.000000,0,0
89,7,0.000000,0.700000,0,0,0.000000,0,0.000000,0.000000,0.000000,0,0
89,8,0.000000,0.800000,0,0,0.000000,0,0.000000,0.000000,0.000000,0,0
89,9,0.000000,0.900000,0,74,0.000000,74,74.412038,7.441204,5537.151419,100,1
89,10,0.100000,0.000000,0,0,0.000000,0,0.000000,0.000000,0.000000,0,0
89,11,0.100000,0.100000,0,0,0.000000,0,0.000000,0.000000,0.000000,0,0
89,12,0.100000,0.200000,0,0,0.000000,0,0.000000,0.000000,0.000000,0,0
89,13,0.100000,0.300000,0,0,0.000000,0,0.000000,0.000000,0.000000,0,0
89,14,0.100000,0.400000,0,0,0.000000,0,0.000000,0.000000,0.000000,0,0
89,15,0.100000,0.500000,0,0,0.000000,0,0.000000,0.000000,0.000000,0,0
89,16,0.100000,0.600000,0,0,0.000000,0,0.000000,0.000000,0.000000,0,0
89,17,0.100000,0.700000,0,0,0.000000,0,0.000000,0.000000,0.000000,0,0
89,18,0.100000,0.800000,0,0,0.000000,0,0.000000,0.000000,0.000000,0,0
89,19,0.100000,0.900000,0,0,0.000000,0,0.000000,0.000000,0.000000,0,0
89,20,0.200000,0.000000,0,0,0.000000,0,0.000000,0.000000,0.000000,0,0
89,21,0.200000,0.100000,0,0,0.000000,0,0.000000,0.000000,0.000000,0,0
89,22,0.200000,0.200000,0,0,0.000000,0,0.000000,0.000000,0.000000,0,0
89,23,0.200000,0.300000,0,0,0.000000,0,0.000000,0.000000,0.000000,0,0
89,24,0.200000,0.400000,0,0,0.000000,0,0.000000,0.000000,0.000000,0,0
89,25,0.200000,0.500000,0,0,0.000000,0,0.000000,0.000000,0.000000,0,0
89,26,0.200000,0.600000,0,0,0.000000,0,0.000000,0.000000,0.000000,0,0
89,27,0.200000,0.700000,0,0,0.000000,0,0.000000,0.000000,0.000000,0,0
89,28,0.200000,0.800000,0,0,0.000000,0,0.000000,0.000000,0.000000,0,0
89,29,0.200000,0.900000,0,0,0.000000,0,0.000000,0.000000,0.000000,0,0
89,30,0.300000,0.000000,0,0,0.000000,0,0.000000,0.000000,0.000000,0,0
89,31,0.300000,0.100000,0,0,0.000000,0,0.000000,0.000000,0.000000,0,0
89,32,0.300000,0.200000,0,0,0.000000,0,0.000000,0.000000,0.000000,0,0
89,33,0.300000,0.300000,0,0,0.000000,0,0.000000,0.000000,0.000000,0,0
89,34,0.300000,0.400000,0,0,0.000000,0,0.000000,0.000000,0.000000,0,0
89,35,0.300000,0.500000,0,0,0.000000,0,0.000000,0.000000,0.000000,0,0
89,36,0.300000,0.600000,0,0,0.000000,0,0.000000,0.000000,0.000000,0,0
89,37,0.300000,0.700000,0,0,0.000000,0,0.000000,0.000000,0.000000,0,0
89,38,0.300000,0.800000,0,0,0.000000,0,0.000000,0.000000,0.000000,0,0
89,39,0.300000,0.900000,0,0,0.000000,0,0.000000,0.000000,0.000000,0,0
89,40,0.400000,0.000000,0,0,0.000000,0,0.000000,0.000000,0.000000,100,45
89,41,0.400000,0.100000,0,0,0.000000,0,0.000000,0.000000,0.000000,0,0
89,42,0.400000,0.200000,0,0,0.000000,0,0.000000,0.000000,0.000000,0,0
89,43,0.400000,0.300000,0,0,0.000000,0,0.000000,0.000000,0.000000,0,0
89,44,0.400000,0.400000,0,0,0.000000,0,0.000000,0.000000,0.000000,0,0
89,45,0.400000,0.500000,0,0,0.000000,0,0.000000,0.000000,0.000000,0,0
89,46,0.400000,0.600000,0,0,0.000000,0,0.000000,0.000000,0.000000,0,0
89,47,0.400000,0.700000,0,0,0.000000,0,0.000000,0.000000,0.000000,0,0
89,48,0.400000,0.800000,0,0,0.000000,0,0.000000,0.000000,0.000000,0,0
89,49,0.400000,0.900000,0,0,0.000000,0,0.000000,0.000000,0.000000,100,71
89,50,0.500000,0.000000,0,0,0.000000,0,0.000000,0.000000,0.000000,0,0
89,51,0.500000,0.100000,0,0,0.000000,0,0.000000,0.000000,0.000000,0,0
89,52,0.500000,0.200000,0,0,0.000000,0,0.000000,0.000000,0.000000,0,0
89,53,0.500000,0.300000,0,0,0.000000,0,0.000000,0.000000,0.000000,0,0
89,54,0.500000,0.400000,0,0,0.000000,0,0.000000,0.000000,0.000000,0,0
89,55,0.500000,0.500000,0,0,0.000000,0,0.000000,0.000000,0.000000,0,0
89,56,0.500000,0.600000,0,0,0.000000,0,0.000000,0.000000,0.000000,0,0
89,57,0.500000,0.700000,0,0,0.000000,0,0.000000,0.000000,0.000000,0,0
89,58,0.500000,0.800000,0,0,0.000000,0,0.000000,0.000000,0.000000,0,0
89,59,0.500000,0.900000,0,0,0.000000,0,0.000000,0.000000,0.000000,0,0
89,60,0.600000,0.000000,0,0,0.000000,0,0.000000,0.000000,0.000000,0,0
89,61,0.600000,0.100000,0,0,0.000000,0,0.000000,0.000000,0.000000,0,0
89,62,0.600000,0.200000,0,0,0.000000,0,0.000000,0.000000,0.000000,0,0
89,63,0.600000,0.300000,0,0,0.000000,0,0.000000,0.000000,0.000000,0,0
89,64,0.600000,0.400000,0,0,0.000000,0,0.000000,0.000000,0.000000,0,0
89,65,0.600000,0.500000,0,0,0.000000,0,0.000000,0.000000,0.000000,0,0
89,66,0.600000,0.600000,0,0,0.000000,0,0.000000,0.000000,0.000000,0,0
89,67,0.600000,0.700000,0,0,0.000000,0,0.000000,0.000000,0.000000,0,0
89,68,0.600000,0.800000,0,0,0.000000,0,0.000000,0.000000,0.000000,0,0
89,69,0.600000,0.900000,0,0,0.000000,0,0.000000,0.000000,0.000000,0,0
89,70,0.700000,0.000000,0,0,0.000000,0,0.000000,0.000000,0.000000,0,0
89,71,0.700000,0.100000,0,0,0.000000,0,0.000000,0.000000,0.000000,0,0
89,72,0.700000,0.200000,0,0,0.000000,0,0.000000,0.000000,0.000000,0,0
89,73,0.700000,0.300000,0,0,0.000000,0,0.000000,0.000000,0.000000,0,0
89,74,0.700000,0.400000,0,0,0.000000,0,0.000000,0.000000,0.000000,0,0
89,75,0.700000,0.500000,0,0,0.000000,0,0.000000,0.000000,0.000000,0,0
89,76,0.700000,0.600000,0,0,0.000000,0,0.000000,0.000000,0.000000,0,0
89,77,0.700000,0.700000,0,0,0.000000,0,0.000000,0.000000,0.000000,0,0
89,78,0.700000,0.800000,0,0,0.000000,0,0.000000,0.000000,0.000000,0,0
89,79,0.700000,0.900000,0,0,0.000000,0,0.000000,0.000000,0.000000,0,0
89,80,0.800000,0.000000,0,0,0.000000,0,0.000000,0.000000,0.000000,0,0
89,81,0.800000,0.100000,0,0,0.000000,0,0.000000,0.000000,0.000000,0,0
89,82,0.800000,0.200000,0,0,0.000000,0,0.000000,0.000000,0.000000,0,0
89,83,0.800000,0.300000,0,0,0.000000,0,0.000000,0.000000,0.000000,0,0
89,84,0.800000,0.400000,0,0,0.000000,0,0.000000,0.000000,0.000000,0,0
89,85,0.800000,0.500000,0,0,0.000000,0,0.000000,0.000000,0.000000,0,0
89,86,0.800000,0.600000,0,0,0.000000,0,0.000000,0.000000,0.000000,0,0
89,87,0.800000,0.700000,0,0,0.000000,0,0.000000,0.000000,0.000000,0,0
89,88,0.800000,0.800000,0,0,0.000000,0,0.000000,0.000000,0.000000,0,0
89,89,0.800000,0.900000,0,0,0.000000,0,0.000000,0.000000,0.000000,0,0
89,90,0.900000,0.000000,0,0,0.000000,0,0.000000,0.000000,0.000000,0,0
89,91,0.900000,0.100000,0,0,0.000000,0,0.000000,0.000000,0.000000,0,0
89,92,0.900000,0.200000,0,0,0.000000,0,0.000000,0.000000,0.000000,0,0
89,93,0.900000,0.300000,0,0,0.000000,0,0.000000,0.000000,0.000000,0,0
89,94,0.900000,0.400000,0,0,0.000000,0,0.000000,0.000000,0.000000,0,0
89,95,0.900000,0.500000,0,0,0.000000,0,0.000000,0.000000,0.000000,0,0
89,96,0.900000,0.600000,0,0,0.000000,0,0.000000,0.000000,0.000000,0,0
89,97,0.900000,0.700000,0,0,0.000000,0,0.000000,0.000000,0.000000,0,0
89,98,0.900000,0.800000,0,0,0.000000,0,0.000000,0.000000,0.000000,0,0
89,99,0.900000,0.900000,0,53,0.000000,53,53.844483,5.384448,2899.228329,100,1
90,0,0.000000,0.000000,0,74,0.000000,74,74.414012,7.441401,5537.445255,100,1
90,1,0.000000,0.100000,0,0,0.000000,0,0.000000,0.000000,0.000000,0,0
90,2,0.000000,0.200000,0,0,0.000000,0,0.000000,0.000000,0.000000,0,0
90,3,0.000000,0.300000,0,0,0.000000,0,0.000000,0.000000,0.000000,0,0
90,4,0.000000,0.400000,0,0,0.000000,0,0.000000,0.000000,0.000000,0,0
90,5,0.000000,0.500000,0,0,0.000000,0,0.000000,0.000000,0.000000,0,0
90,6,0.000000,0.600000,0,0,0.000000,0,0.000000,0.000000,0.000000,0,0
90,7,0.000000,0.700000,0,0,0.000000,0,0.000000,0.000000,0.000000,0,0
90,8,0.000000,0.800000,0,0,0.000000,0,0.000000,0.000000,0.000000,0,0
90,9,0.000000,0.900000,0,74,0.000000,74,74.412038,7.441204,5537.151419,100,1
90,10,0.100000,0.000000,0,0,0.000000,0,0.000000,0.000000,0.000000,0,0
90,11,0.100000,0.100000,0,0,0.000000,0,0.000000,0.000000,0.000000,0,0
90,12,0.100000,0.200000,0,0,0.000000,0,0.000000,0.000000,0.000000,0,0
90,13,0.100000,0.300000,0,0,0.000000,0,0.000000,0.000000,0.000000,0,0
90,14,0.100000,0.400000,0,0,0.000000,0,0.000000,0.000000,0.000000,0,0
90,15,0.100000,0.500000,0,0,0.000000,0,0.000000,0.000000,0.000000,0,0
90,16,0.100000,0.600000,0,0,0.000000,0,0.000000,0.000000,0.000000,0,0
90,17,0.100000,0.700000,0,0,0.000000,0,0.000000,0.000000,0.000000,0,0
90,18,0.100000,0.800000,0,0,0.000000,0,0.000000,0.000000,0.000000,0,0
90,19,0.100000,0.900000,0,0,0.000000,0,0.000000,0.000000,0.000000,0,0
90,20,0.200000,0.000000,0,0,0.000000,0,0.000000,0.000000,0.000000,0,0
90,21,0.200000,0.100000,0,0,0.000000,0,0.000000,0.000000,0.000000,0,0
90,22,0.200000,0.200000,0,0,0.000000,0,0.000000,0.000000,0.000000,0,0
90,23,0.200000,0.300000,0,0,0.000000,0,0.000000,0.000000,0.000000,0,0
90,24,0.200000,0.400000,0,0,0.000000,0,0.000000,0.000000,0.000000,0,0
90,25,0.200000,0.500000,0,0,0.000000,0,0.000000,0.000000,0.000000,0,0
90,26,0.200000,0.600000,0,0,0.000000,0,0.000000,0.000000,0.000000,0,0
90,27,0.200000,0.700000,0,0,0.000000,0,0.000000,0.000000,0.000000,0,0
90,28,0.200000,0.800000,0,0,0.000000,0,0.000000,0.000000,0.000000,0,0
90,29,0.200000,0.900000,0,0,0.000000,0,0.000000,0.000000,0.000000,0,0
90,30,0.300000,0.000000,0,0,0.000000,0,0.000000,0.000000,0.000000,0,0
90,31,0.300000,0.100000,0,0,0.000000,0,0.000000,0.000000,0.000000,0,0
90,32,0.300000,0.200000,0,0,0.000000,0,0.000000,0.000000,0.000000,0,0
90,33,0.300000,0.300000,0,0,0.000000,0,0.000000,0.000000,0.000000,0,0
90,34,0.300000,0.400000,0,0,0.000000,0,0.000000,0.000000,0.000000,0,0
90,35,0.300000,0.500000,0,0,0.000000,0,0.000000,0.000000,0.000000,0,0
90,36,0.300000,0.600000,0,0,0.000000,0,0.000000,0.000000,0.000000,0,0
90,37,0.300000,0.700000,0,0,0.000000,0,0.000000,0.000000,0.000000,0,0
90,38,0.300000,0.800000,0,0,0.000000,0,0.000000,0.000000,0.000000,0,0
90,39,0.300000,0.900000,0,0,0.000000,0,0.000000,0.000000,0.000000,0,0
90,40,0.400000,0.000000,0,0,0.000000,0,0.000000,0.000000,0.000000,100,45
90,41,0.400000,0.100000,0,0,0.000000,0,0.000000,0.000000,0.000000,0,0
90,42,0.400000,0.200000,0,0,0.000000,0,0.000000,0.000000,0.000000,0,0
90,43,0.400000,0.300000,0,0,0.000000,0,0.000000,0.000000,0.000000,0,0
90,44,0.400000,0.400000,0,0,0.000000,0,0.000000,0.000000,0.000000,0,0
90,45,0.400000,0.500000,0,0,0.000000,0,0.000000,0.000000,0.000000,0,0
90,46,0.400000,0.600000,0,0,0.000000,0,0.000000,0.000000,0.000000,0,0
90,47,0.400000,0.700000,0,0,0.000000,0,0.000000,0.000000,0.000000,0,0
90,48,0.400000,0.800000,0,0,0.000000,0,0.000000,0.000000,0.000000,0,0
90,49,0.400000,0.900000,0,0,0.000000,0,0.000000,0.000000,0.000000,100,71
90,50,0.500000,0.000000,0,0,0.000000,0,0.000000,0.000000,0.000000,0,0
90,51,0.500000,0.100000,0,0,0.000000,0,0.000000,0.000000,0.000000,0,0
90,52,0.500000,0.200000,0,0,0.000000,0,0.000000,0.000000,0.000000,0,0
90,53,0.500000,0.300000,0,0,0.000000,0,0.000000,0.000000,0.000000,0,0
90,54,0.500000,0.400000,0,0,0.000000,0,0.000000,0.000000,0.000000,0,0
90,55,0.500000,0.500000,0,0,0.000000,0,0.000000,0.000000,0.000000,0,0
90,56,0.500000,0.600000,0,0,0.000000,0,0.000000,0.000000,0.000000,0,0
90,57,0.500000,0.700000,0,0,0.000000,0,0.000000,0.000000,0.000000,0,0
90,58,0.500000,0.800000,0,0,0.000000,0,0.000000,0.000000,0.000000,0,0
90,59,0.500000,0.900000,0,0,0.000000,0,0.000000,0.000000,0.000000,0,0
90,60,0.600000,0.000000,0,0,0.000000,0,0.000000,0.000000,0.000000,0,0
90,61,0.600000,0.100000,0,0,0.000000,0,0.000000,0.000000,0.000000,0,0
90,62,0.600000,0.200000,0,0,0.000000,0,0.000000,0.000000,0.000000,0,0
90,63,0.600000,0.300000,0,0,0.000000,0,0.000000,0.000000,0.000000,0,0
90,64,0.600000,0.400000,0,0,0.000000,0,0.000000,0.000000,0.000000,0,0
90,65,0.600000,0.500000,0,0,0.000000,0,0.000000,0.000000,0.000000,0,0
90,66,0.600000,0.600000,0,0,0.000000,0,0.000000,0.000000,0.000000,0,0
90,67,0.600000,0.700000,0,0,0.000000,0,0.000000,0.000000,0.000000,0,0
90,68,0.600000,0.800000,0,0,0.000000,0,0.000000,0.000000,0.000000,0,0
90,69,0.600000,0.900000,0,0,0.000000,0,0.000000,0.000000,0.000000,0,0
90,70,0.700000,0.000000,0,0,0.000000,0,0.000000,0.000000,0.000000,0,0
90,71,0.700000,0.100000,0,0,0.000000,0,0.000000,0.000000,0.000000,0,0
90,72,0.700000,0.200000,0,0,0.000000,0,0.000000,0.000000,0.000000,0,0
90,73,0.700000,0.300000,0,0,0.000000,0,0.000000,0.000000,0.000000,0,0
90,74,0.700000,0.400000,0,0,0.000000,0,0.000000,0.000000,0.000000,0,0
90,75,0.700000,0.500000,0,0,0.000000,0,0.000000,0.000000,0.000000,0,0
90,76,0.700000,0.600000,0,0,0.000000,0,0.000000,0.000000,0.000000,0,0
90,77,0.700000,0.700000,0,0,0.000000,0,0.000000,0.000000,0.000000,0,0
90,78,0.700000,0.800000,0,0,0.000000,0,0.000000,0.000000,0.000000,0,0
90,79,0.700000,0.900000,0,0,0.000000,0,0.000000,0.000000,0.000000,0,0
90,80,0.800000,0.000000,0,0,0.000000,0,0.000000,0.000000,0.000000,0,0
90,81,0.800000,0.100000,0,0,0.000000,0,0.000000,0.000000,0.000000,0,0
90,82,0.800000,0.200000,0,0,0.000000,0,0.000000,0.000000,0.000000,0,0
90,83,0.800000,0.300000,0,0,0.000000,0,0.000000,0.000000,0.000000,0,0
90,84,0.800000,0.400000,0,0,0.000000,0,0.000000,0.000000,0.000000,0,0
90,85,0.800000,0.500000,0,0,0.000000,0,0.000000,0.000000,0.000000,0,0
90,86,0.800000,0.600000,0,0,0.000000,0,0.000000,0.000000,0.000000,0,0
90,87,0.800000,0.700000,0,0,0.000000,0,0.000000,0.000000,0.000000,0,0
90,88,0.800000,0.800000,0,0,0.000000,0,0.000000,0.000000,0.000000,0,0
90,89,0.800000,0.900000,0,0,0.000000,0,0.000000,0.000000,0.000000,0,0
90,90,0.900000,0.000000,0,0,0.000000,0,0.000000,0.000000,0.000000,0,0
90,91,0.900000,0.100000,0,0,0.000000,0,0.000000,0.000000,0.000000,0,0
90,92,0.900000,0.200000,0,0,0.000000,0,0.000000,0.000000,0.000000,0,0
90,93,0.900000,0.300000,0,0,0.000000,0,0.000000,0.000000,0.000000,0,0
90,94,0.900000,0.400000,0,0,0.000000,0,0.000000,0.000000,0.000000,0,0
90,95,0.900000,0.500000,0,0,0.000000,0,0.000000,0.000000,0.000000,0,0
90,96,0.900000,0.600000,0,0,0.000000,0,0.000000,0.000000,0.000000,0,0
90,97,0.900000,0.700000,0,0,0.000000,0,0.000000,0.000000,0.000000,0,0
90,98,0.900000,0.800000,0,0,0.000000,0,0.000000,0.000000,0.000000,0,0
90,99,0.900000,0.900000,0,53,0.000000,53,53.844483,5.384448,2899.228329,100,1
91,0,0.000000,0.000000,0,74,0.000000,74,74.414012,7.441401,5537.445255,100,1
91,1,0.000000,0.100000,0,0,0.000000,0,0.000000,0.000000,0.000000,0,0
91,2,0.000000,0.200000,0,0,0.000000,0,0.000000,0.000000,0.000000,0,0
91,3,0.000000,0.300000,0,0,0.000000,0,0.000000,0.000000,0.000000,0,0
91,4,0.000000,0.400000,0,0,0.000000,0,0.000000,0.000000,0.000000,0,0
91,5,0.000000,0.500000,0,0,0.000000,0,0.000000,0.000000,0.000000,0,0
91,6,0.000000,0.600000,0,0,0.000000,0,0.000000,0.000000,0.000000,0,0
91,7,0.000000,0.700000,0,0,0.000000,0,0.000000,0.000000,0.000000,0,0
91,8,0.000000,0.800000,0,0,0.000000,0,0.000000,0.000000,0.000000,0,0
91,9,0.000000,0.900000,0,74,0.000000,74,74.412038,7.441204,5537.151419,100,1
91,10,0.100000,0.000000,0,0,0.000000,0,0.000000,0.000000,0.000000,0,0
91,11,0.100000,0.100000,0,0,0.000000,0,0.000000,0.000000,0.000000,0,0
91,12,0.100000,0.200000,0,0,0.000000,0,0.000000,0.000000,0.000000,0,0
91,13,0.100000,0.300000,0,0,0.000000,0,0.000000,0.000000,0.000000,0,0
91,14,0.100000,0.400000,0,0,0.000000,0,0.000000,0.000000,0.000000,0,0
91,15,0.100000,0.500000,0,0,0.000000,0,0.000000,0.000000,0.000000,0,0
91,16,0.100000,0.600000,0,0,0.000000,0,0.000000,0.000000,0.000000,0,0
91,17,0.100000,0.700000,0,0,0.000000,0,0.000000,0.000000,0.000000,0,0
91,18,0.100000,0.800000,0,0,0.000000,0,0.000000,0.000000,0.000000,0,0
91,19,0.100000,0.900000,0,0,0.000000,0,0.000000,0.000000,0.000000,0,0
91,20,0.200000,0.000000,0,0,0.000000,0,0.000000,0.000000,0.000000,0,0
91,21,0.200000,0.100000,0,0,0.000000,0,0.000000,0.000000,0.000000,0,0
91,22,0.200000,0.200000,0,0,0.000000,0,0.000000,0.000000,0.000000,0,0
91,23,0.200000,0.300000,0,0,0.000000,0,0.000000,0.000000,0.000000,0,0
91,24,0.200000,0.400000,0,0,0.000000,0,0.000000,0.000000,0.000000,0,0
91,25,0.200000,0.500000,0,0,0.000000,0,0.000000,0.000000,0.000000,0,0
91,26,0.200000,0.600000,0,0,0.000000,0,0.000000,0.000000,0.000000,0,0
91,27,0.200000,0.700000,0,0,0.000000,0,0.000000,0.000000,0.000000,0,0
91,28,0.200000,0.800000,0,0,0.000000,0,0.000000,0.000000,0.000000,0,0
91,29,0.200000,0.900000,0,0,0.000000,0,0.000000,0.000000,0.000000,0,0
91,30,0.300000,0.000000,0,0,0.000000,0,0.000000,0.000000,0.000000,0,0
91,31,0.300000,0.100000,0,0,0.000000,0,0.000000,0.000000,0.000000,0,0
91,32,0.300000,0.200000,0,0,0.000000,0,0.000000,0.000000,0.000000,0,0
91,33,0.300000,0.300000,0,0,0.000000,0,0.000000,0.000000,0.000000,0,0
91,34,0.300000,0.400000,0,0,0.000000,0,0.000000,0.000000,0.000000,0,0
91,35,0.300000,0.500000,0,0,0.000000,0,0.000000,0.000000,0.000000,0,0
91,36,0.300000,0.600000,0,0,0.000000,0,0.000000,0.000000,0.000000,0,0
91,37,0.300000,0.700000,0,0,0.000000,0,0.000000,0.000000,0.000000,0,0
91,38,0.300000,0.800000,0,0,0.000000,0,0.000000,0.000000,0.000000,0,0
91,39,0.300000,0.900000,0,0,0.000000,0,0.000000,0.000000,0.000000,0,0
91,40,0.400000,0.000000,0,0,0.000000,0,0.000000,0.000000,0.000000,100,45
91,41,0.400000,0.100000,0,0,0.000000,0,0.000000,0.000000,0.000000,0,0
91,42,0.400000,0.200000,0,0,0.000000,0,0.000000,0.000000,0.000000,0,0
91,43,0.400000,0.300000,0,0,0.000000,0,0.000000,0.000000,0.000000,0,0
91,44,0.400000,0.400000,0,0,0.000000,0,0.000000,0.000000,0.000000,0,0
91,45,0.400000,0.500000,0,0,0.000000,0,0.000000,0.000000,0.000000,0,0
91,46,0.400000,0.600000,0,0,0.000000,0,0.000000,0.000000,0.000000,0,0
91,47,0.400000,0.700000,0,0,0.000000,0,0.000000,0.000000,0.000000,0,0
91,48,0.400000,0.800000,0,0,0.000000,0,0.000000,0.000000,0.000000,0,0
91,49,0.400000,0.900000,0,0,0.000000,0,0.000000,0.000000,0.000000,100,71
91,50,0.500000,0.000000,0,0,0.000000,0,0.000000,0.000000,0.000000,0,0
91,51,0.500000,0.100000,0,0,0.000000,0,0.000000,0.000000,0.000000,0,0
91,52,0.500000,0.200000,0,0,0.000000,0,0.000000,0.000000,0.000000,0,0
91,53,0.500000,0.300000,0,0,0.000000,0,0.000000,0.000000,0.000000,0,0
91,54,0.500000,0.400000,0,0,0.000000,0,0.000000,0.000000,0.000000,0,0
91,55,0.500000,0.500000,0,0,0.000000,0,0.000000,0.000000,0.000000,0,0
91,56,0.500000,0.600000,0,0,0.000000,0,0.000000,0.000000,0.000000,0,0
91,57,0.500000,0.700000,0,0,0.000000,0,0.000000,0.000000,0.000000,0,0
91,58,0.500000,0.800000,0,0,0.000000,0,0.000000,0.000000,0.000000,0,0
91,59,0.500000,0.900000,0,0,0.000000,0,0.000000,0.000000,0.000000,0,0
91,60,0.600000,0.000000,0,0,0.000000,0,0.000000,0.000000,0.000000,0,0
91,61,0.600000,0.100000,0,0,0.000000,0,0.000000,0.000000,0.000000,0,0
91,62,0.600000,0.200000,0,0,0.000000,0,0.000000,0.000000,0.000000,0,0
91,63,0.600000,0.300000,0,0,0.000000,0,0.000000,0.000000,0.000000,0,0
91,64,0.600000,0.400000,0,0,0.000000,0,0.000000,0.000000,0.000000,0,0
91,65,0.600000,0.500000,0,0,0.000000,0,0.000000,0.000000,0.000000,0,0
91,66,0.600000,0.600000,0,0,0.000000,0,0.000000,0.000000,0.000000,0,0
91,67,0.600000,0.700000,0,0,0.000000,0,0.000000,0.000000,0.000000,0,0
91,68,0.600000,0.800000,0,0,0.000000,0,0.000000,0.000000,0.000000,0,0
91,69,0.600000,0.900000,0,0,0.000000,0,0.000000,0.000000,0.000000,0,0
91,70,0.700000,0.000000,0,0,0.000000,0,0.000000,0.000000,0.000000,0,0
91,71,0.700000,0.100000,0,0,0.000000,0,0.000000,0.000000,0.000000,0,0
91,72,0.700000,0.200000,0,0,0.000000,0,0.000000,0.000000,0.000000,0,0
91,73,0.700000,0.300000,0,0,0.000000,0,0.000000,0.000000,0.000000,0,0
91,74,0.700000,0.400000,0,0,0.000000,0,0.000000,0.000000,0.000000,0,0
91,75,0.700000,0.500000,0,0,0.000000,0,0.000000,0.000000,0.000000,0,0
91,76,0.700000,0.600000,0,0,0.000000,0,0.000000,0.000000,0.000000,0,0
91,77,0.700000,0.700000,0,0,0.000000,0,0.000000,0.000000,0.000000,0,0
91,78,0.700000,0.800000,0,0,0.000000,0,0.000000,0.000000,0.000000,0,0
91,79,0.700000,0.900000,0,0,0.000000,0,0.000000,0.000000,0.000000,0,0
91,80,0.800000,0.000000,0,0,0.000000,0,0.000000,0.000000,0.000000,0,0
91,81,0.800000,0.100000,0,0,0.000000,0,0.000000,0.000000,0.000000,0,0
91,82,0.800000,0.200000,0,0,0.000000,0,0.000000,0.000000,0.000000,0,0
91,83,0.800000,0.300000,0,0,0.000000,0,0.000000,0.000000,0.000000,0,0
91,84,0.800000,0.400000,0,0,0.000000,0,0.000000,0.000000,0.000000,0,0
91,85,0.800000,0.500000,0,0,0.000000,0,0.000000,0.000000,0.000000,0,0
91,86,0.800000,0.600000,0,0,0.000000,0,0.000000,0.000000,0.000000,0,0
91,87,0.800000,0.700000,0,0,0.000000,0,0.000000,0.000000,0.000000,0,0
91,88,0.800000,0.800000,0,0,0.000000,0,0.000000,0.000000,0.000000,0,0
91,89,0.800000,0.900000,0,0,0.000000,0,0.000000,0.000000,0.000000,0,0
91,90,0.900000,0.000000,0,0,0.000000,0,0.000000,0.000000,0.000000,0,0
91,91,0.900000,0.100000,0,0,0.000000,0,0.000000,0.000000,0.000000,0,0
91,92,0.900000,0.200000,0,0,0.000000,0,0.000000,0.000000,0.000000,0,0
91,93,0.900000,0.300000,0,0,0.000000,0,0.000000,0.000000,0.000000,0,0
91,94,0.900000,0.400000,0,0,0.000000,0,0.000000,0.000000,0.000000,0,0
91,95,0.900000,0.500000,0,0,0.000000,0,0.000000,0.000000,0.000000,0,0
91,96,0.900000,0.600000,0,0,0.000000,0,0.000000,0.000000,0.000000,0,0
91,97,0.900000,0.700000,0,0,0.000000,0,0.000000,0.000000,0.000000,0,0
91,98,0.900000,0.800000,0,0,0.000000,0,0.000000,0.000000,0.000000,0,0
91,99,0.900000,0.900000,0,53,0.000000,53,53.844483,5.384448,2899.228329,100,1
92,0,0.000000,0.000000,0,74,0.000000,74,74.414012,7.441401,5537.445255,100,1
92,1,0.000000,0.100000,0,0,0.000000,0,0.000000,0.000000,0.000000,0,0
92,2,0.000000,0.200000,0,0,0.000000,0,0.000000,0.000000,0.000000,0,0
92,3,0.000000,0.300000,0,0,0.000000,0,0.000000,0.000000,0.000000,0,0
92,4,0.000000,0.400000,0,0,0.000000,0,0.000000,0.000000,0.000000,0,0
92,5,0.000000,0.500000,0,0,0.000000,0,0.000000,0.000000,0.000000,0,0
92,6,0.000000,0.600000,0,0,0.000000,0,0.000000,0.000000,0.000000,0,0
92,7,0.000000,0.700000,0,0,0.000000,0,0.000000,0.000000,0.000000,0,0
92,8,0.000000,0.800000,0,0,0.000000,0,0.000000,0.000000,0.000000,0,0
92,9,0.000000,0.900000,0,74,0.000000,74,74.412038,7.441204,5537.151419,100,1
92,10,0.100000,0.000000,0,0,0.000000,0,0.000000,0.000000,0.000000,0,0
92,11,0.100000,0.100000,0,0,0.000000,0,0.000000,0.000000,0.000000,0,0
92,12,0.100000,0.200000,0,0,0.000000,0,0.000000,0.000000,0.000000,0,0
92,13,0.100000,0.300000,0,0,0.000000,0,0.000000,0.000000,0.000000,0,0
92,14,0.100000,0.400000,0,0,0.000000,0,0.000000,0.000000,0.000000,0,0
92,15,0.100000,0.500000,0,0,0.000000,0,0.000000,0.000000,0.000000,0,0
92,16,0.100000,0.600000,0,0,0.000000,0,0.000000,0.000000,0.000000,0,0
92,17,0.100000,0.700000,0,0,0.000000,0,0.000000,0.000000,0.000000,0,0
92,18,0.100000,0.800000,0,0,0.000000,0,0.000000,0.000000,0.000000,0,0
92,19,0.100000,0.900000,0,0,0.000000,0,0.000000,0.000000,0.000000,0,0
92,20,0.200000,0.000000,0,0,0.000000,0,0.000000,0.000000,0.000000,0,0
92,21,0.200000,0.100000,0,0,0.000000,0,0.000000,0.000000,0.000000,0,0
92,22,0.200000,0.200000,0,0,0.000000,0,0.000000,0.000000,0.000000,0,0
92,23,0.200000,0.300000,0,0,0.000000,0,0.000000,0.000000,0.000000,0,0
92,24,0.200000,0.400000,0,0,0.000000,0,0.000000,0.000000,0.000000,0,0
92,25,0.200000,0.500000,0,0,0.000000,0,0.000000,0.000000,0.000000,0,0
92,26,0.200000,0.600000,0,0,0.000000,0,0.000000,0.000000,0.000000,0,0
92,27,0.200000,0.700000,0,0,0.000000,0,0.000000,0.000000,0.000000,0,0
92,28,0.200000,0.800000,0,0,0.000000,0,0.000000,0.000000,0.000000,0,0
92,29,0.200000,0.900000,0,0,0.000000,0,0.000000,0.000000,0.000000,0,0
92,30,0.300000,0.000000,0,0,0.000000,0,0.000000,0.000000,0.000000,0,0
92,31,0.300000,0.100000,0,0,0.000000,0,0.000000,0.000000,0.000000,0,0
92,32,0.300000,0.200000,0,0,0.000000,0,0.000000,0.000000,0.000000,0,0
92,33,0.300000,0.300000,0,0,0.000000,0,0.000000,0.000000,0.000000,0,0
92,34,0.300000,0.400000,0,0,0.000000,0,0.000000,0.000000,0.000000,0,0
92,35,0.300000,0.500000,0,0,0.000000,0,0.000000,0.000000,0.000000,0,0
92,36,0.300000,0.600000,0,0,0.000000,0,0.000000,0.000000,0.000000,0,0
92,37,0.300000,0.700000,0,0,0.000000,0,0.000000,0.000000,0.000000,0,0
92,38,0.300000,0.800000,0,0,0.000000,0,0.000000,0.000000,0.000000,0,0
92,39,0.300000,0.900000,0,0,0.000000,0,0.000000,0.000000,0.000000,0,0
92,40,0.400000,0.000000,0,0,0.000000,0,0.000000,0.000000,0.000000,100,45
92,41,0.400000,0.100000,0,0,0.000000,0,0.000000,0.000000,0.000000,0,0
92,42,0.400000,0.200000,0,0,0.000000,0,0.000000,0.000000,0.000000,0,0
92,43,0.400000,0.300000,0,0,0.000000,0,0.000000,0.000000,0.000000,0,0
92,44,0.400000,0.400000,0,0,0.000000,0,0.000000,0.000000,0.000000,0,0
92,45,0.400000,0.500000,0,0,0.000000,0,0.000000,0.000000,0.000000,0,0
92,46,0.400000,0.600000,0,0,0.000000,0,0.000000,0.000000,0.000000,0,0
92,47,0.400000,0.700000,0,0,0.000000,0,0.000000,0.000000,0.000000,0,0
92,48,0.400000,0.800000,0,0,0.000000,0,0.000000,0.000000,0.000000,0,0
92,49,0.400000,0.900000,0,0,0.000000,0,0.000000,0.000000,0.000000,100,71
92,50,0.500000,0.000000,0,0,0.000000,0,0.000000,0.000000,0.000000,0,0
92,51,0.500000,0.100000,0,0,0.000000,0,0.000000,0.000000,0.000000,0,0
92,52,0.500000,0.200000,0,0,0.000000,0,0.000000,0.000000,0.000000,0,0
92,53,0.500000,0.300000,0,0,0.000000,0,0.000000,0.000000,0.000000,0,0
92,54,0.500000,0.400000,0,0,0.000000,0,0.000000,0.000000,0.000000,0,0
92,55,0.500000,0.500000,0,0,0.000000,0,0.000000,0.000000,0.000000,0,0
92,56,0.500000,0.600000,0,0,0.000000,0,0.000000,0.000000,0.000000,0,0
92,57,0.500000,0.700000,0,0,0.000000,0,0.000000,0.000000,0.000000,0,0
92,58,0.500000,0.800000,0,0,0.000000,0,0.000000,0.000000,0.000000,0,0
92,59,0.500000,0.900000,0,0,0.000000,0,0.000000,0.000000,0.000000,0,0
92,60,0.600000,0.000000,0,0,0.000000,0,0.000000,0.000000,0.000000,0,0
92,61,0.600000,0.100000,0,0,0.000000,0,0.000000,0.000000,0.000000,0,0
92,62,0.600000,0.200000,0,0,0.000000,0,0.000000,0.000000,0.000000,0,0
92,63,0.600000,0.300000,0,0,0.000000,0,0.000000,0.000000,0.000000,0,0
92,64,0.600000,0.400000,0,0,0.000000,0,0.000000,0.000000,0.000000,0,0
92,65,0.600000,0.500000,0,0,0.000000,0,0.000000,0.000000,0.000000,0,0
92,66,0.600000,0.600000,0,0,0.000000,0,0.000000,0.000000,0.000000,0,0
92,67,0.600000,0.700000,0,0,0.000000,0,0.000000,0.000000,0.000000,0,0
92,68,0.600000,0.800000,0,0,0.000000,0,0.000000,0.000000,0.000000,0,0
92,69,0.600000,0.900000,0,0,0.000000,0,0.000000,0.000000,0.000000,0,0
92,70,0.700000,0.000000,0,0,0.000000,0,0.000000,0.000000,0.000000,0,0
92,71,0.700000,0.100000,0,0,0.000000,0,0.000000,0.000000,0.000000,0,0
92,72,0.700000,0.200000,0,0,0.000000,0,0.000000,0.000000,0.000000,0,0
92,73,0.700000,0.300000,0,0,0.000000,0,0.000000,0.000000,0.000000,0,0
92,74,0.700000,0.400000,0,0,0.000000,0,0.000000,0.000000,0.000000,0,0
92,75,0.700000,0.500000,0,0,0.000000,0,0.000000,0.000000,0.000000,0,0
92,76,0.700000,0.600000,0,0,0.000000,0,0.000000,0.000000,0.000000,0,0
92,77,0.700000,0.700000,0,0,0.000000,0,0.000000,0.000000,0.000000,0,0
92,78,0.700000,0.800000,0,0,0.000000,0,0.000000,0.000000,0.000000,0,0
92,79,0.700000,0.900000,0,0,0.000000,0,0.000000,0.000000,0.000000,0,0
92,80,0.800000,0.000000,0,0,0.000000,0,0.000000,0.000000,0.000000,0,0
92,81,0.800000,0.100000,0,0,0.000000,0,0.000000,0.000000,0.000000,0,0
92,82,0.800000,0.200000,0,0,0.000000,0,0.000000,0.000000,0.000000,0,0
92,83,0.800000,0.300000,0,0,0.000000,0,0.000000,0.000000,0.000000,0,0
92,84,0.800000,0.400000,0,0,0.000000,0,0.000000,0.000000,0.000000,0,0
92,85,0.800000,0.500000,0,0,0.000000,0,0.000000,0.000000,0.000000,0,0
92,86,0.800000,0.600000,0,0,0.000000,0,0.000000,0.000000,0.000000,0,0
92,87,0.800000,0.700000,0,0,0.000000,0,0.000000,0.000000,0.000000,0,0
92,88,0.800000,0.800000,0,0,0.000000,0,0.000000,0.000000,0.000000,0,0
92,89,0.800000,0.900000,0,0,0.000000,0,0.000000,0.000000,0.000000,0,0
92,90,0.900000,0.000000,0,0,0.000000,0,0.000000,0.000000,0.000000,0,0
92,91,0.900000,0.100000,0,0,0.000000,0,0.000000,0.000000,0.000000,0,0
92,92,0.900000,0.200000,0,0,0.000000,0,0.000000,0.000000,0.000000,0,0
92,93,0.900000,0.300000,0,0,0.000000,0,0.000000,0.000000,0.000000,0,0
92,94,0.900000,0.400000,0,0,0.000000,0,0.000000,0.000000,0.000000,0,0
92,95,0.900000,0.500000,0,0,0.000000,0,0.000000,0.000000,0.000000,0,0
92,96,0.900000,0.600000,0,0,0.000000,0,0.000000,0.000000,0.000000,0,0
92,97,0.900000,0.700000,0,0,0.000000,0,0.000000,0.000000,0.000000,0,0
92,98,0.900000,0.800000,0,0,0.000000,0,0.000000,0.000000,0.000000,0,0
92,99,0.900000,0.900000,0,53,0.000000,53,53.844483,5.384448,2899.228329,100,1
93,0,0.000000,0.000000,0,74,0.000000,74,74.414012,7.441401,5537.445255,100,1
93,1,0.000000,0.100000,0,0,0.000000,0,0.000000,0.000000,0.000000,0,0
93,2,0.000000,0.200000,0,0,0.000000,0,0.000000,0.000000,0.000000,0,0
93,3,0.000000,0.300000,0,0,0.000000,0,0.000000,0.000000,0.000000,0,0
93,4,0.000000,0.400000,0,0,0.000000,0,0.000000,0.000000,0.000000,0,0
93,5,0.000000,0.500000,0,0,0.000000,0,0.000000,0.000000,0.000000,0,0
93,6,0.000000,0.600000,0,0,0.000000,0,0.000000,0.000000,0.000000,0,0
93,7,0.000000,0.700000,0,0,0.000000,0,0.000000,0.000000,0.000000,0,0
93,8,0.000000,0.800000,0,0,0.000000,0,0.000000,0.000000,0.000000,0,0
93,9,0.000000,0.900000,0,74,0.000000,74,74.412038,7.441204,5537.151419,100,1
93,10,0.100000,0.000000,0,0,0.000000,0,0.000000,0.000000,0.000000,0,0
93,11,0.100000,0.100000,0,0,0.000000,0,0.000000,0.000000,0.000000,0,0
93,12,0.100000,0.200000,0,0,0.000000,0,0.000000,0.000000,0.000000,0,0
93,13,0.100000,0.300000,0,0,0.000000,0,0.000000,0.000000,0.000000,0,0
93,14,0.100000,0.400000,0,0,0.000000,0,0.000000,0.000000,0.000000,0,0
93,15,0.100000,0.500000,0,0,0.000000,0,0.000000,0.000000,0.000000,0,0
93,16,0.100000,0.600000,0,0,0.000000,0,0.000000,0.000000,0.000000,0,0
93,17,0.100000,0.700000,0,0,0.000000,0,0.000000,0.000000,0.000000,0,0
93,18,0.100000,0.800000,0,0,0.000000,0,0.000000,0.000000,0.000000,0,0
93,19,0.100000,0.900000,0,0,0.000000,0,0.000000,0.000000,0.000000,0,0
93,20,0.200000,0.000000,0,0,0.000000,0,0.000000,0.000000,0.000000,0,0
93,21,0.200000,0.100000,0,0,0.000000,0,0.000000,0.000000,0.000000,0,0
93,22,0.200000,0.200000,0,0,0.000000,0,0.000000,0.000000,0.000000,0,0
93,23,0.200000,0.300000,0,0,0.000000,0,0.000000,0.000000,0.000000,0,0
93,24,0.200000,0.400000,0,0,0.000000,0,0.000000,0.000000,0.000000,0,0
93,25,0.200000,0.500000,0,0,0.000000,0,0.000000,0.000000,0.000000,0,0
93,26,0.200000,0.600000,0,0,0.000000,0,0.000000,0.000000,0.000000,0,0
93,27,0.200000,0.700000,0,0,0.000000,0,0.000000,0.000000,0.000000,0,0
93,28,0.200000,0.800000,0,0,0.000000,0,0.000000,0.000000,0.000000,0,0
93,29,0.200000,0.900000,0,0,0.000000,0,0.000000,0.000000,0.000000,0,0
93,30,0.300000,0.000000,0,0,0.000000,0,0.000000,0.000000,0.000000,0,0
93,31,0.300000,0.100000,0,0,0.000000,0,0.000000,0.000000,0.000000,0,0
93,32,0.300000,0.200000,0,0,0.000000,0,0.000000,0.000000,0.000000,0,0
93,33,0.300000,0.300000,0,0,0.000000,0,0.000000,0.000000,0.000000,0,0
93,34,0.300000,0.400000,0,0,0.000000,0,0.000000,0.000000,0.000000,0,0
93,35,0.300000,0.500000,0,0,0.000000,0,0.000000,0.000000,0.000000,0,0
93,36,0.300000,0.600000,0,0,0.000000,0,0.000000,0.000000,0.000000,0,0
93,37,0.300000,0.700000,0,0,0.000000,0,0.000000,0.000000,0.000000,0,0
93,38,0.300000,0.800000,0,0,0.000000,0,0.000000,0.000000,0.000000,0,0
93,39,0.300000,0.900000,0,0,0.000000,0,0.000000,0.000000,0.000000,0,0
93,40,0.400000,0.000000,0,0,0.000000,0,0.000000,0.000000,0.000000,100,45
93,41,0.400000,0.100000,0,0,0.000000,0,0.000000,0.000000,0.000000,0,0
93,42,0.400000,0.200000,0,0,0.000000,0,0.000000,0.000000,0.000000,0,0
93,43,0.400000,0.300000,0,0,0.000000,0,0.000000,0.000000,0.000000,0,0
93,44,0.400000,0.400000,0,0,0.000000,0,0.000000,0.000000,0.000000,0,0
93,45,0.400000,0.500000,0,0,0.000000,0,0.000000,0.000000,0.000000,0,0
93,46,0.400000,0.600000,0,0,0.000000,0,0.000000,0.000000,0.000000,0,0
93,47,0.400000,0.700000,0,0,0.000000,0,0.000000,0.000000,0.000000,0,0
93,48,0.400000,0.800000,0,0,0.000000,0,0.000000,0.000000,0.000000,0,0
93,49,0.400000,0.900000,0,0,0.000000,0,0.000000,0.000000,0.000000,100,71
93,50,0.500000,0.000000,0,0,0.000000,0,0.000000,0.000000,0.000000,0,0
93,51,0.500000,0.100000,0,0,0.000000,0,0.000000,0.000000,0.000000,0,0
93,52,0.500000,0.200000,0,0,0.000000,0,0.000000,0.000000,0.000000,0,0
93,53,0.500000,0.300000,0,0,0.000000,0,0.000000,0.000000,0.000000,0,0
93,54,0.500000,0.400000,0,0,0.000000,0,0.000000,0.000000,0.000000,0,0
93,55,0.500000,0.500000,0,0,0.000000,0,0.000000,0.000000,0.000000,0,0
93,56,0.500000,0.600000,0,0,0.000000,0,0.000000,0.000000,0.000000,0,0
93,57,0.500000,0.700000,0,0,0.000000,0,0.000000,0.000000,0.000000,0,0
93,58,0.500000,0.800000,0,0,0.000000,0,0.000000,0.000000,0.000000,0,0
93,59,0.500000,0.900000,0,0,0.000000,0,0.000000,0.000000,0.000000,0,0
93,60,0.600000,0.000000,0,0,0.000000,0,0.000000,0.000000,0.000000,0,0
93,61,0.600000,0.100000,0,0,0.000000,0,0.000000,0.000000,0.000000,0,0
93,62,0.600000,0.200000,0,0,0.000000,0,0.000000,0.000000,0.000000,0,0
93,63,0.600000,0.300000,0,0,0.000000,0,0.000000,0.000000,0.000000,0,0
93,64,0.600000,0.400000,0,0,0.000000,0,0.000000,0.000000,0.000000,0,0
93,65,0.600000,0.500000,0,0,0.000000,0,0.000000,0.000000,0.000000,0,0
93,66,0.600000,0.600000,0,0,0.000000,0,0.000000,0.000000,0.000000,0,0
93,67,0.600000,0.700000,0,0,0.000000,0,0.000000,0.000000,0.000000,0,0
93,68,0.600000,0.800000,0,0,0.000000,0,0.000000,0.000000,0.000000,0,0
93,69,0.600000,0.900000,0,0,0.000000,0,0.000000,0.000000,0.000000,0,0
93,70,0.700000,0.000000,0,0,0.000000,0,0.000000,0.000000,0.000000,0,0
93,71,0.700000,0.100000,0,0,0.000000,0,0.000000,0.000000,0.000000,0,0
93,72,0.700000,0.200000,0,0,0.000000,0,0.000000,0.000000,0.000000,0,0
93,73,0.700000,0.300000,0,0,0.000000,0,0.000000,0.000000,0.000000,0,0
93,74,0.700000,0.400000,0,0,0.000000,0,0.000000,0.000000,0.000000,0,0
93,75,0.700000,0.500000,0,0,0.000000,0,0.000000,0.000000,0.000000,0,0
93,76,0.700000,0.600000,0,0,0.000000,0,0.000000,0.000000,0.000000,0,0
93,77,0.700000,0.700000,0,0,0.000000,0,0.000000,0.000000,0.000000,0,0
93,78,0.700000,0.800000,0,0,0.000000,0,0.000000,0.000000,0.000000,0,0
93,79,0.700000,0.900000,0,0,0.000000,0,0.000000,0.000000,0.000000,0,0
93,80,0.800000,0.000000,0,0,0.000000,0,0.000000,0.000000,0.000000,0,0
93,81,0.800000,0.100000,0,0,0.000000,0,0.000000,0.000000,0.000000,0,0
93,82,0.800000,0.200000,0,0,0.000000,0,0.000000,0.000000,0.000000,0,0
93,83,0.800000,0.300000,0,0,0.000000,0,0.000000,0.000000,0.000000,0,0
93,84,0.800000,0.400000,0,0,0.000000,0,0.000000,0.000000,0.000000,0,0
93,85,0.800000,0.500000,0,0,0.000000,0,0.000000,0.000000,0.000000,0,0
93,86,0.800000,0.600000,0,0,0.000000,0,0.000000,0.000000,0.000000,0,0
93,87,0.800000,0.700000,0,0,0.000000,0,0.000000,0.000000,0.000000,0,0
93,88,0.800000,0.800000,0,0,0.000000,0,0.000000,0.000000,0.000000,0,0
93,89,0.800000,0.900000,0,0,0.000000,0,0.000000,0.000000,0.000000,0,0
93,90,0.900000,0.000000,0,0,0.000000,0,0.000000,0.000000,0.000000,0,0
93,91,0.900000,0.100000,0,0,0.000000,0,0.000000,0.000000,0.000000,0,0
93,92,0.900000,0.200000,0,0,0.000000,0,0.000000,0.000000,0.000000,0,0
93,93,0.900000,0.300000,0,0,0.000000,0,0.000000,0.000000,0.000000,0,0
93,94,0.900000,0.400000,0,0,0.000000,0,0.000000,0.000000,0.000000,0,0
93,95,0.900000,0.500000,0,0,0.000000,0,0.000000,0.000000,0.000000,0,0
93,96,0.900000,0.600000,0,0,0.000000,0,0.000000,0.000000,0.000000,0,0
93,97,0.900000,0.700000,0,0,0.000000,0,0.000000,0.000000,0.000000,0,0
93,98,0.900000,0.800000,0,0,0.000000,0,0.000000,0.000000,0.000000,0,0
93,99,0.900000,0.900000,0,53,0.000000,53,53.844483,5.384448,2899.228329,100,1
94,0,0.000000,0.000000,0,74,0.000000,74,74.414012,7.441401,5537.445255,100,1
94,1,0.000000,0.100000,0,0,0.000000,0,0.000000,0.000000,0.000000,0,0
94,2,0.000000,0.200000,0,0,0.000000,0,0.000000,0.000000,0.000000,0,0
94,3,0.000000,0.300000,0,0,0.000000,0,0.000000,0.000000,0.000000,0,0
94,4,0.000000,0.400000,0,0,0.000000,0,0.000000,0.000000,0.000000,0,0
94,5,0.000000,0.500000,0,0,0.000000,0,0.000000,0.000000,0.000000,0,0
94,6,0.000000,0.600000,0,0,0.000000,0,0.000000,0.000000,0.000000,0,0
94,7,0.000000,0.700000,0,0,0.000000,0,0.000000,0.000000,0.000000,0,0
94,8,0.000000,0.800000,0,0,0.000000,0,0.000000,0.000000,0.000000,0,0
94,9,0.000000,0.900000,0,74,0.000000,74,74.412038,7.441204,5537.151419,100,1
94,10,0.100000,0.000000,0,0,0.000000,0,0.000000,0.000000,0.000000,0,0
94,11,0.100000,0.100000,0,0,0.000000,0,0.000000,0.000000,0.000000,0,0
94,12,0.100000,0.200000,0,0,0.000000,0,0.000000,0.000000,0.000000,0,0
94,13,0.100000,0.300000,0,0,0.000000,0,0.000000,0.000000,0.000000,0,0
94,14,0.100000,0.400000,0,0,0.000000,0,0.000000,0.000000,0.000000,0,0
94,15,0.100000,0.500000,0,0,0.000000,0,0.000000,0.000000,0.000000,0,0
94,16,0.100000,0.600000,0,0,0.000000,0,0.000000,0.000000,0.000000,0,0
94,17,0.100000,0.700000,0,0,0.000000,0,0.000000,0.000000,0.000000,0,0
94,18,0.100000,0.800000,0,0,0.000000,0,0.000000,0.000000,0.000000,0,0
94,19,0.100000,0.900000,0,0,0.000000,0,0.000000,0.000000,0.000000,0,0
94,20,0.200000,0.000000,0,0,0.000000,0,0.000000,0.000000,0.000000,0,0
94,21,0.200000,0.100000,0,0,0.000000,0,0.000000,0.000000,0.000000,0,0
94,22,0.200000,0.200000,0,0,0.000000,0,0.000000,0.000000,0.000000,0,0
94,23,0.200000,0.300000,0,0,0.000000,0,0.000000,0.000000,0.000000,0,0
94,24,0.200000,0.400000,0,0,0.000000,0,0.000000,0.000000,0.000000,0,0
94,25,0.200000,0.500000,0,0,0.000000,0,0.000000,0.000000,0.000000,0,0
94,26,0.200000,0.600000,0,0,0.000000,0,0.000000,0.000000,0.000000,0,0
94,27,0.200000,0.700000,0,0,0.000000,0,0.000000,0.000000,0.000000,0,0
94,28,0.200000,0.800000,0,0,0.000000,0,0.000000,0.000000,0.000000,0,0
94,29,0.200000,0.900000,0,0,0.000000,0,0.000000,0.000000,0.000000,0,0
94,30,0.300000,0.000000,0,0,0.000000,0,0.000000,0.000000,0.000000,0,0
94,31,0.300000,0.100000,0,0,0.000000,0,0.000000,0.000000,0.000000,0,0
94,32,0.300000,0.200000,0,0,0.000000,0,0.000000,0.000000,0.000000,0,0
94,33,0.300000,0.300000,0,0,0.000000,0,0.000000,0.000000,0.000000,0,0
94,34,0.300000,0.400000,0,0,0.000000,0,0.000000,0.000000,0.000000,0,0
94,35,0.300000,0.500000,0,0,0.000000,0,0.000000,0.000000,0.000000,0,0
94,36,0.300000,0.600000,0,0,0.000000,0,0.000000,0.000000,0.000000,0,0
94,37,0.300000,0.700000,0,0,0.000000,0,0.000000,0.000000,0.000000,0,0
94,38,0.300000,0.800000,0,0,0.000000,0,0.000000,0.000000,0.000000,0,0
94,39,0.300000,0.900000,0,0,0.000000,0,0.000000,0.000000,0.000000,0,0
94,40,0.400000,0.000000,0,0,0.000000,0,0.000000,0.000000,0.000000,100,45
94,41,0.400000,0.100000,0,0,0.000000,0,0.000000,0.000000,0.000000,0,0
94,42,0.400000,0.200000,0,0,0.000000,0,0.000000,0.000000,0.000000,0,0
94,43,0.400000,0.300000,0,0,0.000000,0,0.000000,0.000000,0.000000,0,0
94,44,0.400000,0.400000,0,0,0.000000,0,0.000000,0.000000,0.000000,0,0
94,45,0.400000,0.500000,0,0,0.000000,0,0.000000,0.000000,0.000000,0,0
94,46,0.400000,0.600000,0,0,0.000000,0,0.000000,0.000000,0.000000,0,0
94,47,0.400000,0.700000,0,0,0.000000,0,0.000000,0.000000,0.000000,0,0
94,48,0.400000,0.800000,0,0,0.000000,0,0.000000,0.000000,0.000000,0,0
94,49,0.400000,0.900000,0,0,0.000000,0,0.000000,0.000000,0.000000,100,71
94,50,0.500000,0.000000,0,0,0.000000,0,0.000000,0.000000,0.000000,0,0
94,51,0.500000,0.100000,0,0,0.000000,0,0.000000,0.000000,0.000000,0,0
94,52,0.500000,0.200000,0,0,0.000000,0,0.000000,0.000000,0.000000,0,0
94,53,0.500000,0.300000,0,0,0.000000,0,0.000000,0.000000,0.000000,0,0
94,54,0.500000,0.400000,0,0,0.000000,0,0.000000,0.000000,0.000000,0,0
94,55,0.500000,0.500000,0,0,0.000000,0,0.000000,0.000000,0.000000,0,0
94,56,0.500000,0.600000,0,0,0.000000,0,0.000000,0.000000,0.000000,0,0
94,57,0.500000,0.700000,0,0,0.000000,0,0.000000,0.000000,0.000000,0,0
94,58,0.500000,0.800000,0,0,0.000000,0,0.000000,0.000000,0.000000,0,0
94,59,0.500000,0.900000,0,0,0.000000,0,0.000000,0.000000,0.000000,0,0
94,60,0.600000,0.000000,0,0,0.000000,0,0.000000,0.000000,0.000000,0,0
94,61,0.600000,0.100000,0,0,0.000000,0,0.000000,0.000000,0.000000,0,0
94,62,0.600000,0.200000,0,0,0.000000,0,0.000000,0.000000,0.000000,0,0
94,63,0.600000,0.300000,0,0,0.000000,0,0.000000,0.000000,0.000000,0,0
94,64,0.600000,0.400000,0,0,0.000000,0,0.000000,0.000000,0.000000,0,0
94,65,0.600000,0.500000,0,0,0.000000,0,0.000000,0.000000,0.000000,0,0
94,66,0.600000,0.600000,0,0,0.000000,0,0.000000,0.000000,0.000000,0,0
94,67,0.600000,0.700000,0,0,0.000000,0,0.000000,0.000000,0.000000,0,0
94,68,0.600000,0.800000,0,0,0.000000,0,0.000000,0.000000,0.000000,0,0
94,69,0.600000,0.900000,0,0,0.000000,0,0.000000,0.000000,0.000000,0,0
94,70,0.700000,0.000000,0,0,0.000000,0,0.000000,0.000000,0.000000,0,0
94,71,0.700000,0.100000,0,0,0.000000,0,0.000000,0.000000,0.000000,0,0
94,72,0.700000,0.200000,0,0,0.000000,0,0.000000,0.000000,0.000000,0,0
94,73,0.700000,0.300000,0,0,0.000000,0,0.000000,0.000000,0.000000,0,0
94,74,0.700000,0.400000,0,0,0.000000,0,0.000000,0.000000,0.000000,0,0
94,75,0.700000,0.500000,0,0,0.000000,0,0.000000,0.000000,0.000000,0,0
94,76,0.700000,0.600000,0,0,0.000000,0,0.000000,0.000000,0.000000,0,0
94,77,0.700000,0.700000,0,0,0.000000,0,0.000000,0.000000,0.000000,0,0
94,78,0.700000,0.800000,0,0,0.000000,0,0.000000,0.000000,0.000000,0,0
94,79,0.700000,0.900000,0,0,0.000000,0,0.000000,0.000000,0.000000,0,0
94,80,0.800000,0.000000,0,0,0.000000,0,0.000000,0.000000,0.000000,0,0
94,81,0.800000,0.100000,0,0,0.000000,0,0.000000,0.000000,0.000000,0,0
94,82,0.800000,0.200000,0,0,0.000000,0,0.000000,0.000000,0.000000,0,0
94,83,0.800000,0.300000,0,0,0.000000,0,0.000000,0.000000,0.000000,0,0
94,84,0.800000,0.400000,0,0,0.000000,0,0.000000,0.000000,0.000000,0,0
94,85,0.800000,0.500000,0,0,0.000000,0,0.000000,0.000000,0.000000,0,0
94,86,0.800000,0.600000,0,0,0.000000,0,0.000000,0.000000,0.000000,0,0
94,87,0.800000,0.700000,0,0,0.000000,0,0.000000,0.000000,0.000000,0,0
94,88,0.800000,0.800000,0,0,0.000000,0,0.000000,0.000000,0.000000,0,0
94,89,0.800000,0.900000,0,0,0.000000,0,0.000000,0.000000,0.000000,0,0
94,90,0.900000,0.000000,0,0,0.000000,0,0.000000,0.000000,0.000000,0,0
94,91,0.900000,0.100000,0,0,0.000000,0,0.000000,0.000000,0.000000,0,0
94,92,0.900000,0.200000,0,0,0.000000,0,0.000000,0.000000,0.000000,0,0
94,93,0.900000,0.300000,0,0,0.000000,0,0.000000,0.000000,0.000000,0,0
94,94,0.900000,0.400000,0,0,0.000000,0,0.000000,0.000000,0.000000,0,0
94,95,0.900000,0.500000,0,0,0.000000,0,0.000000,0.000000,0.000000,0,0
94,96,0.900000,0.600000,0,0,0.000000,0,0.000000,0.000000,0.000000,0,0
94,97,0.900000,0.700000,0,0,0.000000,0,0.000000,0.000000,0.000000,0,0
94,98,0.900000,0.800000,0,0,0.000000,0,0.000000,0.000000,0.000000,0,0
94,99,0.900000,0.900000,0,53,0.000000,53,53.844483,5.384448,2899.228329,100,1
95,0,0.000000,0.000000,0,74,0.000000,74,74.414012,7.441401,5537.445255,100,1
95,1,0.000000,0.100000,0,0,0.000000,0,0.000000,0.000000,0.000000,0,0
95,2,0.000000,0.200000,0,0,0.000000,0,0.000000,0.000000,0.000000,0,0
95,3,0.000000,0.300000,0,0,0.000000,0,0.000000,0.000000,0.000000,0,0
95,4,0.000000,0.400000,0,0,0.000000,0,0.000000,0.000000,0.000000,0,0
95,5,0.000000,0.500000,0,0,0.000000,0,0.000000,0.000000,0.000000,0,0
95,6,0.000000,0.600000,0,0,0.000000,0,0.000000,0.000000,0.000000,0,0
95,7,0.000000,0.700000,0,0,0.000000,0,0.000000,0.000000,0.000000,0,0
95,8,0.000000,0.800000,0,0,0.000000,0,0.000000,0.000000,0.000000,0,0
95,9,0.000000,0.900000,0,74,0.000000,74,74.412038,7.441204,5537.151419,100,1
95,10,0.100000,0.000000,0,0,0.000000,0,0.000000,0.000000,0.000000,0,0
95,11,0.100000,0.100000,0,0,0.000000,0,0.000000,0.000000,0.000000,0,0
95,12,0.100000,0.200000,0,0,0.000000,0,0.000000,0.000000,0.000000,0,0
95,13,0.100000,0.300000,0,0,0.000000,0,0.000000,0.000000,0.000000,0,0
95,14,0.100000,0.400000,0,0,0.000000,0,0.000000,0.000000,0.000000,0,0
95,15,0.100000,0.500000,0,0,0.000000,0,0.000000,0.000000,0.000000,0,0
95,16,0.100000,0.600000,0,0,0.000000,0,0.000000,0.000000,0.000000,0,0
95,17,0.100000,0.700000,0,0,0.000000,0,0.000000,0.000000,0.000000,0,0
95,18,0.100000,0.800000,0,0,0.000000,0,0.000000,0.000000,0.000000,0,0
95,19,0.100000,0.900000,0,0,0.000000,0,0.000000,0.000000,0.000000,0,0
95,20,0.200000,0.000000,0,0,0.000000,0,0.000000,0.000000,0.000000,0,0
95,21,0.200000,0.100000,0,0,0.000000,0,0.000000,0.000000,0.000000,0,0
95,22,0.200000,0.200000,0,0,0.000000,0,0.000000,0.000000,0.000000,0,0
95,23,0.200000,0.300000,0,0,0.000000,0,0.000000,0.000000,0.000000,0,0
95,24,0.200000,0.400000,0,0,0.000000,0,0.000000,0.000000,0.000000,0,0
95,25,0.200000,0.500000,0,0,0.000000,0,0.000000,0.000000,0.000000,0,0
95,26,0.200000,0.600000,0,0,0.000000,0,0.000000,0.000000,0.000000,0,0
95,27,0.200000,0.700000,0,0,0.000000,0,0.000000,0.000000,0.000000,0,0
95,28,0.200000,0.800000,0,0,0.000000,0,0.000000,0.000000,0.000000,0,0
95,29,0.200000,0.900000,0,0,0.000000,0,0.000000,0.000000,0.000000,0,0
95,30,0.300000,0.000000,0,0,0.000000,0,0.000000,0.000000,0.000000,0,0
95,31,0.300000,0.100000,0,0,0.000000,0,0.000000,0.000000,0.000000,0,0
95,32,0.300000,0.200000,0,0,0.000000,0,0.000000,0.000000,0.000000,0,0
95,33,0.300000,0.300000,0,0,0.000000,0,0.000000,0.000000,0.000000,0,0
95,34,0.300000,0.400000,0,0,0.000000,0,0.000000,0.000000,0.000000,0,0
95,35,0.300000,0.500000,0,0,0.000000,0,0.000000,0.000000,0.000000,0,0
95,36,0.300000,0.600000,0,0,0.000000,0,0.000000,0.000000,0.000000,0,0
95,37,0.300000,0.700000,0,0,0.000000,0,0.000000,0.000000,0.000000,0,0
95,38,0.300000,0.800000,0,0,0.000000,0,0.000000,0.000000,0.000000,0,0
95,39,0.300000,0.900000,0,0,0.000000,0,0.000000,0.000000,0.000000,0,0
95,40,0.400000,0.000000,0,0,0.000000,0,0.000000,0.000000,0.000000,100,45
95,41,0.400000,0.100000,0,0,0.000000,0,0.000000,0.000000,0.000000,0,0
95,42,0.400000,0.200000,0,0,0.000000,0,0.000000,0.000000,0.000000,0,0
95,43,0.400000,0.300000,0,0,0.000000,0,0.000000,0.000000,0.000000,0,0
95,44,0.400000,0.400000,0,0,0.000000,0,0.000000,0.000000,0.000000,0,0
95,45,0.400000,0.500000,0,0,0.000000,0,0.000000,0.000000,0.000000,0,0
95,46,0.400000,0.600000,0,0,0.000000,0,0.000000,0.000000,0.000000,0,0
95,47,0.400000,0.700000,0,0,0.000000,0,0.000000,0.000000,0.000000,0,0
95,48,0.400000,0.800000,0,0,0.000000,0,0.000000,0.000000,0.000000,0,0
95,49,0.400000,0.900000,0,0,0.000000,0,0.000000,0.000000,0.000000,100,71
95,50,0.500000,0.000000,0,0,0.000000,0,0.000000,0.000000,0.000000,0,0
95,51,0.500000,0.100000,0,0,0.000000,0,0.000000,0.000000,0.000000,0,0
95,52,0.500000,0.200000,0,0,0.000000,0,0.000000,0.000000,0.000000,0,0
95,53,0.500000,0.300000,0,0,0.000000,0,0.000000,0.000000,0.000000,0,0
95,54,0.500000,0.400000,0,0,0.000000,0,0.000000,0.000000,0.000000,0,0
95,55,0.500000,0.500000,0,0,0.000000,0,0.000000,0.000000,0.000000,0,0
95,56,0.500000,0.600000,0,0,0.000000,0,0.000000,0.000000,0.000000,0,0
95,57,0.500000,0.700000,0,0,0.000000,0,0.000000,0.000000,0.000000,0,0
95,58,0.500000,0.800000,0,0,0.000000,0,0.000000,0.000000,0.000000,0,0
95,59,0.500000,0.900000,0,0,0.000000,0,0.000000,0.000000,0.000000,0,0
95,60,0.600000,0.000000,0,0,0.000000,0,0.000000,0.000000,0.000000,0,0
95,61,0.600000,0.100000,0,0,0.000000,0,0.000000,0.000000,0.000000,0,0
95,62,0.600000,0.200000,0,0,0.000000,0,0.000000,0.000000,0.000000,0,0
95,63,0.600000,0.300000,0,0,0.000000,0,0.000000,0.000000,0.000000,0,0
95,64,0.600000,0.400000,0,0,0.000000,0,0.000000,0.000000,0.000000,0,0
95,65,0.600000,0.500000,0,0,0.000000,0,0.000000,0.000000,0.000000,0,0
95,66,0.600000,0.600000,0,0,0.000000,0,0.000000,0.000000,0.000000,0,0
95,67,0.600000,0.700000,0,0,0.000000,0,0.000000,0.000000,0.000000,0,0
95,68,0.600000,0.800000,0,0,0.000000,0,0.000000,0.000000,0.000000,0,0
95,69,0.600000,0.900000,0,0,0.000000,0,0.000000,0.000000,0.000000,0,0
95,70,0.700000,0.000000,0,0,0.000000,0,0.000000,0.000000,0.000000,0,0
95,71,0.700000,0.100000,0,0,0.000000,0,0.000000,0.000000,0.000000,0,0
95,72,0.700000,0.200000,0,0,0.000000,0,0.000000,0.000000,0.000000,0,0
95,73,0.700000,0.300000,0,0,0.000000,0,0.000000,0.000000,0.000000,0,0
95,74,0.700000,0.400000,0,0,0.000000,0,0.000000,0.000000,0.000000,0,0
95,75,0.700000,0.500000,0,0,0.000000,0,0.000000,0.000000,0.000000,0,0
95,76,0.700000,0.600000,0,0,0.000000,0,0.000000,0.000000,0.000000,0,0
95,77,0.700000,0.700000,0,0,0.000000,0,0.000000,0.000000,0.000000,0,0
95,78,0.700000,0.800000,0,0,0.000000,0,0.000000,0.000000,0.000000,0,0
95,79,0.700000,0.900000,0,0,0.000000,0,0.000000,0.000000,0.000000,0,0
95,80,0.800000,0.000000,0,0,0.000000,0,0.000000,0.000000,0.000000,0,0
95,81,0.800000,0.100000,0,0,0.000000,0,0.000000,0.000000,0.000000,0,0
95,82,0.800000,0.200000,0,0,0.000000,0,0.000000,0.000000,0.000000,0,0
95,83,0.800000,0.300000,0,0,0.000000,0,0.000000,0.000000,0.000000,0,0
95,84,0.800000,0.400000,0,0,0.000000,0,0.000000,0.000000,0.000000,0,0
95,85,0.800000,0.500000,0,0,0.000000,0,0.000000,0.000000,0.000000,0,0
95,86,0.800000,0.600000,0,0,0.000000,0,0.000000,0.000000,0.000000,0,0
95,87,0.800000,0.700000,0,0,0.000000,0,0.000000,0.000000,0.000000,0,0
95,88,0.800000,0.800000,0,0,0.000000,0,0.000000,0.000000,0.000000,0,0
95,89,0.800000,0.900000,0,0,0.000000,0,0.000000,0.000000,0.000000,0,0
95,90,0.900000,0.000000,0,0,0.000000,0,0.000000,0.000000,0.000000,0,0
95,91,0.900000,0.100000,0,0,0.000000,0,0.000000,0.000000,0.000000,0,0
95,92,0.900000,0.200000,0,0,0.000000,0,0.000000,0.000000,0.000000,0,0
95,93,0.900000,0.300000,0,0,0.000000,0,0.000000,0.000000,0.000000,0,0
95,94,0.900000,0.400000,0,0,0.000000,0,0.000000,0.000000,0.000000,0,0
95,95,0.900000,0.500000,0,0,0.000000,0,0.000000,0.000000,0.000000,0,0
95,96,0.900000,0.600000,0,0,0.000000,0,0.000000,0.000000,0.000000,0,0
95,97,0.900000,0.700000,0,0,0.000000,0,0.000000,0.000000,0.000000,0,0
95,98,0.900000,0.800000,0,0,0.000000,0,0.000000,0.000000,0.000000,0,0
95,99,0.900000,0.900000,0,53,0.000000,53,53.844483,5.384448,2899.228329,100,1
96,0,0.000000,0.000000,0,74,0.000000,74,74.414012,7.441401,5537.445255,100,1
96,1,0.000000,0.100000,0,0,0.000000,0,0.000000,0.000000,0.000000,0,0
96,2,0.000000,0.200000,0,0,0.000000,0,0.000000,0.000000,0.000000,0,0
96,3,0.000000,0.300000,0,0,0.000000,0,0.000000,0.000000,0.000000,0,0
96,4,0.000000,0.400000,0,0,0.000000,0,0.000000,0.000000,0.000000,0,0
96,5,0.000000,0.500000,0,0,0.000000,0,0.000000,0.000000,0.000000,0,0
96,6,0.000000,0.600000,0,0,0.000000,0,0.000000,0.000000,0.000000,0,0
96,7,0.000000,0.700000,0,0,0.000000,0,0.000000,0.000000,0.000000,0,0
96,8,0.000000,0.800000,0,0,0.000000,0,0.000000,0.000000,0.000000,0,0
96,9,0.000000,0.900000,0,74,0.000000,74,74.412038,7.441204,5537.151419,100,1
96,10,0.100000,0.000000,0,0,0.000000,0,0.000000,0.000000,0.000000,0,0
96,11,0.100000,0.100000,0,0,0.000000,0,0.000000,0.000000,0.000000,0,0
96,12,0.100000,0.200000,0,0,0.000000,0,0.000000,0.000000,0.000000,0,0
96,13,0.100000,0.300000,0,0,0.000000,0,0.000000,0.000000,0.000000,0,0
96,14,0.100000,0.400000,0,0,0.000000,0,0.000000,0.000000,0.000000,0,0
96,15,0.100000,0.500000,0,0,0.000000,0,0.000000,0.000000,0.000000,0,0
96,16,0.100000,0.600000,0,0,0.000000,0,0.000000,0.000000,0.000000,0,0
96,17,0.100000,0.700000,0,0,0.000000,0,0.000000,0.000000,0.000000,0,0
96,18,0.100000,0.800000,0,0,0.000000,0,0.000000,0.000000,0.000000,0,0
96,19,0.100000,0.900000,0,0,0.000000,0,0.000000,0.000000,0.000000,0,0
96,20,0.200000,0.000000,0,0,0.000000,0,0.000000,0.000000,0.000000,0,0
96,21,0.200000,0.100000,0,0,0.000000,0,0.000000,0.000000,0.000000,0,0
96,22,0.200000,0.200000,0,0,0.000000,0,0.000000,0.000000,0.000000,0,0
96,23,0.200000,0.300000,0,0,0.000000,0,0.000000,0.000000,0.000000,0,0
96,24,0.200000,0.400000,0,0,0.000000,0,0.000000,0.000000,0.000000,0,0
96,25,0.200000,0.500000,0,0,0.000000,0,0.000000,0.000000,0.000000,0,0
96,26,0.200000,0.600000,0,0,0.000000,0,0.000000,0.000000,0.000000,0,0
96,27,0.200000,0.700000,0,0,0.000000,0,0.000000,0.000000,0.000000,0,0
96,28,0.200000,0.800000,0,0,0.000000,0,0.000000,0.000000,0.000000,0,0
96,29,0.200000,0.900000,0,0,0.000000,0,0.000000,0.000000,0.000000,0,0
96,30,0.300000,0.000000,0,0,0.000000,0,0.000000,0.000000,0.000000,0,0
96,31,0.300000,0.100000,0,0,0.000000,0,0.000000,0.000000,0.000000,0,0
96,32,0.300000,0.200000,0,0,0.000000,0,0.000000,0.000000,0.000000,0,0
96,33,0.300000,0.300000,0,0,0.000000,0,0.000000,0.000000,0.000000,0,0
96,34,0.300000,0.400000,0,0,0.000000,0,0.000000,0.000000,0.000000,0,0
96,35,0.300000,0.500000,0,0,0.000000,0,0.000000,0.000000,0.000000,0,0
96,36,0.300000,0.600000,0,0,0.000000,0,0.000000,0.000000,0.000000,0,0
96,37,0.300000,0.700000,0,0,0.000000,0,0.000000,0.000000,0.000000,0,0
96,38,0.300000,0.800000,0,0,0.000000,0,0.000000,0.000000,0.000000,0,0
96,39,0.300000,0.900000,0,0,0.000000,0,0.000000,0.000000,0.000000,0,0
96,40,0.400000,0.000000,0,0,0.000000,0,0.000000,0.000000,0.000000,100,45
96,41,0.400000,0.100000,0,0,0.000000,0,0.000000,0.000000,0.000000,0,0
96,42,0.400000,0.200000,0,0,0.000000,0,0.000000,0.000000,0.000000,0,0
96,43,0.400000,0.300000,0,0,0.000000,0,0.000000,0.000000,0.000000,0,0
96,44,0.400000,0.400000,0,0,0.000000,0,0.000000,0.000000,0.000000,0,0
96,45,0.400000,0.500000,0,0,0.000000,0,0.000000,0.000000,0.000000,0,0
96,46,0.400000,0.600000,0,0,0.000000,0,0.000000,0.000000,0.000000,0,0
96,47,0.400000,0.700000,0,0,0.000000,0,0.000000,0.000000,0.000000,0,0
96,48,0.400000,0.800000,0,0,0.000000,0,0.000000,0.000000,0.000000,0,0
96,49,0.400000,0.900000,0,0,0.000000,0,0.000000,0.000000,0.000000,100,71
96,50,0.500000,0.000000,0,0,0.000000,0,0.000000,0.000000,0.000000,0,0
96,51,0.500000,0.100000,0,0,0.000000,0,0.000000,0.000000,0.000000,0,0
96,52,0.500000,0.200000,0,0,0.000000,0,0.000000,0.000000,0.000000,0,0
96,53,0.500000,0.300000,0,0,0.000000,0,0.000000,0.000000,0.000000,0,0
96,54,0.500000,0.400000,0,0,0.000000,0,0.000000,0.000000,0.000000,0,0
96,55,0.500000,0.500000,0,0,0.000000,0,0.000000,0.000000,0.000000,0,0
96,56,0.500000,0.600000,0,0,0.000000,0,0.000000,0.000000,0.000000,0,0
96,57,0.500000,0.700000,0,0,0.000000,0,0.000000,0.000000,0.000000,0,0
96,58,0.500000,0.800000,0,0,0.000000,0,0.000000,0.000000,0.000000,0,0
96,59,0.500000,0.900000,0,0,0.000000,0,0.000000,0.000000,0.000000,0,0
96,60,0.600000,0.000000,0,0,0.000000,0,0.000000,0.000000,0.000000,0,0
96,61,0.600000,0.100000,0,0,0.000000,0,0.000000,0.000000,0.000000,0,0
96,62,0.600000,0.200000,0,0,0.000000,0,0.000000,0.000000,0.000000,0,0
96,63,0.600000,0.300000,0,0,0.000000,0,0.000000,0.000000,0.000000,0,0
96,64,0.600000,0.400000,0,0,0.000000,0,0.000000,0.000000,0.000000,0,0
96,65,0.600000,0.500000,0,0,0.000000,0,0.000000,0.000000,0.000000,0,0
96,66,0.600000,0.600000,0,0,0.000000,0,0.000000,0.000000,0.000000,0,0
96,67,0.600000,0.700000,0,0,0.000000,0,0.000000,0.000000,0.000000,0,0
96,68,0.600000,0.800000,0,0,0.000000,0,0.000000,0.000000,0.000000,0,0
96,69,0.600000,0.900000,0,0,0.000000,0,0.000000,0.000000,0.000000,0,0
96,70,0.700000,0.000000,0,0,0.000000,0,0.000000,0.000000,0.000000,0,0
96,71,0.700000,0.100000,0,0,0.000000,0,0.000000,0.000000,0.000000,0,0
96,72,0.700000,0.200000,0,0,0.000000,0,0.000000,0.000000,0.000000,0,0
96,73,0.700000,0.300000,0,0,0.000000,0,0.000000,0.000000,0.000000,0,0
96,74,0.700000,0.400000,0,0,0.000000,0,0.000000,0.000000,0.000000,0,0
96,75,0.700000,0.500000,0,0,0.000000,0,0.000000,0.000000,0.000000,0,0
96,76,0.700000,0.600000,0,0,0.000000,0,0.000000,0.000000,0.000000,0,0
96,77,0.700000,0.700000,0,0,0.000000,0,0.000000,0.000000,0.000000,0,0
96,78,0.700000,0.800000,0,0,0.000000,0,0.000000,0.000000,0.000000,0,0
96,79,0.700000,0.900000,0,0,0.000000,0,0.000000,0.000000,0.000000,0,0
96,80,0.800000,0.000000,0,0,0.000000,0,0.000000,0.000000,0.000000,0,0
96,81,0.800000,0.100000,0,0,0.000000,0,0.000000,0.000000,0.000000,0,0
96,82,0.800000,0.200000,0,0,0.000000,0,0.000000,0.000000,0.000000,0,0
96,83,0.800000,0.300000,0,0,0.000000,0,0.000000,0.000000,0.000000,0,0
96,84,0.800000,0.400000,0,0,0.000000,0,0.000000,0.000000,0.000000,0,0
96,85,0.800000,0.500000,0,0,0.000000,0,0.000000,0.000000,0.000000,0,0
96,86,0.800000,0.600000,0,0,0.000000,0,0.000000,0.000000,0.000000,0,0
96,87,0.800000,0.700000,0,0,0.000000,0,0.000000,0.000000,0.000000,0,0
96,88,0.800000,0.800000,0,0,0.000000,0,0.000000,0.000000,0.000000,0,0
96,89,0.800000,0.900000,0,0,0.000000,0,0.000000,0.000000,0.000000,0,0
96,90,0.900000,0.000000,0,0,0.000000,0,0.000000,0.000000,0.000000,0,0
96,91,0.900000,0.100000,0,0,0.000000,0,0.000000,0.000000,0.000000,0,0
96,92,0.900000,0.200000,0,0,0.000000,0,0.000000,0.000000,0.000000,0,0
96,93,0.900000,0.300000,0,0,0.000000,0,0.000000,0.000000,0.000000,0,0
96,94,0.900000,0.400000,0,0,0.000000,0,0.000000,0.000000,0.000000,0,0
96,95,0.900000,0.500000,0,0,0.000000,0,0.000000,0.000000,0.000000,0,0
96,96,0.900000,0.600000,0,0,0.000000,0,0.000000,0.000000,0.000000,0,0
96,97,0.900000,0.700000,0,0,0.000000,0,0.000000,0.000000,0.000000,0,0
96,98,0.900000,0.800000,0,0,0.000000,0,0.000000,0.000000,0.000000,0,0
96,99,0.900000,0.900000,0,53,0.000000,53,53.844483,5.384448,2899.228329,100,1
97,0,0.000000,0.000000,0,74,0.000000,74,74.414012,7.441401,5537.445255,100,1
97,1,0.000000,0.100000,0,0,0.000000,0,0.000000,0.000000,0.000000,0,0
97,2,0.000000,0.200000,0,0,0.000000,0,0.000000,0.000000,0.000000,0,0
97,3,0.000000,0.300000,0,0,0.000000,0,0.000000,0.000000,0.000000,0,0
97,4,0.000000,0.400000,0,0,0.000000,0,0.000000,0.000000,0.000000,0,0
97,5,0.000000,0.500000,0,0,0.000000,0,0.000000,0.000000,0.000000,0,0
97,6,0.000000,0.600000,0,0,0.000000,0,0.000000,0.000000,0.000000,0,0
97,7,0.000000,0.700000,0,0,0.000000,0,0.000000,0.000000,0.000000,0,0
97,8,0.000000,0.800000,0,0,0.000000,0,0.000000,0.000000,0.000000,0,0
97,9,0.000000,0.900000,0,74,0.000000,74,74.412038,7.441204,5537.151419,100,1
97,10,0.100000,0.000000,0,0,0.000000,0,0.000000,0.000000,0.000000,0,0
97,11,0.100000,0.100000,0,0,0.000000,0,0.000000,0.000000,0.000000,0,0
97,12,0.100000,0.200000,0,0,0.000000,0,0.000000,0.000000,0.000000,0,0
97,13,0.100000,0.300000,0,0,0.000000,0,0.000000,0.000000,0.000000,0,0
97,14,0.100000,0.400000,0,0,0.000000,0,0.000000,0.000000,0.000000,0,0
97,15,0.100000,0.500000,0,0,0.000000,0,0.000000,0.000000,0.000000,0,0
97,16,0.100000,0.600000,0,0,0.000000,0,0.000000,0.000000,0.000000,0,0
97,17,0.100000,0.700000,0,0,0.000000,0,0.000000,0.000000,0.000000,0,0
97,18,0.100000,0.800000,0,0,0.000000,0,0.000000,0.000000,0.000000,0,0
97,19,0.100000,0.900000,0,0,0.000000,0,0.000000,0.000000,0.000000,0,0
97,20,0.200000,0.000000,0,0,0.000000,0,0.000000,0.000000,0.000000,0,0
97,21,0.200000,0.100000,0,0,0.000000,0,0.000000,0.000000,0.000000,0,0
97,22,0.200000,0.200000,0,0,0.000000,0,0.000000,0.000000,0.000000,0,0
97,23,0.200000,0.300000,0,0,0.000000,0,0.000000,0.000000,0.000000,0,0
97,24,0.200000,0.400000,0,0,0.000000,0,0.000000,0.000000,0.000000,0,0
97,25,0.200000,0.500000,0,0,0.000000,0,0.000000,0.000000,0.000000,0,0
97,26,0.200000,0.600000,0,0,0.000000,0,0.000000,0.000000,0.000000,0,0
97,27,0.200000,0.700000,0,0,0.000000,0,0.000000,0.000000,0.000000,0,0
97,28,0.200000,0.800000,0,0,0.000000,0,0.000000,0.000000,0.000000,0,0
97,29,0.200000,0.900000,0,0,0.000000,0,0.000000,0.000000,0.000000,0,0
97,30,0.300000,0.000000,0,0,0.000000,0,0.000000,0.000000,0.000000,0,0
97,31,0.300000,0.100000,0,0,0.000000,0,0.000000,0.000000,0.000000,0,0
97,32,0.300000,0.200000,0,0,0.000000,0,0.000000,0.000000,0.000000,0,0
97,33,0.300000,0.300000,0,0,0.000000,0,0.000000,0.000000,0.000000,0,0
97,34,0.300000,0.400000,0,0,0.000000,0,0.000000,0.000000,0.000000,0,0
97,35,0.300000,0.500000,0,0,0.000000,0,0.000000,0.000000,0.000000,0,0
97,36,0.300000,0.600000,0,0,0.000000,0,0.000000,0.000000,0.000000,0,0
97,37,0.300000,0.700000,0,0,0.000000,0,0.000000,0.000000,0.000000,0,0
97,38,0.300000,0.800000,0,0,0.000000,0,0.000000,0.000000,0.000000,0,0
97,39,0.300000,0.900000,0,0,0.000000,0,0.000000,0.000000,0.000000,0,0
97,40,0.400000,0.000000,0,0,0.000000,0,0.000000,0.000000,0.000000,100,45
97,41,0.400000,0.100000,0,0,0.000000,0,0.000000,0.000000,0.000000,0,0
97,42,0.400000,0.200000,0,0,0.000000,0,0.000000,0.000000,0.000000,0,0
97,43,0.400000,0.300000,0,0,0.000000,0,0.000000,0.000000,0.000000,0,0
97,44,0.400000,0.400000,0,0,0.000000,0,0.000000,0.000000,0.000000,0,0
97,45,0.400000,0.500000,0,0,0.000000,0,0.000000,0.000000,0.000000,0,0
97,46,0.400000,0.600000,0,0,0.000000,0,0.000000,0.000000,0.000000,0,0
97,47,0.400000,0.700000,0,0,0.000000,0,0.000000,0.000000,0.000000,0,0
97,48,0.400000,0.800000,0,0,0.000000,0,0.000000,0.000000,0.000000,0,0
97,49,0.400000,0.900000,0,0,0.000000,0,0.000000,0.000000,0.000000,100,71
97,50,0.500000,0.000000,0,0,0.000000,0,0.000000,0.000000,0.000000,0,0
97,51,0.500000,0.100000,0,0,0.000000,0,0.000000,0.000000,0.000000,0,0
97,52,0.500000,0.200000,0,0,0.000000,0,0.000000,0.000000,0.000000,0,0
97,53,0.500000,0.300000,0,0,0.000000,0,0.000000,0.000000,0.000000,0,0
97,54,0.500000,0.400000,0,0,0.000000,0,0.000000,0.000000,0.000000,0,0
97,55,0.500000,0.500000,0,0,0.000000,0,0.000000,0.000000,0.000000,0,0
97,56,0.500000,0.600000,0,0,0.000000,0,0.000000,0.000000,0.000000,0,0
97,57,0.500000,0.700000,0,0,0.000000,0,0.000000,0.000000,0.000000,0,0
97,58,0.500000,0.800000,0,0,0.000000,0,0.000000,0.000000,0.000000,0,0
97,59,0.500000,0.900000,0,0,0.000000,0,0.000000,0.000000,0.000000,0,0
97,60,0.600000,0.000000,0,0,0.000000,0,0.000000,0.000000,0.000000,0,0
97,61,0.600000,0.100000,0,0,0.000000,0,0.000000,0.000000,0.000000,0,0
97,62,0.600000,0.200000,0,0,0.000000,0,0.000000,0.000000,0.000000,0,0
97,63,0.600000,0.300000,0,0,0.000000,0,0.000000,0.000000,0.000000,0,0
97,64,0.600000,0.400000,0,0,0.000000,0,0.000000,0.000000,0.000000,0,0
97,65,0.600000,0.500000,0,0,0.000000,0,0.000000,0.000000,0.000000,0,0
97,66,0.600000,0.600000,0,0,0.000000,0,0.000000,0.000000,0.000000,0,0
97,67,0.600000,0.700000,0,0,0.000000,0,0.000000,0.000000,0.000000,0,0
97,68,0.600000,0.800000,0,0,0.000000,0,0.000000,0.000000,0.000000,0,0
97,69,0.600000,0.900000,0,0,0.000000,0,0.000000,0.000000,0.000000,0,0
97,70,0.700000,0.000000,0,0,0.000000,0,0.000000,0.000000,0.000000,0,0
97,71,0.700000,0.100000,0,0,0.000000,0,0.000000,0.000000,0.000000,0,0
97,72,0.700000,0.200000,0,0,0.000000,0,0.000000,0.000000,0.000000,0,0
97,73,0.700000,0.300000,0,0,0.000000,0,0.000000,0.000000,0.000000,0,0
97,74,0.700000,0.400000,0,0,0.000000,0,0.000000,0.000000,0.000000,0,0
97,75,0.700000,0.500000,0,0,0.000000,0,0.000000,0.000000,0.000000,0,0
97,76,0.700000,0.600000,0,0,0.000000,0,0.000000,0.000000,0.000000,0,0
97,77,0.700000,0.700000,0,0,0.000000,0,0.000000,0.000000,0.000000,0,0
97,78,0.700000,0.800000,0,0,0.000000,0,0.000000,0.000000,0.000000,0,0
97,79,0.700000,0.900000,0,0,0.000000,0,0.000000,0.000000,0.000000,0,0
97,80,0.800000,0.000000,0,0,0.000000,0,0.000000,0.000000,0.000000,0,0
97,81,0.800000,0.100000,0,0,0.000000,0,0.000000,0.000000,0.000000,0,0
97,82,0.800000,0.200000,0,0,0.000000,0,0.000000,0.000000,0.000000,0,0
97,83,0.800000,0.300000,0,0,0.000000,0,0.000000,0.000000,0.000000,0,0
97,84,0.800000,0.400000,0,0,0.000000,0,0.000000,0.000000,0.000000,0,0
97,85,0.800000,0.500000,0,0,0.000000,0,0.000000,0.000000,0.000000,0,0
97,86,0.800000,0.600000,0,0,0.000000,0,0.000000,0.000000,0.000000,0,0
97,87,0.800000,0.700000,0,0,0.000000,0,0.000000,0.000000,0.000000,0,0
97,88,0.800000,0.800000,0,0,0.000000,0,0.000000,0.000000,0.000000,0,0
97,89,0.800000,0.900000,0,0,0.000000,0,0.000000,0.000000,0.000000,0,0
97,90,0.900000,0.000000,0,0,0.000000,0,0.000000,0.000000,0.000000,0,0
97,91,0.900000,0.100000,0,0,0.000000,0,0.000000,0.000000,0.000000,0,0
97,92,0.900000,0.200000,0,0,0.000000,0,0.000000,0.000000,0.000000,0,0
97,93,0.900000,0.300000,0,0,0.000000,0,0.000000,0.000000,0.000000,0,0
97,94,0.900000,0.400000,0,0,0.000000,0,0.000000,0.000000,0.000000,0,0
97,95,0.900000,0.500000,0,0,0.000000,0,0.000000,0.000000,0.000000,0,0
97,96,0.900000,0.600000,0,0,0.000000,0,0.000000,0.000000,0.000000,0,0
97,97,0.900000,0.700000,0,0,0.000000,0,0.000000,0.000000,0.000000,0,0
97,98,0.900000,0.800000,0,0,0.000000,0,0.000000,0.000000,0.000000,0,0
97,99,0.900000,0.900000,0,53,0.000000,53,53.844483,5.384448,2899.228329,100,1
98,0,0.000000,0.000000,0,74,0.000000,74,74.414012,7.441401,5537.445255,100,1
98,1,0.000000,0.100000,0,0,0.000000,0,0.000000,0.000000,0.000000,0,0
98,2,0.000000,0.200000,0,0,0.000000,0,0.000000,0.000000,0.000000,0,0
98,3,0.000000,0.300000,0,0,0.000000,0,0.000000,0.000000,0.000000,0,0
98,4,0.000000,0.400000,0,0,0.000000,0,0.000000,0.000000,0.000000,0,0
98,5,0.000000,0.500000,0,0,0.000000,0,0.000000,0.000000,0.000000,0,0
98,6,0.000000,0.600000,0,0,0.000000,0,0.000000,0.000000,0.000000,0,0
98,7,0.000000,0.700000,0,0,0.000000,0,0.000000,0.000000,0.000000,0,0
98,8,0.000000,0.800000,0,0,0.000000,0,0.000000,0.000000,0.000000,0,0
98,9,0.000000,0.900000,0,74,0.000000,74,74.412038,7.441204,5537.151419,100,1
98,10,0.100000,0.000000,0,0,0.000000,0,0.000000,0.000000,0.000000,0,0
98,11,0.100000,0.100000,0,0,0.000000,0,0.000000,0.000000,0.000000,0,0
98,12,0.100000,0.200000,0,0,0.000000,0,0.000000,0.000000,0.000000,0,0
98,13,0.100000,0.300000,0,0,0.000000,0,0.000000,0.000000,0.000000,0,0
98,14,0.100000,0.400000,0,0,0.000000,0,0.000000,0.000000,0.000000,0,0
98,15,0.100000,0.500000,0,0,0.000000,0,0.000000,0.000000,0.000000,0,0
98,16,0.100000,0.600000,0,0,0.000000,0,0.000000,0.000000,0.000000,0,0
98,17,0.100000,0.700000,0,0,0.000000,0,0.000000,0.000000,0.000000,0,0
98,18,0.100000,0.800000,0,0,0.000000,0,0.000000,0.000000,0.000000,0,0
98,19,0.100000,0.900000,0,0,0.000000,0,0.000000,0.000000,0.000000,0,0
98,20,0.200000,0.000000,0,0,0.000000,0,0.000000,0.000000,0.000000,0,0
98,21,0.200000,0.100000,0,0,0.000000,0,0.000000,0.000000,0.000000,0,0
98,22,0.200000,0.200000,0,0,0.000000,0,0.000000,0.000000,0.000000,0,0
98,23,0.200000,0.300000,0,0,0.000000,0,0.000000,0.000000,0.000000,0,0
98,24,0.200000,0.400000,0,0,0.000000,0,0.000000,0.000000,0.000000,0,0
98,25,0.200000,0.500000,0,0,0.000000,0,0.000000,0.000000,0.000000,0,0
98,26,0.200000,0.600000,0,0,0.000000,0,0.000000,0.000000,0.000000,0,0
98,27,0.200000,0.700000,0,0,0.000000,0,0.000000,0.000000,0.000000,0,0
98,28,0.200000,0.800000,0,0,0.000000,0,0.000000,0.000000,0.000000,0,0
98,29,0.200000,0.900000,0,0,0.000000,0,0.000000,0.000000,0.000000,0,0
98,30,0.300000,0.000000,0,0,0.000000,0,0.000000,0.000000,0.000000,0,0
98,31,0.300000,0.100000,0,0,0.000000,0,0.000000,0.000000,0.000000,0,0
98,32,0.300000,0.200000,0,0,0.000000,0,0.000000,0.000000,0.000000,0,0
98,33,0.300000,0.300000,0,0,0.000000,0,0.000000,0.000000,0.000000,0,0
98,34,0.300000,0.400000,0,0,0.000000,0,0.000000,0.000000,0.000000,0,0
98,35,0.300000,0.500000,0,0,0.000000,0,0.000000,0.000000,0.000000,0,0
98,36,0.300000,0.600000,0,0,0.000000,0,0.000000,0.000000,0.000000,0,0
98,37,0.300000,0.700000,0,0,0.000000,0,0.000000,0.000000,0.000000,0,0
98,38,0.300000,0.800000,0,0,0.000000,0,0.000000,0.000000,0.000000,0,0
98,39,0.300000,0.900000,0,0,0.000000,0,0.000000,0.000000,0.000000,0,0
98,40,0.400000,0.000000,0,0,0.000000,0,0.000000,0.000000,0.000000,100,45
98,41,0.400000,0.100000,0,0,0.000000,0,0.000000,0.000000,0.000000,0,0
98,42,0.400000,0.200000,0,0,0.000000,0,0.000000,0.000000,0.000000,0,0
98,43,0.400000,0.300000,0,0,0.000000,0,0.000000,0.000000,0.000000,0,0
98,44,0.400000,0.400000,0,0,0.000000,0,0.000000,0.000000,0.000000,0,0
98,45,0.400000,0.500000,0,0,0.000000,0,0.000000,0.000000,0.000000,0,0
98,46,0.400000,0.600000,0,0,0.000000,0,0.000000,0.000000,0.000000,0,0
98,47,0.400000,0.700000,0,0,0.000000,0,0.000000,0.000000,0.000000,0,0
98,48,0.400000,0.800000,0,0,0.000000,0,0.000000,0.000000,0.000000,0,0
98,49,0.400000,0.900000,0,0,0.000000,0,0.000000,0.000000,0.000000,100,71
98,50,0.500000,0.000000,0,0,0.000000,0,0.000000,0.000000,0.000000,0,0
98,51,0.500000,0.100000,0,0,0.000000,0,0.000000,0.000000,0.000000,0,0
98,52,0.500000,0.200000,0,0,0.000000,0,0.000000,0.000000,0.000000,0,0
98,53,0.500000,0.300000,0,0,0.000000,0,0.000000,0.000000,0.000000,0,0
98,54,0.500000,0.400000,0,0,0.000000,0,0.000000,0.000000,0.000000,0,0
98,55,0.500000,0.500000,0,0,0.000000,0,0.000000,0.000000,0.000000,0,0
98,56,0.500000,0.600000,0,0,0.000000,0,0.000000,0.000000,0.000000,0,0
98,57,0.500000,0.700000,0,0,0.000000,0,0.000000,0.000000,0.000000,0,0
98,58,0.500000,0.800000,0,0,0.000000,0,0.000000,0.000000,0.000000,0,0
98,59,0.500000,0.900000,0,0,0.000000,0,0.000000,0.000000,0.000000,0,0
98,60,0.600000,0.000000,0,0,0.000000,0,0.000000,0.000000,0.000000,0,0
98,61,0.600000,0.100000,0,0,0.000000,0,0.000000,0.000000,0.000000,0,0
98,62,0.600000,0.200000,0,0,0.000000,0,0.000000,0.000000,0.000000,0,0
98,63,0.600000,0.300000,0,0,0.000000,0,0.000000,0.000000,0.000000,0,0
98,64,0.600000,0.400000,0,0,0.000000,0,0.000000,0.000000,0.000000,0,0
98,65,0.600000,0.500000,0,0,0.000000,0,0.000000,0.000000,0.000000,0,0
98,66,0.600000,0.600000,0,0,0.000000,0,0.000000,0.000000,0.000000,0,0
98,67,0.600000,0.700000,0,0,0.000000,0,0.000000,0.000000,0.000000,0,0
98,68,0.600000,0.800000,0,0,0.000000,0,0.000000,0.000000,0.000000,0,0
98,69,0.600000,0.900000,0,0,0.000000,0,0.000000,0.000000,0.000000,0,0
98,70,0.700000,0.000000,0,0,0.000000,0,0.000000,0.000000,0.000000,0,0
98,71,0.700000,0.100000,0,0,0.000000,0,0.000000,0.000000,0.000000,0,0
98,72,0.700000,0.200000,0,0,0.000000,0,0.000000,0.000000,0.000000,0,0
98,73,0.700000,0.300000,0,0,0.000000,0,0.000000,0.000000,0.000000,0,0
98,74,0.700000,0.400000,0,0,0.000000,0,0.000000,0.000000,0.000000,0,0
98,75,0.700000,0.500000,0,0,0.000000,0,0.000000,0.000000,0.000000,0,0
98,76,0.700000,0.600000,0,0,0.000000,0,0.000000,0.000000,0.000000,0,0
98,77,0.700000,0.700000,0,0,0.000000,0,0.000000,0.000000,0.000000,0,0
98,78,0.700000,0.800000,0,0,0.000000,0,0.000000,0.000000,0.000000,0,0
98,79,0.700000,0.900000,0,0,0.000000,0,0.000000,0.000000,0.000000,0,0
98,80,0.800000,0.000000,0,0,0.000000,0,0.000000,0.000000,0.000000,0,0
98,81,0.800000,0.100000,0,0,0.000000,0,0.000000,0.000000,0.000000,0,0
98,82,0.800000,0.200000,0,0,0.000000,0,0.000000,0.000000,0.000000,0,0
98,83,0.800000,0.300000,0,0,0.000000,0,0.000000,0.000000,0.000000,0,0
98,84,0.800000,0.400000,0,0,0.000000,0,0.000000,0.000000,0.000000,0,0
98,85,0.800000,0.500000,0,0,0.000000,0,0.000000,0.000000,0.000000,0,0
98,86,0.800000,0.600000,0,0,0.000000,0,0.000000,0.000000,0.000000,0,0
98,87,0.800000,0.700000,0,0,0.000000,0,0.000000,0.000000,0.000000,0,0
98,88,0.800000,0.800000,0,0,0.000000,0,0.000000,0.000000,0.000000,0,0
98,89,0.800000,0.900000,0,0,0.000000,0,0.000000,0.000000,0.000000,0,0
98,90,0.900000,0.000000,0,0,0.000000,0,0.000000,0.000000,0.000000,0,0
98,91,0.900000,0.100000,0,0,0.000000,0,0.000000,0.000000,0.000000,0,0
98,92,0.900000,0.200000,0,0,0.000000,0,0.000000,0.000000,0.000000,0,0
98,93,0.900000,0.300000,0,0,0.000000,0,0.000000,0.000000,0.000000,0,0
98,94,0.900000,0.400000,0,0,0.000000,0,0.000000,0.000000,0.000000,0,0
98,95,0.900000,0.500000,0,0,0.000000,0,0.000000,0.000000,0.000000,0,0
98,96,0.900000,0.600000,0,0,0.000000,0,0.000000,0.000000,0.000000,0,0
98,97,0.900000,0.700000,0,0,0.000000,0,0.000000,0.000000,0.000000,0,0
98,98,0.900000,0.800000,0,0,0.000000,0,0.000000,0.000000,0.000000,0,0
98,99,0.900000,0.900000,0,53,0.000000,53,53.844483,5.384448,2899.228329,100,1
99,0,0.000000,0.000000,0,74,0.000000,74,74.414012,7.441401,5537.445255,100,1
99,1,0.000000,0.100000,0,0,0.000000,0,0.000000,0.000000,0.000000,0,0
99,2,0.000000,0.200000,0,0,0.000000,0,0.000000,0.000000,0.000000,0,0
99,3,0.000000,0.300000,0,0,0.000000,0,0.000000,0.000000,0.000000,0,0
99,4,0.000000,0.400000,0,0,0.000000,0,0.000000,0.000000,0.000000,0,0
99,5,0.000000,0.500000,0,0,0.000000,0,0.000000,0.000000,0.000000,0,0
99,6,0.000000,0.600000,0,0,0.000000,0,0.000000,0.000000,0.000000,0,0
99,7,0.000000,0.700000,0,0,0.000000,0,0.000000,0.000000,0.000000,0,0
99,8,0.000000,0.800000,0,0,0.000000,0,0.000000,0.000000,0.000000,0,0
99,9,0.000000,0.900000,0,74,0.000000,74,74.412038,7.441204,5537.151419,100,1
99,10,0.100000,0.000000,0,0,0.000000,0,0.000000,0.000000,0.000000,0,0
99,11,0.100000,0.100000,0,0,0.000000,0,0.000000,0.000000,0.000000,0,0
99,12,0.100000,0.200000,0,0,0.000000,0,0.000000,0.000000,0.000000,0,0
99,13,0.100000,0.300000,0,0,0.000000,0,0.000000,0.000000,0.000000,0,0
99,14,0.100000,0.400000,0,0,0.000000,0,0.000000,0.000000,0.000000,0,0
99,15,0.100000,0.500000,0,0,0.000000,0,0.000000,0.000000,0.000000,0,0
99,16,0.100000,0.600000,0,0,0.000000,0,0.000000,0.000000,0.000000,0,0
99,17,0.100000,0.700000,0,0,0.000000,0,0.000000,0.000000,0.000000,0,0
99,18,0.100000,0.800000,0,0,0.000000,0,0.000000,0.000000,0.000000,0,0
99,19,0.100000,0.900000,0,0,0.000000,0,0.000000,0.000000,0.000000,0,0
99,20,0.200000,0.000000,0,0,0.000000,0,0.000000,0.000000,0.000000,0,0
99,21,0.200000,0.100000,0,0,0.000000,0,0.000000,0.000000,0.000000,0,0
99,22,0.200000,0.200000,0,0,0.000000,0,0.000000,0.000000,0.000000,0,0
99,23,0.200000,0.300000,0,0,0.000000,0,0.000000,0.000000,0.000000,0,0
99,24,0.200000,0.400000,0,0,0.000000,0,0.000000,0.000000,0.000000,0,0
99,25,0.200000,0.500000,0,0,0.000000,0,0.000000,0.000000,0.000000,0,0
99,26,0.200000,0.600000,0,0,0.000000,0,0.000000,0.000000,0.000000,0,0
99,27,0.200000,0.700000,0,0,0.000000,0,0.000000,0.000000,0.000000,0,0
99,28,0.200000,0.800000,0,0,0.000000,0,0.000000,0.000000,0.000000,0,0
99,29,0.200000,0.900000,0,0,0.000000,0,0.000000,0.000000,0.000000,0,0
99,30,0.300000,0.000000,0,0,0.000000,0,0.000000,0.000000,0.000000,0,0
99,31,0.300000,0.100000,0,0,0.000000,0,0.000000,0.000000,0.000000,0,0
99,32,0.300000,0.200000,0,0,0.000000,0,0.000000,0.000000,0.000000,0,0
99,33,0.300000,0.300000,0,0,0.000000,0,0.000000,0.000000,0.000000,0,0
99,34,0.300000,0.400000,0,0,0.000000,0,0.000000,0.000000,0.000000,0,0
99,35,0.300000,0.500000,0,0,0.000000,0,0.000000,0.000000,0.000000,0,0
99,36,0.300000,0.600000,0,0,0.000000,0,0.000000,0.000000,0.000000,0,0
99,37,0.300000,0.700000,0,0,0.000000,0,0.000000,0.000000,0.000000,0,0
99,38,0.300000,0.800000,0,0,0.000000,0,0.000000,0.000000,0.000000,0,0
99,39,0.300000,0.900000,0,0,0.000000,0,0.000000,0.000000,0.000000,0,0
99,40,0.400000,0.000000,0,0,0.000000,0,0.000000,0.000000,0.000000,100,45
99,41,0.400000,0.100000,0,0,0.000000,0,0.000000,0.000000,0.000000,0,0
99,42,0.400000,0.200000,0,0,0.000000,0,0.000000,0.000000,0.000000,0,0
99,43,0.400000,0.300000,0,0,0.000000,0,0.000000,0.000000,0.000000,0,0
99,44,0.400000,0.400000,0,0,0.000000,0,0.000000,0.000000,0.000000,0,0
99,45,0.400000,0.500000,0,0,0.000000,0,0.000000,0.000000,0.000000,0,0
99,46,0.400000,0.600000,0,0,0.000000,0,0.000000,0.000000,0.000000,0,0
99,47,0.400000,0.700000,0,0,0.000000,0,0.000000,0.000000,0.000000,0,0
99,48,0.400000,0.800000,0,0,0.000000,0,0.000000,0.000000,0.000000,0,0
99,49,0.400000,0.900000,0,0,0.000000,0,0.000000,0.000000,0.000000,100,71
99,50,0.500000,0.000000,0,0,0.000000,0,0.000000,0.000000,0.000000,0,0
99,51,0.500000,0.100000,0,0,0.000000,0,0.000000,0.000000,0.000000,0,0
99,52,0.500000,0.200000,0,0,0.000000,0,0.000000,0.000000,0.000000,0,0
99,53,0.500000,0.300000,0,0,0.000000,0,0.000000,0.000000,0.000000,0,0
99,54,0.500000,0.400000,0,0,0.000000,0,0.000000,0.000000,0.000000,0,0
99,55,0.500000,0.500000,0,0,0.000000,0,0.000000,0.000000,0.000000,0,0
99,56,0.500000,0.600000,0,0,0.000000,0,0.000000,0.000000,0.000000,0,0
99,57,0.500000,0.700000,0,0,0.000000,0,0.000000,0.000000,0.000000,0,0
99,58,0.500000,0.800000,0,0,0.000000,0,0.000000,0.000000,0.000000,0,0
99,59,0.500000,0.900000,0,0,0.000000,0,0.000000,0.000000,0.000000,0,0
99,60,0.600000,0.000000,0,0,0.000000,0,0.000000,0.000000,0.000000,0,0
99,61,0.600000,0.100000,0,0,0.000000,0,0.000000,0.000000,0.000000,0,0
99,62,0.600000,0.200000,0,0,0.000000,0,0.000000,0.000000,0.000000,0,0
99,63,0.600000,0.300000,0,0,0.000000,0,0.000000,0.000000,0.000000,0,0
99,64,0.600000,0.400000,0,0,0.000000,0,0.000000,0.000000,0.000000,0,0
99,65,0.600000,0.500000,0,0,0.000000,0,0.000000,0.000000,0.000000,0,0
99,66,0.600000,0.600000,0,0,0.000000,0,0.000000,0.000000,0.000000,0,0
99,67,0.600000,0.700000,0,0,0.000000,0,0.000000,0.000000,0.000000,0,0
99,68,0.600000,0.800000,0,0,0.000000,0,0.000000,0.000000,0.000000,0,0
99,69,0.600000,0.900000,0,0,0.000000,0,0.000000,0.000000,0.000000,0,0
99,70,0.700000,0.000000,0,0,0.000000,0,0.000000,0.000000,0.000000,0,0
99,71,0.700000,0.100000,0,0,0.000000,0,0.000000,0.000000,0.000000,0,0
99,72,0.700000,0.200000,0,0,0.000000,0,0.000000,0.000000,0.000000,0,0
99,73,0.700000,0.300000,0,0,0.000000,0,0.000000,0.000000,0.000000,0,0
99,74,0.700000,0.400000,0,0,0.000000,0,0.000000,0.000000,0.000000,0,0
99,75,0.700000,0.500000,0,0,0.000000,0,0.000000,0.000000,0.000000,0,0
99,76,0.700000,0.600000,0,0,0.000000,0,0.000000,0.000000,0.000000,0,0
99,77,0.700000,0.700000,0,0,0.000000,0,0.000000,0.000000,0.000000,0,0
99,78,0.700000,0.800000,0,0,0.000000,0,0.000000,0.000000,0.000000,0,0
99,79,0.700000,0.900000,0,0,0.000000,0,0.000000,0.000000,0.000000,0,0
99,80,0.800000,0.000000,0,0,0.000000,0,0.000000,0.000000,0.000000,0,0
99,81,0.800000,0.100000,0,0,0.000000,0,0.000000,0.000000,0.000000,0,0
99,82,0.800000,0.200000,0,0,0.000000,0,0.000000,0.000000,0.000000,0,0
99,83,0.800000,0.300000,0,0,0.000000,0,0.000000,0.000000,0.000000,0,0
99,84,0.800000,0.400000,0,0,0.000000,0,0.000000,0.000000,0.000000,0,0
99,85,0.800000,0.500000,0,0,0.000000,0,0.000000,0.000000,0.000000,0,0
99,86,0.800000,0.600000,0,0,0.000000,0,0.000000,0.000000,0.000000,0,0
99,87,0.800000,0.700000,0,0,0.000000,0,0.000000,0.000000,0.000000,0,0
99,88,0.800000,0.800000,0,0,0.000000,0,0.000000,0.000000,0.000000,0,0
99,89,0.800000,0.900000,0,0,0.000000,0,0.000000,0.000000,0.000000,0,0
99,90,0.900000,0.000000,0,0,0.000000,0,0.000000,0.000000,0.000000,0,0
99,91,0.900000,0.100000,0,0,0.000000,0,0.000000,0.000000,0.000000,0,0
99,92,0.900000,0.200000,0,0,0.000000,0,0.000000,0.000000,0.000000,0,0
99,93,0.900000,0.300000,0,0,0.000000,0,0.000000,0.000000,0.000000,0,0
99,94,0.900000,0.400000,0,0,0.000000,0,0.000000,0.000000,0.000000,0,0
99,95,0.900000,0.500000,0,0,0.000000,0,0.000000,0.000000,0.000000,0,0
99,96,0.900000,0.600000,0,0,0.000000,0,0.000000,0.000000,0.000000,0,0
99,97,0.900000,0.700000,0,0,0.000000,0,0.000000,0.000000,0.000000,0,0
99,98,0.900000,0.800000,0,0,0.000000,0,0.000000,0.000000,0.000000,0,0
99,99,0.900000,0.900000,0,53,0.000000,53,53.844483,5.384448,2899.228329,100,1
